10
306860 0 1000000 52983
0 399956 1000000 771565
1000000 486633 205922 1000000
0 513414 313805 0
536198 0 1000000 903758
0 407919 1000000 527220
0 685063 1000000 26851
503212 0 426046 1000000
0 10010 1000000 54475
226147 0 1000000 902828
100
23844 122159
23865 122105
23879 122133
23816 122127
23875 122110
23802 122106
23792 122128
23853 122133
23810 122082
23873 122122
11514 265951
11532 265939
11512 265925
11530 265925
11526 265935
11595 265989
11539 265977
11562 265945
11530 265962
11549 266010
657471 689907
657517 689883
657527 689888
657500 689937
657482 689891
657468 689941
657534 689914
657462 689901
657486 689927
657455 689887
679651 470177
679597 470174
679619 470201
679624 470139
679669 470130
679673 470167
679616 470153
679669 470115
679676 470167
679618 470175
357222 955471
357225 955444
357253 955414
357249 955438
357313 955496
357232 955412
357270 955400
357266 955466
357314 955445
357264 955485
474522 853713
474450 853698
474483 853692
474517 853717
474516 853660
474490 853695
474520 853661
474496 853719
474521 853642
474537 853675
690480 620792
690493 620805
690502 620865
690560 620832
690514 620794
690533 620822
690553 620858
690574 620865
690492 620833
690558 620815
300488 459649
300499 459666
300526 459665
300487 459692
300500 459688
300528 459633
300492 459687
300558 459652
300547 459639
300485 459629
290598 829738
290560 829688
290555 829698
290597 829744
290559 829680
290613 829738
290591 829744
290615 829751
290556 829680
290604 829721
377381 449664
377354 449667
377341 449661
377346 449647
377304 449712
377372 449654
377380 449720
377330 449706
377369 449682
377370 449686
