20
280327 0 570562 1000000
0 749400 490712 0
0 508606 1000000 194532
0 58836 532767 0
0 441545 1000000 627328
0 877784 722105 0
0 482168 1000000 912726
0 101403 1000000 667096
0 828201 1000000 556364
784648 0 675840 1000000
1000000 176587 996319 1000000
763344 0 221889 1000000
1000000 342406 373403 1000000
0 278402 272000 1000000
0 690051 343640 0
0 94218 20984 1000000
573246 0 1000000 865457
258298 0 767696 1000000
0 151353 393853 1000000
639972 0 702864 1000000
100
213842 148838
213858 148853
213820 148790
213897 148864
213878 148808
213907 148779
213865 148789
213827 148860
213824 148867
213864 148819
337118 766085
337180 766041
337115 766074
337150 766118
337169 766098
337171 766048
337143 766115
337111 766030
337132 766091
337111 766056
724939 551364
724930 551371
724947 551398
724920 551388
724944 551377
724905 551431
724861 551402
724867 551418
724906 551400
724941 551430
611742 905553
611795 905640
611757 905642
611749 905608
611812 905626
611762 905609
611740 905602
611808 905637
611796 905598
611767 905583
122274 912391
122212 912356
122203 912324
122239 912366
122184 912315
122197 912390
122248 912369
122262 912365
122234 912344
122252 912323
567020 759672
567049 759662
567023 759641
566998 759714
567028 759663
567049 759723
566991 759660
567050 759719
567065 759669
567002 759639
281028 440572
281029 440595
281030 440565
281099 440548
281114 440522
281113 440528
281113 440549
281079 440603
281101 440569
281117 440521
402435 304382
402449 304460
402473 304460
402441 304399
402500 304378
402428 304428
402488 304436
402484 304443
402508 304368
402469 304461
917474 671541
917436 671566
917397 671525
917436 671520
917465 671560
917397 671604
917459 671532
917424 671524
917475 671536
917466 671577
822747 172092
822738 172049
822711 172088
822684 172059
822742 172069
822654 172052
822740 172030
822730 172008
822685 172005
822726 172057
