20
816076 0 775868 1000000
0 29126 162195 0
607379 0 489979 1000000
1000000 998691 169624 1000000
0 769209 1000000 646807
0 609879 225412 1000000
503701 0 1000000 517576
0 52642 1000000 160988
0 272579 1000000 145514
1000000 337144 94533 1000000
0 800314 80491 0
0 251604 328193 0
143245 0 227990 1000000
312374 0 1000000 554002
1000000 152438 977290 1000000
0 721139 948444 0
0 233545 1000000 432479
0 611514 678639 0
0 296592 266714 0
0 916317 1000000 417996
100
157308 654282
157242 654269
157315 654292
157297 654315
157331 654263
157285 654298
157276 654296
157260 654347
157318 654279
157316 654337
730748 28328
730756 28248
730793 28272
730746 28239
730751 28280
730809 28285
730831 28244
730793 28314
730828 28250
730748 28295
47004 816761
47021 816742
46991 816776
47023 816702
46996 816694
46958 816728
46974 816775
47005 816702
47040 816725
46972 816717
743711 933360
743666 933331
743669 933320
743739 933364
743739 933327
743738 933278
743690 933360
743679 933297
743726 933315
743746 933281
232512 904403
232542 904407
232534 904370
232494 904438
232524 904365
232545 904372
232516 904434
232514 904435
232511 904445
232576 904444
525678 466475
525713 466464
525690 466499
525761 466434
525748 466518
525674 466461
525716 466489
525764 466436
525695 466490
525754 466515
762124 945259
762104 945320
762042 945257
762034 945313
762122 945338
762086 945326
762078 945294
762052 945313
762117 945287
762128 945267
161610 291389
161683 291369
161611 291369
161682 291420
161687 291407
161605 291412
161676 291347
161607 291396
161655 291404
161670 291406
426135 364896
426094 364970
426142 364943
426094 364922
426097 364918
426115 364966
426126 364907
426117 364903
426082 364980
426107 364956
159648 334205
159732 334260
159709 334273
159686 334266
159643 334212
159710 334270
159696 334268
159726 334251
159638 334226
159692 334251
