10
132644 0 605878 1000000
490939 0 53550 1000000
556068 0 1000000 481207
1000000 408222 873117 1000000
796461 0 624516 1000000
0 367216 1000000 645013
730762 0 126076 1000000
0 606028 818629 1000000
92851 0 949745 1000000
0 62420 1000000 534019
100
224622 583044
224633 582995
224558 582993
224594 582972
224585 582968
224593 582958
224607 583050
224614 582994
224569 582989
224563 583032
846560 733237
846514 733239
846507 733222
846492 733229
846553 733206
846561 733161
846519 733164
846487 733222
846493 733164
846530 733248
749542 65423
749511 65367
749498 65369
749492 65337
749543 65380
749529 65346
749574 65376
749568 65346
749560 65405
749531 65399
206111 872672
206082 872659
206063 872661
206071 872692
206133 872651
206066 872654
206096 872739
206065 872668
206078 872695
206066 872675
349531 474603
349576 474614
349549 474571
349526 474553
349578 474633
349573 474579
349508 474633
349486 474552
349531 474543
349487 474618
568558 172322
568523 172325
568589 172368
568614 172287
568526 172365
568588 172275
568564 172299
568576 172353
568587 172295
568528 172369
209310 872610
209311 872547
209322 872581
209264 872589
209284 872541
209308 872591
209251 872633
209266 872621
209269 872616
209303 872589
448454 669985
448475 670028
448419 669990
448476 669951
448439 670007
448484 670013
448484 669995
448502 669958
448425 669989
448476 670010
171627 447108
171633 447081
171606 447066
171654 447142
171662 447061
171657 447110
171628 447060
171593 447057
171615 447058
171644 447126
170703 411151
170763 411192
170741 411173
170733 411109
170757 411172
170778 411204
170729 411206
170773 411193
170780 411203
170721 411177
