1388
0.47 0.46 0.04
0.2 1 0.96
0.2 0.66 0.11
0.2 0.2 0.01
0.77 0.01 0.46
0.73 0.52 0.92
0.68 0.57 0.42
0.41 0.59 0.93
0.34 0.17 0.84
0.44 0.86 0.99
0.3 0.81 0.9
0.83 0.26 0.6
0.98 0.92 0.03
0.99 0.41 0.17
0.26 0 0.3
0.97 0.51 0.15
0.95 0.46 0.66
0.05 0.51 0.14
0.87 0.49 0.24
0.89 0.35 0.17
0.56 0.33 0.73
0.53 0.48 0.06
0.25 0.34 0.25
0.18 0.84 0.95
0.81 0.77 0.99
0.35 0.05 0.1
0.78 0.67 0.74
0.72 0.22 0.56
0.57 0.09 0.1
0.97 0.37 0.13
0.48 0.44 0.38
0.09 0.3 0.13
0.56 0.78 0.57
0.97 0.58 0.37
0.57 0.62 0.54
0.9 0.65 0.95
0.1 0.92 0.07
0.65 0.4 0.6
0.9 0.06 0.78
0.96 0.15 0.06
0.8 0.03 0.19
0.15 0.33 0.86
0.5 0.52 0.05
0.09 0.23 0.65
0.27 0.37 0.85
0.79 0.31 0.66
0.25 0.37 0.6
0.75 0.51 0.28
0.26 0.73 0.87
0.59 0.92 0.39
0.2 0.26 0.7
0.24 0.84 0.11
0.12 0.39 0.93
0.83 0.13 0.08
0.71 0.63 0.01
0.17 0.94 1
0.52 0.03 0.7
0.35 0.08 0.9
0.41 0.76 0.67
0.38 0.83 0.6
0.85 0.85 0.75
0.29 0.52 0.49
0.63 0.18 0.34
0.68 0.63 0.34
0.56 0.81 0.68
0.39 0.82 0.25
0.02 0.72 0.23
0.71 0.22 0.68
0.41 0.3 0.35
0.44 0.78 0.44
0.7 0.09 0.21
0.32 0.37 0.64
0.75 0.44 0.16
0.62 0.06 0.17
0.69 0.58 0.81
0.45 0.99 0.86
0.56 0.14 0.54
0.08 0.19 0.69
0.26 0.11 0.19
0.26 0.07 0.21
0.47 0.78 0.93
0.77 0.63 0.15
0.22 0.72 0.83
0.3 0.39 0.4
0.84 0.43 0.73
0.22 0.22 0.15
0.83 0.34 0
0.47 0.66 0.27
0.07 0.84 0.19
0.86 0.31 0.89
0.86 0.97 1
0.55 0.41 0.82
0.62 0.73 0.25
0.22 0.43 0.19
0.96 0.91 0.2
0.39 0.46 0.01
0.36 0.2 0.11
0.08 0.45 0.35
0.21 0.27 0.56
0.58 0.08 0.02
0.42 0.92 0.24
0.71 0.37 0.57
0.15 0.77 0.71
0.08 0.8 0.95
0.01 0.78 0.15
0.74 0.23 0.45
0.13 0.19 0.33
0.41 0.26 0.77
0.94 0.35 0.05
0.86 0.52 0.56
0.13 0.91 0.34
0.62 0.44 0.89
0.1 0.51 0.21
0.54 0.17 0.17
0.41 0.86 0.7
0.78 0.38 0.84
0.38 0.44 0.61
0.97 0.97 0.46
0.13 0.04 0.95
0.36 0.88 0.98
0.02 0.58 0.14
0.19 0.44 0.39
1 0.52 0.26
0.74 0.91 0.4
0.13 0.19 0.87
0.45 0.7 0.22
0.26 0.18 0.06
0.94 0.66 0.65
0.69 0.22 0.2
0.32 0.75 1
0.63 0.52 1
0.12 0.88 0.12
0.88 0.83 0.21
0.62 0.18 0.77
0.37 0.23 0.77
0.61 0.78 0.65
0.69 0.45 0.58
0.95 0.53 0.91
0.81 0.48 0.12
0.6 0.2 0.91
0.99 0.04 0.52
0.8 0.72 0.02
0.63 0 0.55
0.58 0.12 0.91
0.49 0.52 0.1
0.2 0.39 0.02
0.7 0.12 0.97
0.18 0.62 0.14
0.02 0.48 0.44
0.03 0.99 0.21
0.35 0.13 0.39
0.11 0.65 0.1
0.85 0.24 0.81
0.17 0.43 0.09
0.19 0.98 0.05
0.7 0.94 0.38
0.12 0.19 0.89
0.55 0.33 0.57
0.15 0.2 0.86
0.38 0.7 0.97
0.93 0.13 0.07
0.31 0.73 0.31
0.33 0.15 0.94
0.66 0.94 0.39
0 0.36 0.65
0.39 0.06 0.57
0.85 0.12 0.4
0.44 0.94 0.21
0.96 0.03 0.53
0.74 0.85 0.02
0.7 0.04 0.86
0.79 0.17 0.98
0.27 0.81 0.26
0.61 0.1 0.77
0.87 0.6 0.11
0.19 0.53 0.81
0.66 0.89 0.27
0.19 0.08 0.28
0.28 0.49 0.33
0.77 0.41 0.75
0.05 0.69 0.54
0.55 0.78 0.85
0.7 0.67 0
0.26 0.78 0.58
0.16 0.86 0.71
0.41 0.26 0.25
0.75 0.4 1
0.45 0.08 0.67
0.05 0.34 0.28
0.81 0.49 0.59
0.25 0.92 0.71
0.24 0.94 0.75
0.28 0.92 0.34
0.93 0.37 0.13
0.23 0.22 0.25
0.77 0.87 0.25
0.04 0.23 0.27
0.35 0.86 1
0.53 0.97 0.05
0.89 0.66 0.9
0.97 0.55 0.84
0.41 0.13 0.52
0.6 0.38 0.09
0.54 0.24 0.25
0.31 0.88 1
0.47 0.67 0.79
0.33 0.45 0.06
0.47 0.54 0.8
0.44 0.8 0.37
0.53 0.82 0.04
0.5 0.21 0.82
0.89 0.74 0.66
0.24 0.9 0.05
0.65 0.7 0.54
0.62 0.01 0.95
0.48 0.96 0.59
0.49 0.12 0.82
0.32 0.72 0.38
0.84 0.88 0.16
0.45 0.13 0.78
0.72 0.21 0.04
0.09 0.03 0.09
0 0.01 0.05
0.68 0.91 0.88
0.67 0.44 0.28
0.56 0.55 0.43
0.39 0.83 0.84
0.71 0.04 0.17
0.85 0.49 0.6
0.89 0.85 0.68
0.48 0.77 0.94
0.74 0.51 0.35
0.09 0.72 0.3
0.05 0.13 0.72
0.78 0.6 0.99
0.15 0.85 0.03
0.32 0.12 0.35
0.84 0.58 0.73
0.53 0.01 0.63
0.43 0.2 0.13
0.91 0.49 0.78
0.95 0.77 0.27
0.27 0.64 0.31
0.7 0.84 0.78
0.37 0.83 0.59
0.36 0.52 0.23
0.61 0.04 0.95
0.24 0.59 0.08
0.51 0.23 0.37
0.11 0.5 0.26
0.94 0.85 0.79
0.24 0.47 0.36
0.93 0.58 1
0.74 0.97 0.38
0.34 0.29 0.08
0.6 0.59 0.63
0.33 0.86 0.35
0.37 0.49 0.41
0.12 0.08 0.16
0.44 0.11 0.76
0.72 0.99 0.79
0.05 1 0.01
0.51 0.02 0.96
0.84 0.5 1
0.29 0.88 0.6
0.02 0.95 0.14
0.76 0.16 0.59
0.47 0.53 0.76
0.29 0.82 0.99
0.15 0.23 0.12
0.22 0.01 0.44
0.01 0.46 0.2
0.96 0.91 0.54
0.94 0.24 0.29
0.63 0.56 0.34
0.97 0.78 0.84
0.27 0.48 0.54
0.11 0.42 0.35
0.52 0.94 0.53
0.16 0.43 0.1
0.7 0.95 0.31
0.95 0.8 0.79
0.06 0.34 0.89
0.22 0.4 0.66
0.09 0.17 0.84
0.2 0.99 0.79
0.96 0.24 0.16
0.41 0.32 0.74
0.79 0.76 0.11
0.79 0.81 0.99
0.92 0.91 0.76
0.63 0.54 0.63
0.86 0.39 0.63
0.83 0.88 0.45
0.06 1 0.85
0.92 0.69 0.63
0.57 0.21 0.82
0 0.15 0.19
0.21 0.87 0.57
0.7 0.79 0.9
0.93 0.01 0.69
0.34 0.51 0.97
0.53 0.85 0.23
0.21 0.27 0.32
0.15 0.31 0.31
0.38 0.7 0.16
0.9 0.69 0.71
0.68 0.83 0.05
0.79 0.18 0.25
0.11 0.9 0.8
0.57 0.66 0.62
0.55 0.71 0.22
0.34 0.74 0.03
0.64 0.46 0.12
0.39 0.62 0.63
0.75 0.04 0.36
0.69 0.39 0.8
0.12 0.24 0.88
0.5 0.76 0.55
0.54 0.72 0.07
0.24 0.78 0.85
0.58 0.57 0.32
0.67 0.24 0.59
0.61 0.9 0.56
0.76 0.74 0.98
0.91 0.29 0.35
0.1 0.24 0.45
0.63 0.14 0.88
0.04 0.22 0.31
0.2 0.7 0.23
0.36 0.69 0.74
0.21 0.82 0.07
0.4 0.14 0.39
0.62 0.08 0.06
0.15 0.04 0.69
0.78 0.21 0.13
0.46 0.38 0.31
0.99 0.26 0.04
0.41 0.66 0.69
0.1 1 0.06
0.68 0.66 0.97
0.4 0.98 0.96
0.43 0.19 0.8
0.99 0.8 0.94
0.97 0.4 0.74
0.95 0.97 0.99
0.35 0.11 0.33
0.18 0.63 0.87
0.46 0.11 0.86
0.01 0.72 0.93
0.95 0.58 0.2
0.33 0.28 1
0.27 0.82 0.83
0.48 0.65 0.73
0.69 0.53 0.55
0.99 0.12 0.33
0.71 0.86 0.9
0.99 0.09 0.54
0.37 0.87 0.1
0.11 0.99 0.57
0.54 0.41 0.48
0.48 0.45 0.02
0.6 0.93 0.1
0.06 0.45 0.33
0.81 0.99 0.29
0.05 0.11 0.95
0.5 0.54 0.19
0.08 0.17 0.58
0.94 0.98 0.6
0.91 0.11 0.94
0.62 0.12 0.48
0.62 0.61 0.37
0.85 0.85 0.85
0.47 0.41 0.67
0.03 0.92 0.35
0.26 0.97 0.13
0.79 0.16 0.22
0.99 0.11 0.04
0.83 0.01 0.53
0.7 0.77 0.62
0.95 0.49 0.39
0.23 0.53 0.45
0.79 0.54 0.91
0.05 0.56 0.08
0.12 0.67 0.63
0.86 0.4 0.18
0.73 0.09 0.24
0.49 0.42 0.9
0.98 0.95 0.54
0.34 0.24 0.76
0.67 0.8 0.28
0.97 0.22 0.6
0.23 0.87 0.52
0.97 0.48 0.91
0.55 0.39 0.99
0.41 0.96 0.92
0.38 0.45 0.92
0.47 0.43 0.33
0.43 0.68 0.78
0.39 0.35 0.93
0.03 0.95 0.08
0.89 0.66 0.95
0.71 0.09 0.83
0.87 0.87 0.79
0.68 0.21 0.86
0.4 0.95 0.57
0.8 0.31 0.49
0.09 0.22 0.03
0.41 0.98 0.87
0.54 0.97 0.98
0.53 0.29 0.49
0.16 0.33 0.61
0.09 0.56 0.67
0.46 0.24 0.54
0.84 0.92 0.68
0.43 0.01 0.76
0.87 0.27 0.37
0.04 0.98 0.95
0.24 0.19 0.6
0.12 0.37 0.66
0.61 0.43 0.38
0.86 0.54 0.36
0.56 0.67 0.25
0.26 0.01 0.99
0.57 0.13 0.08
0.81 0.06 0.01
0.32 0.21 0.02
0.84 0.79 0.75
0.82 0.64 0.85
0.67 0.71 0.59
0.73 0.77 0.87
0.91 0.71 0.81
0 0.9 0.68
0.12 0.92 0.32
0.54 0.19 0.56
0.18 0.47 0.43
0.58 0.73 0.88
0.28 0.19 0.03
0.59 0 0.57
0.93 0.78 0.56
0.55 0.09 0.28
0.91 0.63 0.72
0.62 0.95 0.94
0.71 0.87 0.44
0.78 0.5 0.45
0.65 0.83 0.24
0.74 0.22 0.21
0.67 0.22 0.32
0.27 0.71 0.32
0.57 0.45 0.94
0.4 0.67 0.28
1 0.1 0.13
0.37 0.69 0.27
0.99 0.22 0.46
0 0.22 0.99
0.43 0 0.67
0.79 0.59 0.09
0.42 0.14 0.64
0.83 0.14 0.45
0.46 0.71 0.07
0.29 0.59 0.89
0.05 0.94 0.4
0.56 0.25 0.14
0.86 0.79 0.11
0.67 0.71 0.57
0.78 0.57 0.7
0.42 0.37 0.48
0.04 0.09 0.27
0.85 0.58 0.27
0.95 0.17 0.07
0.99 0.45 0.71
0.87 0.11 0.55
0.41 0.79 0.13
0.61 0.54 0.45
0.09 0.19 0.61
0.03 0.72 0.29
0.47 0.54 0.29
0.09 0.67 0.02
0.59 0.37 0.6
0.45 0.85 0.35
0.44 0.97 0.45
0.95 0.36 0.25
0.48 0.15 0.74
0.05 0.12 0.04
0.24 0.89 0.39
0.19 0.26 0.69
0.41 0.47 0.81
0.95 0.28 0.83
0.26 0.39 0.61
0.89 0.55 0.16
0.43 0.26 0.09
0.11 0.24 0.88
0.56 0.46 0.92
0.07 0.05 0.95
0.42 0.11 0.53
0.8 0.18 0.66
0.34 0.72 0.82
0.53 0.36 0.28
0.96 0.06 0.35
0.73 0.07 0.02
0.52 0.93 0.2
0.07 0.32 0.89
0.57 0.21 0.89
0.16 0.06 0.2
0.78 0.33 0.19
0.54 0.09 0.93
0.94 0.13 0.3
0.08 0.06 0.92
0.8 0.13 0.67
0.49 0.9 0.75
0.42 0.14 0.59
0.82 0.4 0.78
0.78 0.87 0.31
0.01 0.5 0.76
0.8 0.89 0.12
0.35 0.74 0.53
0.62 0.56 0.43
0.69 0.74 0.66
0.01 0.12 0.31
0.3 0.55 0.12
0.3 0.97 0.71
0.34 0.07 0.4
0.32 0.26 0.13
0.87 0.62 0.27
0.86 0.61 0.01
0.86 0.35 0.42
0.74 0.77 0.62
0.8 0.06 0.49
0.45 0.4 0.59
0.72 0.23 0.96
0.42 0.62 0.04
0.66 0.7 0.98
0.52 0.55 0.76
0.22 0.82 0.55
0.89 0.12 0.31
0.9 0.63 0.55
0.22 0.75 0.06
0.39 0.88 0.29
0.86 0.92 0.7
0.07 0.31 0.55
0.58 0.57 0.41
0.86 0.74 0.28
0.62 0.28 0.33
0.39 0.01 0.9
0.76 0.56 0.57
0.16 0.7 0.05
0.37 0.9 0.49
0.23 0.95 0.44
0.95 0.35 0.87
0.09 0.88 0.38
0.51 0.57 0.32
0.23 0.52 0.93
0.32 0.32 0.84
0.6 0.97 0.26
0.73 0.06 0.9
0.62 0.33 0.27
0.44 0.76 0.76
0.55 0.05 0.95
0.86 0.7 0.96
0.94 0.95 0.01
0.82 0.84 0.63
0.75 0.33 0.87
0.11 0.87 0.35
0.49 0.7 0.43
0.25 0.77 0.35
0.82 0.94 0.09
0.24 0.72 0.43
0.12 0.13 0.25
0.72 0.47 0.39
0.66 0.12 0.81
0.71 0.92 0.18
0.9 0.13 0.23
0.38 0.9 0.27
0.93 0.16 0.55
0.36 0.2 0.64
0.15 0.29 0.8
0.38 0.91 0.62
0.56 0.15 0.28
0.46 0.8 0.94
0.59 0 0.54
0.72 0.08 0.1
0.21 0.49 0.44
0.38 0.46 0.37
0.61 0.26 0.93
0.12 0.49 0.79
0.39 0.7 0.81
0.11 0.74 0.16
0.14 0.77 0.6
0.59 0.32 0.07
0.78 0.82 0.99
0.92 0.13 0.22
0.22 0.08 0.6
0.8 0.11 0.85
0.99 0.34 0.43
0.03 0.22 0.68
0.49 0.39 0.71
0.7 0.55 0.35
0.33 0.13 0.43
0.31 0.64 0.39
0.43 0.05 0.06
0.77 0.11 0.8
0.76 0.27 0.87
0.89 0.79 0.97
0.58 0 0.36
0.34 0.12 0.93
0.89 0.68 0.69
0.31 0.47 0.02
0.57 0.42 0.83
0.78 0.78 0.42
0.75 0.26 0.41
0.81 0.12 0.58
0.69 0.54 0.29
0.85 0.58 0
0.86 0.19 0.21
0.63 0.58 0.32
0.12 0.56 0.21
0.78 0.07 0.17
0.72 0.83 0.33
0.4 0.71 0.77
0.3 0.92 0.55
0.62 0.33 0.39
0.43 0.46 0.62
0.1 0.53 0.43
0.56 0.47 0.68
0.84 0.91 0.83
0.59 0.09 0.61
0.89 0.78 0.41
0.25 0.71 0.87
0.32 0.94 0.04
0.48 0.54 0.53
0.38 0.8 0.27
0.85 0.92 0.97
0.4 0.87 0.31
0.8 0.24 0.12
0.53 0.72 0.93
0.85 0.51 0.47
0.39 0.05 0.97
0.06 0.53 0.58
0.62 0.76 0.5
0.56 0.48 0.26
0.88 0.22 0.65
0.92 0.51 0.68
0.38 0.33 0.55
0.37 0.41 0.31
0.9 0.71 0.69
0.99 0.64 0.69
0.14 0.41 0.33
0.62 0.08 0.23
0.99 0.28 0.32
0.91 0.54 0.4
0.34 0.88 0.42
0.37 0.69 0.46
0.76 0.36 0.33
0.86 0.5 0.82
0.4 0.93 0.33
0.77 0.4 0.78
0.35 0.03 0.74
0.08 0.12 0.76
0.25 0.33 0.45
0.55 0.78 0.95
0.61 0.93 0.61
0.9 0.3 0.82
0.83 0.94 0.26
0.77 0.12 0.74
0.76 0.36 0.41
0.37 0.34 0.5
0.88 0.33 0.88
0.38 0.62 0.8
0.6 0.29 0.65
0.96 0.38 0.31
0.66 0.7 0.62
0.98 0.16 0.15
0.72 0.84 0.96
0.95 0.27 0.3
0.77 0.33 0.49
0.74 0.62 0.54
0.27 0.58 0.32
0.01 0.48 0.62
0.49 0.69 0.22
0.7 0.11 0.09
0.32 0.33 0.98
0.67 0.21 0.15
0.27 0.06 0.58
0.47 0.11 0.24
0.38 0.48 0.03
0.98 0.59 0.91
0.14 0.28 0.44
0.85 0.96 0.52
0.72 0.91 0.89
0.23 0.55 0.68
0.24 0.04 0.14
0.25 0.56 0.6
0.63 0.75 0.93
0.92 0.83 0.07
0.67 0.2 0.94
0.04 0.7 0.52
0.21 0.98 0.84
0.31 0.77 0.02
0.34 0.76 0.64
0.15 0.69 0.94
0.65 0.67 0.42
0.5 0.87 1
0.16 0.8 0.77
0.11 0.74 0.94
0.87 0.7 0.43
0.62 0.72 0.9
0.22 0.52 0.59
0.15 0.52 0.75
0.03 0.67 0.85
0.06 0.34 0.38
0.85 0.38 0.76
0.48 0.4 0.87
0.12 0.15 0.75
0.54 0.89 0.53
0.51 0.11 0.59
0.82 0.59 0.39
0.32 0.55 0.56
0.31 0.53 0.83
0.6 0.03 0.98
0.99 0.93 0.02
0.99 0.81 0.85
0.28 0.72 0.67
0.86 0.99 0.43
0.63 0.97 0.49
0.37 0.55 0.58
0.46 0.12 0.57
0.12 0.75 0.56
0.58 0.67 0.72
0.53 0.06 0.34
0.68 0.52 0
0.89 0.43 0.08
0.66 0.62 0.28
0.55 0.09 0.49
0.79 0.94 0.82
0.05 0.65 0.12
0.35 0.26 0.3
0.55 0.01 0
0.39 0.97 0.78
0.14 0.21 0.97
0.52 0.87 0.18
0.79 0.25 0.56
0.29 0.13 0.8
0.31 0.63 0.23
0.54 0.72 0.95
0.43 0.13 0.22
0.83 0.08 0.74
0.36 0.79 0.82
0.05 0.2 0.55
0.46 0.69 0.29
0.1 0.23 0.85
0.49 0.42 0.98
0.46 0.43 0.64
0.57 0.89 0.2
0.61 0.93 0.03
0.2 0.71 0.83
0.38 0.32 0.42
0.4 0.75 0.29
0.34 0.31 0.15
0.48 0.22 0.64
0.18 0.55 0.63
0.17 0.16 0.51
0.62 0.08 0.86
0.75 0.45 0.66
0.53 0.68 0.15
0.9 0.02 0.89
0.92 0.94 0.28
0.76 0.7 0.57
0.25 0.06 0.27
0.13 0.61 0.35
0.8 0.02 0.8
0.97 0.74 0.44
0.17 0.38 0.1
0.49 0.84 0.84
0.87 0.64 0.95
0.65 0.1 0.94
0.34 0.29 1
0.67 0.23 0.16
0.64 0.25 0.99
0.88 0.77 0.1
0.24 0.87 0.81
0.12 0.94 0
0.89 0.79 0.72
0.8 0.92 0.41
0.97 0.19 0.66
0.9 0.17 0.24
0.64 0.93 0.79
0.25 0.22 0.67
0.17 0.45 0.24
0.77 0.21 0.24
0.2 0.66 0.91
0.79 0.59 0.04
0.59 0.31 0.38
0.81 0.82 0.81
0.92 0.3 0.83
0.73 0.05 0.73
0.95 0.4 0.57
0.33 0.94 0.12
0.73 0.22 0.39
0.35 0.22 0.91
0.7 0.26 0.83
0.91 0.41 0.38
0.47 0.71 0.68
0.93 0.82 0.63
0.39 0.31 0.48
0.27 0 0.69
0.23 0.74 0.62
0.68 0 0.22
1 0.97 0.6
0.94 0.15 0.57
0.03 0.63 0.31
0.51 0.76 0.9
0.37 0.73 0.43
0.69 0.13 0.39
0.49 0.82 0.24
0.55 0.16 0.67
0.72 0.99 0.04
0 0.85 0.26
0.34 0.71 0.29
0.86 0.02 0.97
0.79 0.44 0.48
0.53 0.39 0.1
0.03 0.13 0.07
0.48 0.47 0.79
0.99 0.64 0.9
0.53 0.02 0.09
0.18 0.94 0.73
0.23 0 0.1
0.04 0.12 0.44
0.51 0.03 0.05
0.35 0.29 0.02
0.67 0.33 0.51
0.64 0.25 0.61
0.42 0.27 0.01
0.41 0.88 0.78
0.28 0.59 0.72
0.89 0.58 0.3
0.72 0.44 0.31
0.16 0.93 0.94
0.55 0.54 0.86
0.36 0.6 0.58
0.57 0.45 0.02
0.3 0.5 0.56
0.83 0.39 0.09
0.47 0.3 0.23
0.55 0.36 0.48
0.22 0.25 0.11
0.98 0.04 0.66
0.25 0.13 0.25
0.95 0.66 0.4
0.31 0.31 0.4
0.23 0.53 0.79
0.11 0.61 0.01
0.8 0.91 0.78
0.53 0.28 0.7
0.03 0.19 0.8
0.05 0 0.45
0.51 0.62 0.25
0.39 0.11 0.64
0.91 0.22 0.34
0.41 0.86 0.95
0.13 0.99 0.45
0.35 0.78 0.72
0.06 0.11 0.12
0.77 0.19 0.63
0.34 0.88 0.34
0.1 0.18 0.63
1 0.28 0.07
0.34 0.91 0.13
0.87 0.76 0
0.13 0.23 0.4
0.93 0.02 0.26
0.36 0.38 0.55
0.73 0.42 0.69
0.09 0.82 0.02
0.44 0.62 0.18
0.37 0.68 0.64
0.69 0.18 0.35
0.06 0 0.38
0.39 0.55 0.08
0.15 0.76 0.41
0.69 0.98 0.34
0.81 0.57 0.42
0.08 0.61 0.52
0.34 0.41 0.12
0.12 0.8 0.21
0.53 0.8 0.84
0.6 0.35 0.71
0.93 0.02 0.72
0.88 0.35 0.27
0.44 0.86 0.88
0.41 0.28 0.89
1 0.87 0.74
0.79 0.56 0.03
0.61 0.58 0.73
0.65 0.05 0.29
0.13 0.41 0.83
0.26 0.23 0.69
0.73 0.07 0.12
0.6 0 0.38
0.98 0.14 0.01
0.37 0.36 0.1
0.22 0.56 0.1
0.13 0.75 0.82
0.81 0.8 0.65
0.84 0.93 0.85
0.42 0.59 0.93
0.63 0.6 0
0.58 0.3 0.07
0 0.43 0.21
0.05 0.26 0.14
0.88 0.97 0.66
0.93 0.71 0.57
0.34 0.58 0.38
0.47 0.23 0.58
0.78 0.05 0.73
0.89 0.8 0.85
0.24 0.28 0.15
0.33 0.61 0.47
0.34 0.08 0.26
0.68 0.8 0
0.32 0.08 0.32
0.33 0.57 0.91
0.69 0.33 0.07
0.89 0.37 0.62
0.23 0.61 0.29
0.14 0.62 0.4
0.05 0.21 0.69
0.68 0.15 0.37
0.48 0.5 0.4
0.83 0.17 0.61
0.9 0.67 0.94
0.86 0.54 0.83
0.9 0.05 0.34
0.09 0.79 0.02
0.08 0.97 0.91
1 0.11 0.65
0.08 0.75 0.65
0.56 0.72 0.08
0.85 0.24 0.11
0.77 0.01 0.58
0.41 0.7 0.86
0.65 0.78 0.39
0.87 0.69 0.14
0.09 0.85 0.61
0.81 0.56 0.48
0.17 0.41 0.59
0.42 0.71 0.99
0.75 0.26 0.05
0.21 0.27 0.7
0.24 0.56 0.63
0.39 0.93 0.7
0.28 0.43 0.14
0.03 0.73 0.8
0.71 0.58 0.42
0.22 0.63 0.99
0.44 0.13 0.38
0.11 0.08 0.2
0.59 0.49 0.97
0.11 0.89 0.82
0.83 0.78 0.25
0.08 0.1 0.09
0.15 0.2 0.79
0.13 0.45 0.49
0.45 0.1 0.74
0.02 0.84 0.88
0.83 0.51 0.09
0.08 0.23 0.81
0.7 0.75 0.15
0.97 0.47 0.09
0.55 0.36 1
0.22 0.52 0.96
0.97 0.63 0.87
0.87 0.41 0
0.03 0.91 0.73
0.88 0.48 0.88
0.54 0.96 0.74
0.38 0.89 0.21
0.28 0.7 0.62
0.67 0.74 0.22
0.72 0.82 0.97
0.68 0.47 0.87
0.44 0.45 0.23
0.06 0.55 0.38
0.73 0.08 0.63
0.75 0.33 0.01
0.18 0.98 0.85
0.1 0.26 0.58
0.69 0.28 0.99
0.69 1 0.53
0.69 0.83 0.7
0.28 0.07 0.07
0.04 0.03 0.82
0.87 0.69 0.26
0.54 0.37 0.09
0.4 0.22 0.38
0.35 0.15 0.69
0.92 0.1 0.57
0.27 0.33 0.69
0.63 0.34 0.67
0.04 0.13 0.81
0.04 0.61 0.03
0.52 0.29 0.96
0.46 0.86 0.58
0.66 0.04 0.57
0.91 0.47 0.04
0 0.68 0.54
0.18 0.14 0.56
0.63 0.84 0.87
0.91 0.8 0.38
0.84 0.05 0.76
0.88 0.8 0.64
0.9 0.91 0.07
0.33 0.51 0.73
0.83 0.37 0.13
0.77 0.17 0.07
0.52 0.37 0.44
0.02 0.96 0.65
0.56 0.5 0.28
0.24 0.45 0.3
0.23 0.78 0.43
0.23 0.9 0.11
0.67 0.09 0.23
0.23 0.6 0.47
0.15 0.35 0.34
0.41 0.86 0.93
0.95 0.37 0.07
0.77 0.88 1
0.99 0.07 0.6
0.78 0.17 0.89
0.83 0.69 0.68
0.3 0.76 0.14
0.31 0.06 0.26
0.41 0.79 0.87
0.13 0.92 0.43
0.87 0.91 0.38
0.7 0.27 0.02
0.99 0.48 0.98
0.33 0.4 0.26
0.87 0.71 0.13
0.75 0.31 0.96
0.28 0.45 0.4
0.8 0.64 0.57
0.44 0.15 0.22
0.76 0.6 0.87
0.88 0.13 0.01
0.61 0.85 0.06
0.66 0.98 0.61
0.93 0.05 0.83
0.79 0.27 0.42
0.62 0.52 0.5
0 0.56 0.3
0.63 0.11 0.26
0.92 0.96 0.43
0.33 0.74 0.22
0.59 0.73 0.78
1 0.07 0.65
0.13 0.98 0.43
0.66 0.7 0.52
0.03 0.33 0.03
0.32 0.65 0.54
0.84 0.02 0.08
0.34 0.46 0.38
0.01 0.55 0.41
0.01 0.6 0.32
0.28 0.23 0.15
0.54 0.16 0.56
0.99 0.19 0.03
0.2 1 0.59
0.57 0.37 0.59
0.41 0.83 0.66
0.05 0.04 0.23
0.64 0.82 0.63
0.29 0.68 0.23
0.96 0.82 0.55
1 0.84 0.11
0.34 0.51 0.87
0.5 0.27 0.51
1 0.94 0.97
0.86 0.14 0.25
0.8 0.69 0.8
0.22 0.06 0.73
0.76 0.93 0
0.43 0.85 0.52
0.88 0.88 0.64
0.52 0.03 0.58
0.18 0.95 0.68
0.43 0.23 0.16
0.78 0.02 0.75
0.69 0.25 0.36
0.5 0.74 0.49
0.71 0.87 0.95
0.61 0.04 0.05
0.21 0.16 0.35
0.84 0.36 0.51
0.03 0.58 0.34
0.69 0.59 0.37
0.68 0.78 0.02
0.72 0.42 0.15
0.51 0.31 0.98
0.29 0.86 0.64
0.3 0.91 0.6
0.18 0.41 0.55
0.23 0 0.45
0.53 0.23 0.34
0.9 0.8 0.54
0.3 0.62 0.74
0.76 0.36 0.91
0.22 0.96 0.77
0.4 0.26 0.23
0.81 0.75 0.41
0.94 0.67 0.47
0.5 0.53 0.76
0.05 0.16 0.11
0.07 0.5 0.97
0.87 0.08 0.47
0.91 0.18 0.29
0.84 0.23 0.9
0.78 0.45 0.66
0.07 0.3 0.93
0.72 0.61 0.75
0.84 0.21 0.03
0.8 0.84 0.04
0.71 0.23 0.49
0.76 0.98 0.39
0.2 0.16 0.2
0.47 0.11 0.76
0.01 0.99 0.48
0.48 0.47 0.25
0.86 0.67 0.89
0.41 0.88 0.32
0.14 0.47 0.82
0.92 0.6 0.25
0.59 0.77 0.07
0.77 0.32 0.78
0.24 0.84 0.45
0.09 0.93 0.44
0.5 0.26 0.15
0.35 0.97 0.47
0.65 0.72 0.23
0.11 0.3 0.24
0.83 0.65 0.22
0.41 0.19 0.12
0.14 0.68 1
0.15 0.76 0.47
0.53 0.41 0.12
0.43 0.82 0.39
0.5 0.94 0.86
0.23 0.43 0.54
0.14 0.67 0.17
0.52 0.25 0.68
0.33 0.55 0.16
0.99 0.25 0.58
0.29 0.25 0.78
0.52 0.53 0.2
0.39 0.23 0.74
0.41 0.08 0.82
0.55 0.12 0.11
0.86 0.14 0.34
0.19 0.01 0.17
0.19 0.26 0.06
0.34 0.47 0.69
0.19 0.06 0.27
0.86 0.35 0.62
0.7 0.36 1
0.11 0.31 0
0.28 0.71 0.98
0.72 0.92 0.2
0.53 0.28 0.67
0.87 0.11 0.01
0.28 0.87 0.76
0.16 0.38 0.21
0.56 0.36 0.71
0.48 0.64 0.35
0.8 0.19 0.34
0.34 0.56 0.82
0.06 0.12 0.5
0.13 0.35 0.6
0.65 0.53 0.84
0.39 0.96 0.1
0.03 0.91 0.72
0.87 0.19 0.59
0.25 0.39 0.61
0.91 0.12 0.78
0.2 0.87 0.66
0.59 0.05 0.59
0.2 0 0.97
0.96 1 0.96
0.01 0.15 0.62
0.92 0.94 0.88
0.75 0.46 0.8
0.35 0.62 0.6
0.37 0.46 0.29
0.45 0.6 0.56
1 0.47 0.49
0.19 0.56 0.93
0.54 0.95 0.1
0.79 0.83 0.75
0.33 0.58 0.82
0.47 0.32 0
0.89 0.27 0.87
0.15 0.53 0.78
0.19 0.96 0.15
0.5 0.28 0.51
0.78 0 0.9
0.21 0.68 0.94
0.94 0.4 0.49
0.18 0.97 0.73
0.87 0.87 0.07
0.46 0.58 0.05
0.34 0.93 0.56
0.26 0.78 0.98
0.79 0.06 0.87
0.19 0.42 0.67
0.7 0.14 0.93
0.45 0.57 0.93
0.01 0.37 0.51
0.81 0.61 0.21
0.98 0.78 0.73
0.47 0.13 0.56
1 0.32 0.79
0.67 0.29 0.24
0.95 0.75 0.71
0.01 0 0.6
0.76 0.04 0.31
0.77 0.78 0.73
0.67 0.03 0.7
0.85 0.15 0.43
0.44 0.99 0.73
0.35 0.96 0.55
0.32 0.39 0.9
0.86 0.81 0.86
0.17 0.78 0.93
0.19 0.61 0.54
0.01 0.52 0.77
0.88 0.28 0.31
0.69 0.08 0.38
0.23 0.14 0.69
0.53 0.01 0.75
0.68 0.53 0.19
0.11 0.8 0.07
0.93 0.67 0.46
0.35 0.48 0.21
0.76 0.93 0.42
0.64 0.15 0.07
0.04 0.46 1
0.6 0.24 0.33
0.27 0.88 0.47
0.32 0.74 0.71
0.39 0.79 0.36
0.07 0.02 0.45
0.11 0.3 0
0.2 0.43 0.79
0.09 0.24 0.85
0.93 0.87 0.14
0.81 0.96 0.41
0.84 0.98 0.08
0.55 0.6 0.6
0.64 0.5 0.19
0.75 0.12 0.72
0.57 0.34 0.31
0.34 0.6 0.04
0.02 0.27 0.83
0.38 0.39 0.58
0.54 0.85 0
0.49 0.12 0.8
0.44 0.04 0.11
0.88 0.12 0.79
0.35 0.41 0.19
0.32 0.77 0.52
0.19 0.51 0.49
0.32 0.29 0.63
0.84 0.08 0.45
0.91 0.81 0.63
0.48 0.77 0.86
0.89 0.82 0.23
0.41 0.66 0.28
0.69 0.55 0.79
0.85 0.25 0.81
0.87 0.53 0.17
0.17 0.38 0.09
0.62 0.73 0.49
0.12 0.13 0.36
0.52 0.95 0.23
0.02 0.68 0.22
0.37 0.67 0.15
0.08 0.78 0.5
0.4 0.62 0.51
0.76 0.87 0.15
0.99 0.4 0.24
0.48 0.97 0.09
0.74 0.91 0.41
0.02 0.71 0.73
0.87 0.45 0.35
0.88 0.66 0.14
0.37 0.8 0.8
0.81 0.86 0.02
0.37 0.9 0.5
1 0.95 0.99
1 0.06 0.15
0.05 0.02 0.94
0.88 0.1 0.52
0.65 0.37 0.27
0.97 0.97 0.02
0.55 0.61 0.11
0.72 0.89 0.35
0.29 0.41 0.55
0.68 0.51 0.43
0.66 0.9 0.87
0.67 0.41 0.35
0.47 0.75 0.44
0.36 0.02 0.94
0.95 0.33 0.14
0.44 0.48 0.73
0.1 0.69 0.37
0.15 0.09 0.73
0.12 0.4 0.72
0.52 0.65 0.52
0.08 0.49 0.79
0.39 0.29 0.48
0.37 0.75 0.77
0.96 0.37 0.34
0.34 0.45 0.66
0.62 0.45 0.17
0.32 0.01 0.43
0.08 0.7 0.35
0.96 0.96 0.74
0.38 0.86 0.24
0.94 0.9 0.3
0.12 0.88 0.84
0.12 0.56 0.41
0.43 0.95 0.67
0.83 0.23 0.25
0.61 0.94 0.47
0.94 0.22 0.43
0.82 0.4 0.7
0.79 0.14 0.64
0.68 0.25 0.15
0.75 0.96 0.86
0.3 0.38 0.18
0.61 0.85 0.51
0.73 0 0.75
0.54 0.57 0.03
0.54 0.56 0.48
0.66 0.07 0.42
0.61 0.37 0.21
0.36 0.77 0.06
0.05 0.71 0.94
0.97 0.3 0.48
0.65 0.79 0.36
0.47 0.37 0.81
0.17 0.38 0.29
0.23 0.7 0.08
0.03 0.57 0.69
0.29 0.03 0.82
0.04 0.16 0.69
0.84 0.3 0.48
0.17 0.2 0.32
0.32 0.18 0.08
0.68 0.67 0.04
0.71 0.41 0.51
0.98 0.06 0.6
0.06 0.14 0.12
0.62 0.81 0.48
0.9 0 0.5
0.98 0.98 0.61
0.82 0.52 0.79
0.45 0.14 0.84
0.88 0.51 0.65
0.87 0.83 0.69
0.47 0.31 0.65
0.63 0.17 0.24
0.73 0.89 0.07
0.35 0.21 0.56
0.7 0.13 0.18
0.81 0.13 0.76
0.96 0.11 0.71
0.7 0.59 0.95
0.47 0.68 0.32
0.4 0.64 0.85
0.46 0.32 0.42
0.3 0.35 0.76
0.97 0.27 0.95
0.03 0.12 0.75
0.57 0.71 0.97
0.6 0.5 0.22
0.2 0.43 0.34
0.98 0.34 0.09
0.17 0.13 0.07
