2000
25542041 21464049 48983386 583751
67613196 25072934 62801943 559536
27058964 90215910 1285821 310544
63590484 81812565 11145361 873650
64850978 88663417 127405 788211
42141708 98967821 1458084 355747
35643301 95446493 569387 40009
15035727 91736281 225946 460327
35367778 97857248 924025 557156
86075255 94537402 2146405 126675
47139271 93233477 198260 294591
61127099 96454675 424545 272562
96645644 97171753 1153 844838
42512946 96962150 15856 770644
1311157 92119001 102687 554655
29705193 88505505 26848 830564
36227601 96993756 13527 904097
31084989 88216311 43236 598068
44781794 94727136 13465 54510
96037621 94008666 546738 440569
44254895 99950915 49558 309476
44683321 99480523 338144 71206
41919537 87904810 21113 293801
70446855 99007389 76014 257255
53583885 97154253 3643 285183
34419724 96765206 8255 572556
5410064 88415175 28587 558423
14757585 92346139 15001 122874
51164622 94557869 1258 322510
91905550 99108408 24734 791349
31399800 96863159 56623 268809
60151963 88792287 1272 949136
3702186 87985798 22574 794189
69310003 94618047 31 85122
15843190 93000417 19374 558686
87141956 88920295 7531 334423
14031662 97411725 29218 706724
98689310 91999759 3192 41364
23759550 88145505 26760 918885
6197086 88450257 6423 292123
2740161 97177820 2710 237857
68400740 94682295 19931 947944
10821106 88316443 26605 107149
26578300 98896339 6502 694883
20802383 70602855 31971 670086
3298541 94632104 6580 718710
86041817 70470970 11302 310959
54483337 70645672 902 834363
83555532 88106181 11143 468590
52117571 70525808 40784 390508
32820975 97059331 31838 563102
24390650 92374817 3275 738868
43876798 88073108 18690 592009
70266469 88461436 2291 497
9045293 87939598 12151 433362
94058961 96689838 283 510983
96401792 94585257 23575 882854
58882808 92362593 511 27488
1958536 88833326 30029 13838
47647717 91987516 5636 503466
87856394 88356645 4828 262323
39378172 98831505 17723 50203
40077257 93449917 8207 590528
6056372 97111568 6050 240616
7635365 94759580 15929 582791
23832311 94834078 2811 920643
19792890 88891713 19058 879628
20563475 88370757 3293 545628
13162465 98866116 8951 540455
97025632 96735364 15077 257255
18225405 88009991 1520 392720
85179653 92292988 9319 594524
67782252 88928545 670 287370
56985362 88347887 758 192366
58497671 97197904 1350 768522
10180695 96884057 955 647634
63063839 97120922 1550 454011
82255688 88042462 4687 173509
19155134 88272324 10907 165302
29410547 99824246 4087 604965
73521612 97347729 6197 919609
83306611 96904117 18771 433252
32413130 97309770 23257 844845
28980977 98878911 3315 860743
33659025 99881161 10095 564164
54851680 92380894 1226 180967
3081614 70643089 194 634354
41243548 88259793 153 548754
1484800 92007143 3388 783792
6466591 92970673 6062 953627
98616075 97484749 12207 40880
23449778 88384435 1029 337578
10610064 98790401 7268 548668
44124702 94859208 7879 688837
17797528 88030104 6574 836321
15798271 99138589 3770 604315
36115772 99832648 3510 162350
50751226 96784509 4968 920682
63416977 70459625 28 964010
74302353 97258778 26228 353897
79923051 91995476 851 62511
37490380 88798217 1047 600688
64973135 96779062 444 610774
14587601 96707058 13180 988289
35145584 99844612 2272 90092
34230762 97462234 8012 342631
47593461 96028878 1060 726781
23594815 98906406 51 512067
8382580 94615615 1818 196438
93691661 93031820 2367 902907
25024106 94779034 2796 58208
65802083 98917176 1904 126158
38707808 92240863 17930 458144
23213928 91508688 762 31878
81181346 94875037 1914 80246
26447121 99855922 5491 604217
45745923 94801889 1470 435732
73748623 70482797 521 843811
2838505 97164973 2185 524532
69932111 97206556 2185 665410
37344688 94847054 1446 249634
83329275 98850452 1200 896531
24988807 98927244 431 235830
46555994 97148812 41 276658
73011122 88283744 51 723152
19190619 96926454 5597 276664
33223032 94816938 5743 402411
90742257 97011964 2896 971887
70935160 97187514 934 339926
95849077 88289478 155 940958
89482138 97159279 360 746244
6032976 97381476 651 875525
39576650 88800659 467 51319
63510117 88260607 200 777317
7999119 88346887 88 675966
54097600 97196107 113 768458
97051737 94808353 1354 111297
48315419 96793701 1736 336192
91006032 92368635 261 425653
84131875 87957648 3928 716724
10956398 97143622 2481 84334
39353494 94655218 5878 392690
77790855 97374798 627 712420
11248762 98852864 1171 584911
51303925 88118037 19 877039
41263009 88911001 111 291213
60199894 88474246 2194 101918
56595351 97226816 2299 68611
52954159 92316544 7428 636131
4185127 96937952 5820 732698
98040808 96754364 747 364120
45339706 88865904 1460 757872
92005653 96885136 115 736352
62487601 98810409 2532 825242
7913278 88795603 653 286989
30162195 88871513 132 638601
22813352 96920139 103 695743
40781445 99897169 182 901646
16606073 94806915 77 270415
31136160 93438359 1100 708169
89168784 97340853 437 677783
2395642 96933199 13 50085
70010341 97139491 607 251796
86594505 97446546 59 480903
50025904 97148652 97 119979
31664430 94790363 7028 544266
91222663 97218293 2017 470568
39907348 96689512 12 376863
21993002 91979611 2166 809997
29356753 91973901 24 664985
42552078 92379607 22 793485
76826229 92330990 55 934100
48401189 87879399 3988 579317
93448389 94804647 141 608620
84835619 97119109 117 937808
72821219 88381364 1583 321604
16602478 88382986 16 542393
38896555 97135236 1968 688560
90603609 88015509 1988 132286
27755586 92282922 407 89421
39140379 94623330 331 327535
74803541 97356964 113 714560
82689391 92308900 9 273497
99638450 94800216 55 232033
97066219 99836725 406 315755
89520869 96806094 296 247975
1836878 91507328 386 215649
33711928 88374181 97 80704
25142128 94869584 1000 490955
48376377 92013538 929 836905
90646672 97132458 595 445016
88647132 98930391 310 957830
73120864 97365656 997 317212
3560949 98884343 1684 30177
38169028 93034943 11 787947
91614590 88478466 53 361850
11194494 88283404 57 88155
17531729 97148019 211 126444
20549963 97193399 1742 191445
79593901 92015498 10 915515
98106778 92959550 492 52417
98160621 92281679 442 381640
72968457 96925968 2879 34272
77429086 88868844 647 534743
24754438 98887135 514 932923
24709323 88468847 2650 104327
18958750 88053173 998 940693
36780554 96798188 712 555534
95640689 99896203 254 723856
8286511 92324008 1 928683
10993668 93025708 1897 971872
18088796 97203016 878 818586
4897656 97376995 1004 891963
95992961 94840486 731 761795
52921226 97358621 1369 350486
21636400 98914430 515 185937
52743826 88351815 1 414877
38028068 92389744 746 341815
48808127 88790850 15 477281
11095027 88117454 48 446071
27331914 97147103 120 377742
94209717 70650921 4241 898095
33567914 93436874 141 420115
34056246 96776756 914 643302
81563478 96691224 1012 54401
6796717 97182228 95 611730
61584396 97169218 533 414441
98943706 70666206 889 184348
33623795 88869622 120 379790
61308413 93434007 183 859198
12731594 94624170 440 742818
35326095 93459130 73 956481
44204111 91975403 655 236066
48700833 92326442 1532 594180
5135999 98887968 246 822816
47123747 97020074 134 341733
80688638 88094502 532 678398
52342744 99899418 1339 883331
26146121 93028256 312 717129
87599445 97102079 3247 859517
26216060 94644425 4913 541999
57822383 70663480 796 666025
39172731 94838667 464 591019
99808445 98781482 184 532565
21773786 97356100 567 932391
46622271 88172311 3 662430
13385316 97160959 479 369193
74199490 94711600 1300 315784
94948622 97129780 1004 615052
44741534 96023591 29 328126
76611589 97201344 725 989773
62498690 91971217 2486 395514
94924977 94839244 92 56650
1894112 97214245 470 613236
73816314 98910897 1672 781651
21855118 97147712 11 286469
75313816 97505857 3464 165366
70836852 92363203 50 668583
55252326 94705913 3633 239142
37286284 88458160 144 675115
14396799 92011866 725 692793
12706854 94806647 189 778561
93305877 88464844 499 587735
32011756 92277860 805 282013
13265882 96756348 128 774785
41592186 97158042 22 119747
9696766 92977025 224 867811
61120455 92306848 1521 463549
41970379 94799638 98 452611
37626166 92385599 1571 295186
4172306 99892220 701 133151
99575506 94743509 90 443085
7737650 97173742 404 604933
8967756 97025105 172 26134
4322014 97361649 1640 487880
973859 92222851 6 123266
62691672 97017555 643 881413
83598266 93021132 929 84144
76860329 97185799 581 861115
75714696 87963172 3 392067
77326855 97449910 556 402042
67232175 96684097 137 781877
18595768 92366815 1345 679725
31973268 96688393 372 5662
49654709 93432562 332 99820
85431738 97021422 670 189131
17960721 92960273 24 829990
11513514 97451264 533 193078
99527620 91967113 1144 923219
3124761 94619011 178 97994
45671528 88019091 650 63046
68428751 88017803 134 175429
32449639 94620496 795 937830
58122379 97020251 22 712602
23424394 97174967 74 693344
92161613 99828515 52 949753
3588767 92328067 38 437042
51697853 96025708 1842 370262
71507557 98813408 374 211107
62147086 88471780 199 457350
79680880 98806099 737 534982
70313319 92014736 86 831042
55788932 88051250 828 380704
41000649 97213199 512 463660
99675266 91968609 69 422223
80055225 94839717 30 37672
5777952 96980017 50 201396
48182679 92309034 51 656691
91539469 88020449 101 279267
40866064 92271592 1398 202886
30404201 97334893 1680 988747
715257 70635763 601 269329
93923825 97443653 1443 568681
17707951 98927717 29 402643
31169091 88377172 2173 291647
97879320 94559692 371 875758
39141279 92305026 182 333272
53162547 94827893 2359 821061
40193693 92278877 13 763961
99141685 91507824 29 891251
77011840 98782791 22 392131
167863 97212481 94 651970
65532612 97008029 743 711138
88179970 70568156 1499 449015
36857192 97363905 29 439887
51458910 97150290 258 124943
61241984 88535315 189 786724
15975822 94841247 27 41514
32955921 88093302 155 730004
14967343 70639151 1954 918330
62723450 91502252 457 616677
36170274 88172497 172 277265
33083602 97137813 231 782243
76679098 94837396 409 164357
73535393 93460638 619 155982
4370675 92222129 80 416537
76007530 97146537 398 448761
41132385 97167557 184 926921
47158355 97023072 729 34187
12914422 92280406 198 783267
33010711 97200400 73 220132
87704285 96752902 220 454785
22591118 94622546 164 177142
30164810 97230867 626 749391
56775781 97215396 625 472604
15167302 87962330 639 119358
1876417 97097724 792 831279
41243651 94843189 1370 820117
72122161 94810734 323 723167
44278159 92361914 138 130398
33445240 88366457 858 168838
74077978 70456425 1312 877603
58373000 99849938 295 662774
71223347 98783056 66 424461
69354039 98798002 180 702272
90553091 98926509 193 244016
39842716 96800231 292 677509
49564729 96796761 83 294587
80040357 88054222 35 842285
50598063 94775626 46 148706
41540224 97183558 566 4262
54145368 91996404 16 546211
39400623 96978993 344 171633
46956438 92962514 542 356413
50565268 97184678 133 840213
98636381 94841481 19 313575
33020049 92303878 237 555242
72730307 93435604 990 233886
54179269 97367325 337 877671
9204978 92261183 271 882765
76878812 94782579 673 714724
69593110 98926014 26 308964
45133703 70641238 91 596403
74392396 98804713 173 987876
77605073 70484148 619 815145
49281547 97123126 334 45606
11793784 96687366 404 615902
99562563 88012183 226 151032
39796383 88476878 107 572398
66884386 99849540 17 615563
6596305 98920673 1036 368828
42990894 97162410 293 144161
2387409 88533594 1018 770551
50867869 97210848 1255 621001
67290478 97095738 883 256477
82133773 70658539 2571 766475
45407903 88037075 265 600385
87956408 94850206 669 693015
36846474 97146975 7 34267
17180402 96879248 26 316156
85840896 97118001 347 495725
82714087 98800616 777 409854
17388100 96016716 369 196699
37560716 92328259 92 989053
33633097 93022390 199 754727
68750732 92958709 264 248368
72742943 94799805 14 517590
90014639 96775694 110 866032
57276765 94845451 150 503373
12671920 94798965 260 601773
41620364 97286367 25 378849
74612249 97118738 200 756777
44238997 88048068 792 346066
69977258 98908695 166 706642
8387913 92961890 7 140708
48006135 97499170 1462 589656
2593678 92388724 204 713989
56348601 94831138 46 212686
12716538 88011735 207 869198
82197353 91965378 517 341639
65075103 88386268 257 960148
47156735 96685344 475 26141
84392363 92324784 65 237210
97274418 97232539 2 447175
77138777 97024554 61 869732
38940736 98907668 802 516251
40912169 92304476 36 590164
25776161 96805035 514 488548
79888521 97123520 50 214773
68815086 97091829 78 533311
9426985 99848355 1046 516298
95679987 88365211 254 889490
13034461 91977285 116 310467
74320069 98913191 590 33080
55195914 88912307 192 142607
16395546 98904775 155 737391
26774227 92979992 359 868840
43030102 97502213 87 562353
14634225 88349580 539 445163
80125150 87953605 27 169378
42857232 94797984 449 286518
43777271 70655484 269 285142
23503584 97093893 704 305114
2575007 96019882 1822 647846
55969617 88350478 101 747346
18388603 70451127 2043 294764
49460268 92329763 142 71696
45491637 88801996 813 878424
84257053 97026668 520 928181
34296722 97339275 202 394865
59348117 98803537 711 889387
51259890 92015020 119 652257
1209373 88350842 76 912793
13168882 94797421 30 717624
52401781 94639223 74 970526
62969653 94560890 424 567707
73884275 91963429 735 853386
28263256 93461489 223 840859
75870660 97181025 253 787907
20724393 99840382 321 60024
51264375 92273990 418 49605
81405164 93433605 10 437680
25767663 98929655 89 277872
24941981 99818865 28 523124
20116964 91502792 71 82345
26916986 97355052 288 657137
80435954 88118613 105 21203
37264687 88260822 1 27816
52600446 98925328 31 391908
22720033 88796912 214 234903
61004012 92262446 822 189963
17042306 92003561 91 724629
13752395 88289663 5 150088
24953836 88284130 112 403444
71436500 88022406 797 393536
21308255 96752027 497 167380
81877417 92963411 67 21872
99960805 94609800 805 811819
84996561 97137379 87 978860
50138028 99893105 69 967670
4036824 70642772 65 294704
70545389 94741299 677 780510
30788193 92379207 79 743466
96183953 99863546 2004 524581
32742181 96023782 54 94023
74452674 98875171 53 90196
88223569 97127661 176 623647
54128698 97378723 630 274035
14289507 92369180 275 621
1973896 94617611 106 926374
96386523 96778602 13 732934
73624721 88871799 116 923312
38707187 98923954 591 955165
53788136 92263746 93 389231
18093521 88796602 26 553495
38410724 92264324 365 76539
47271438 92279672 470 78611
54127182 96790329 670 589150
19852929 88374393 13 645749
12894839 96945883 270 545863
25470474 98919424 137 595472
67591571 97126289 106 932157
57646446 92265064 261 955686
47993094 94824136 646 277713
16741950 97098527 7 297692
1783421 88912668 48 452419
46949350 96027781 26 97449
12567314 97221169 592 690467
40754588 92387528 146 902108
78311519 96929631 371 385478
4895936 92003429 35 355013
51437217 88050380 3 336152
21008326 96803030 979 510864
82887831 88863894 517 208288
13517871 97472174 244 821365
16999497 88476488 39 712240
27140700 97168109 233 28896
78513737 97285644 638 820432
82518757 96686456 436 116519
38604089 96791528 114 817228
45198965 91993818 281 839469
34349163 92387199 28 959945
15211420 88283875 77 949830
97649205 94639391 59 878782
36259898 98855059 242 447322
56715826 98798451 200 734083
69388005 88379721 59 493328
48814832 91509671 132 687916
56032844 96756923 10 922274
36169245 88379581 45 634635
23148539 99841781 129 761151
44659628 70448495 122 350767
47380823 92269093 896 592353
21607997 97128374 296 139918
36235441 97019084 529 538934
28470312 88871313 63 951798
43193179 99828703 59 798378
63591487 88911355 242 480255
39611329 88790936 59 114065
51595428 92378160 49 832217
80312711 97008930 14 883525
73079807 88457567 322 284681
22551643 99819273 325 62383
46175514 98801691 25 775282
74653430 88047225 15 175709
53412324 96016151 125 745588
32896820 94803817 194 55237
84151391 88535909 66 913589
96541494 94806141 284 4584
74197757 92979039 593 432110
47666843 88796562 2 145280
55890854 98781285 1 814500
12271656 98855447 140 744259
3477732 92960358 61 497287
36997479 99841182 181 755008
99442759 88362697 205 764190
89929454 96778339 77 203227
45581071 97222283 5 135581
24541055 92324454 164 225916
79277739 97138373 16 925673
78107916 92383806 176 581268
77681591 96796898 12 966661
70279853 96018034 19 327212
72164987 98799173 81 998306
51526830 99894528 1319 170961
11554362 97140586 130 180100
84486878 97147338 75 285033
8938165 94804242 93 224832
69813313 88794787 91 559025
13650320 88351253 306 184127
57148553 93029146 150 379568
49935831 88794239 3 827237
23467760 96919827 13 768906
5921234 93440948 312 397523
77426669 88285110 662 327132
25433974 97496985 1 778130
43725665 94611584 304 925744
97272119 97199990 155 222873
24517609 96799251 266 521652
97990693 97337226 20 376374
893419 88020982 402 622340
63179717 88345241 1007 869716
34873445 88386552 16 260112
8887958 96756862 12 250853
5804515 98801988 238 244216
72976745 87926632 442 470213
80882932 70644513 81 280481
6877453 97140119 11 139754
79316408 99819998 7 321346
87155004 96978077 69 985342
44074708 97337102 6 200208
29485253 97371760 1120 111187
67763451 91505288 339 416562
89850833 97127084 370 457863
17131696 98906565 12 754517
55165883 94849075 414 691880
9514361 98782670 40 862914
15121298 97216252 4 725437
36840269 97124986 131 131834
66124608 97092044 11 783367
21367881 97500680 4 209323
81413221 96980115 22 537358
47504111 92387260 18 257604
13801866 97368402 644 338621
59158732 94872612 67 698601
37817536 70641534 43 747688
51605628 99133943 76 30416
22584850 88457146 37 966247
45818427 97472527 11 290619
34824805 99134066 16 620919
54755019 92275875 413 315326
25453672 99838041 111 542695
95379396 94872203 127 885115
99624745 96773961 470 61078
93559610 70570225 421 573393
32935111 88288576 520 232083
98764364 97174841 17 258732
82351878 99867212 944 718373
61607647 92308714 32 56982
45549211 97471594 282 684359
53910322 94803497 98 80785
48722915 97173112 4 644607
43964449 96882993 61 509860
31396173 70661484 126 303274
1820673 99839583 195 894220
50497197 88385653 152 360741
22716691 96683877 25 785351
56812848 97161493 1 317658
27691810 96929154 77 240513
6838761 97338293 114 698437
25876222 88868193 2 525683
89556928 87925936 4 320426
29245878 97208855 12 727325
9789977 70642000 349 694267
51982688 92383346 157 145317
75047202 88477025 2 903073
2727417 92010711 74 735051
66886088 88343121 1 652854
56309799 88796536 8 32214
1382757 97370565 30 78270
71029450 97448848 443 15141
56323124 88459133 9 216783
28023020 91968407 106 350320
78768404 92371444 60 503434
1928853 70665207 1 773581
92586569 70447717 180 365636
94954827 96945268 345 697739
49732158 88801150 18 644688
701437 98931204 7 501195
23662887 97126027 6 350873
88169803 88871657 2 868328
18801117 92363904 445 315034
58057827 96753184 40 640328
28974000 92260830 60 474192
38641905 97509687 10 783017
27448446 98888820 145 181570
76052056 92388185 104 610903
10898263 93441614 94 454962
5727343 70661719 80 262493
99809901 92382686 222 428704
64522254 92977572 207 667349
43762525 88049369 468 544896
2410639 94611137 128 268116
95228699 88287554 341 307160
27448213 88374641 169 119920
22089987 97231641 133 2380
53814937 97452676 445 635150
34923808 88350601 13 462867
55693136 92961449 27 180206
12951516 92959049 3 757724
28615175 94617953 55 461856
48981766 88929508 129 744152
5720634 92330149 71 49567
45251728 97182325 2 668043
36158846 98882453 135 902465
85772681 94809951 48 507207
78169453 97369401 208 833869
95040606 97364043 24 615649
62650978 99134593 226 630133
33188029 88362467 24 493392
95071666 97096776 76 617788
75216588 96882722 60 403802
85145014 88364283 589 892416
77523150 92363378 33 689280
28861806 97497695 12 815365
40533745 92961654 158 88947
75119481 96778528 50 842871
89901274 98924712 124 293534
65696938 94624884 158 593051
26862048 97337055 14 313231
54183221 92222894 28 393532
14902838 97172926 3 123781
94974406 88361581 48 936693
9724808 97167235 23 890931
67874454 94618195 2 398527
79453640 92963343 1 260086
92347620 94612117 135 79371
91225484 70459021 253 923077
60029200 97168348 6 726640
45491629 92222413 192 544191
57350311 91505953 247 74075
54691861 98804981 78 702293
82219617 97380276 317 52789
69840919 96979806 66 37561
76188480 92963278 33 673787
19489009 70569740 12 714478
56594718 99838272 79 432525
78139187 88872018 19 804478
85353822 98889369 339 330999
7372116 97447899 381 215812
52875501 98807620 99 758729
72691561 99891335 50 804330
15445849 87952615 499 268735
799525 70641466 12 489639
10316603 88093852 28 829528
2639508 88870529 29 850934
42130676 96799913 11 36102
24427579 97174693 47 506686
39548609 99870746 254 793355
74282181 97190525 282 816683
33964456 97138616 44 517258
78750937 91503276 143 820686
88283229 98798974 48 266748
13633446 94841799 5 313887
3551469 97497321 5 940261
8189187 97091448 49 842142
19365015 88871012 6 139418
90205518 99847050 54 367910
48162454 97126529 27 786369
40308894 88093806 2 492292
14847869 98854595 190 636433
88926482 93023609 15 962759
46637606 70644381 20 616343
67384738 97147484 22 477253
86020228 92015898 273 797251
55895393 97096635 4 35380
2648706 94800344 62 20283
69761028 99841472 68 102939
34848058 98798714 61 654618
57948106 96802049 1 193958
86650959 96881803 395 688613
54205681 98856492 393 458922
937761 94556135 343 248293
52753741 96979663 50 500994
10073049 98928971 390 14899
61974125 97442140 62 897620
48358427 88173018 47 780524
49242785 97162065 6 915918
13040574 94783304 25 336728
69699998 97222556 218 458337
1543637 98925410 14 607974
23140909 92331113 1 875034
92021801 92370399 486 938897
38980245 97173027 36 935725
75315793 97354331 54 213224
13831967 97158793 71 947262
70803305 96775026 420 26639
62337381 92263843 3 173286
41183500 96920648 8 366573
44310459 88477537 163 821357
59749637 88013000 88 485142
52036539 94661181 81 329022
15057902 96751500 4 577052
4409786 96778055 191 296219
87379486 97149621 222 935575
93318895 97369093 37 226525
18470460 94613791 4 802441
68216201 94742544 324 955570
44173130 93433346 209 179106
11577786 96801972 36 902291
3928367 98905313 99 902408
59229292 88871200 1 308142
34347481 92328538 58 804581
27604998 96879960 264 955429
83612958 88870098 351 273591
82157119 92278940 13 491301
23172808 96930973 456 533747
53512388 94871243 361 586450
40305753 93434564 31 927095
63490435 97123969 23 269901
47723006 97024621 5 199607
31758084 92964246 79 327755
11340638 92328887 122 273360
41363420 88870764 100 29521
54458410 87927435 12 106239
43477507 94799360 28 740498
44589725 97441593 175 531972
89366709 97170462 110 61984
23280669 96796511 166 418857
47098457 94661760 34 842672
7582047 92308394 13 992320
58881919 93034820 106 573791
11989786 99900767 7 449213
3920738 93432208 22 792396
73280359 96022568 497 996619
78619568 97124038 46 350784
76081734 70665006 174 591129
44757203 88287946 23 966605
83263690 97470439 16 160239
75271628 94624622 9 315945
67504992 96756653 130 156799
9187873 98906221 16 156063
80088900 94556555 38 579715
33595837 88374819 4 827553
57256445 88362116 326 563150
81816607 93439660 70 724829
6837848 94775573 1 642977
41386146 97445792 68 853089
72455829 88912599 1 193430
58943625 88287184 20 657531
507160 97453429 108 504705
15182344 88054407 7 874608
75383662 97441121 86 245003
78668686 97337562 219 832490
10384546 91994462 14 117589
98622115 97214769 2 326973
71759702 97370139 382 255437
57191846 97182658 79 929968
47478106 92384020 6 686944
41555353 97501159 276 229475
51105626 97146130 1 79745
98783017 92221835 72 371604
93978094 96755914 238 249712
94852009 97222096 28 678888
9081030 94610911 24 304638
52937453 94610710 11 474333
81902148 88802888 12 223921
76163699 97209218 57 151433
66065298 88794678 2 931158
39542709 98886263 110 618546
46406140 96929001 44 459127
42879539 97379459 17 412665
75704380 99842305 34 536421
6790140 98930075 4 399918
60420790 88363573 117 222014
74784244 97125805 73 784170
81878920 88463739 3 221480
65273042 70637193 2 491123
58855434 94743058 137 618554
9700261 97223939 564 486830
52836753 98928056 274 942927
11350268 96797398 13 618593
11958637 93459746 94 467306
74252918 97195522 135 929413
94141164 70646639 24 809944
56447647 96797377 2 446622
47016665 88261402 4 406310
35427097 70643533 53 952428
69467374 97471255 19 117520
78997832 93459968 18 490817
54087467 98922144 304 96605
71924370 88284253 6 500761
11814802 70642621 2 939583
67026476 88093890 5 651744
85891409 96753607 1 510143
1664913 98875261 24 984393
54027055 96779536 3 309050
31691120 96693599 277 30545
68922063 93459045 6 364775
56297975 94742044 34 628896
51329783 96797122 172 953047
64448943 70449044 21 546835
68534676 70570654 4 129448
86926608 94810145 6 455656
74011875 98888484 69 591270
4338339 97501497 14 939979
74500643 99828599 5 340628
82520732 87952042 23 289861
32791952 97497586 17 55425
57695211 93434241 51 450490
32915511 98855770 151 683248
38603241 91505637 8 200747
12509922 96689454 25 485832
3586864 96753418 129 540274
82994622 97452092 112 571592
31336650 97122612 96 303501
1662561 96931692 209 295186
76922967 92961938 2 604451
22375363 88012818 40 157023
63721077 97373660 437 562955
21466735 99839967 19 955072
20580278 92276656 160 641649
4042085 92383625 3 205922
82156509 70459590 1 524472
33740800 97229193 72 768202
67374074 97208932 31 965849
62994830 97369636 23 581627
96810106 96689349 66 140865
84318482 97131579 153 922572
75382521 92260032 250 739467
32876191 87952071 4 836819
34029431 97340377 1 146458
56109326 97026031 21 405071
56785039 97093030 95 676857
60511295 92363341 1 83158
65685415 96689227 2 324852
92538385 87927137 50 573599
21676732 94612545 280 665787
51791141 88118504 1 451871
29807341 92364463 86 416955
91036808 94871997 60 883373
28918702 94851021 41 810931
797832 88283466 5 799808
22127170 93020001 109 273745
26163444 99849521 1 700359
50575751 94867110 8 399790
26276877 93034416 49 696645
3817997 97199576 113 680869
64224376 92387307 17 433088
29893574 94638934 50 485010
5442080 88458660 316 925676
68708385 92010559 25 450575
41996591 97182760 9 100775
38032200 88172818 67 32515
63282033 97191404 56 657063
51011329 96880406 164 857753
10682049 94612831 3 525998
77661754 92265554 34 330259
29804725 96017384 273 720664
83249046 97159738 49 598530
89297581 97450702 8 896327
66011609 92382927 10 57594
68075340 94867310 56 960003
36753454 99868941 650 191604
90956323 70453323 112 915377
4886949 92260370 40 175647
68536488 97453855 59 702660
42981758 96027580 15 809757
84630793 96933053 51 703954
30303763 93459556 47 640384
79577079 96684736 42 468233
22000797 94775701 20 935865
41140656 97501939 4 195550
62910032 88350689 43 488479
69043260 94868484 35 685974
31830987 97124441 354 755893
95156835 92331104 8 830650
91310340 94555737 26 785464
6905326 96795745 81 752566
9311455 97340049 256 11271
61108253 99839305 82 569128
95245370 92976766 8 74444
13559068 97204357 8 512899
74383090 97149240 19 470966
88043646 88872426 150 847837
81612630 88287021 52 769653
27806156 97149847 3 829211
70908218 96944887 6 461436
21566111 94560132 32 957337
82206754 99842012 76 187733
92542109 94845085 164 521934
10963662 97190894 76 358194
61817035 97471025 56 161279
76236693 97379905 50 575831
53404274 92265988 8 416542
74462271 97354044 45 779638
2873562 92379370 12 190336
26014660 92303360 167 815055
88795966 92282362 51 835752
31475228 99865974 33 862884
25946985 88037586 187 290615
81825546 98922956 33 323836
27321922 98854200 67 941097
64402328 88021535 25 74492
68102975 97446474 8 575081
55341745 96689009 96 350112
77210689 92273196 51 731630
19477813 98781801 33 715293
84286654 98903210 56 447319
47158408 96978512 79 316006
83367981 94805393 144 252701
41780486 98904049 148 631851
71054982 96797360 11 237310
94868726 88929869 8 95028
55822450 91506931 1 661767
44907902 94743201 3 964882
55188661 97446178 8 363126
38264779 97148405 11 628
64219685 92978042 169 754431
34032897 94621479 138 994025
71708629 91504139 410 517369
17439404 91505696 1 335195
94819615 88911949 69 371770
17585754 87883693 2 332999
83433717 88346317 40 705790
13282324 92274958 241 759036
67951702 98854040 4 917471
43755240 96882415 117 198994
80437363 97354606 1 125624
10940051 93022870 251 455961
6346224 88457961 53 58049
42333083 97446748 3 842571
9668726 97147550 38 642593
40037721 88466115 9 597709
4023412 97195161 3 19359
48133246 96930212 93 322448
32493357 97160241 95 885338
39293620 94559200 4 216849
9118911 91976498 73 592866
66423714 88477234 106 779646
22637784 97149318 48 70124
76853656 99897976 93 720241
13449855 92383081 5 669378
77643903 92378947 1 225829
18292663 96920727 55 366198
35532091 92265774 17 459250
23610186 92388353 53 37946
70533712 94662057 168 573729
73369128 97212233 21 212314
33386537 92390618 118 446367
65258897 92361729 25 267741
39900659 92382202 77 878147
5729528 99838689 19 518626
31265064 70455044 32 529791
70325350 94610812 55 21270
55145888 88013204 41 490879
66933717 96688880 2 425270
31598300 88800167 24 187073
59202229 99133830 32 411219
30412115 97354714 36 522429
27695892 91974433 48 851508
68155669 98925063 14 31095
26919362 88023450 17 86037
78026993 91509947 116 131829
87348778 97024463 26 821789
77727527 97024292 81 923954
42472820 97181726 108 936409
47951308 96015911 12 342711
76331751 96946199 33 73220
98365152 70453681 132 99191
59775750 93035054 69 48419
67376400 96800900 100 296227
10451339 94872732 32 619461
85921453 96978328 64 416618
35746432 97509349 4 601903
26387992 88287109 15 916007
2123634 99891260 4 456839
40400967 94871936 1 945595
27406747 94823370 39 989519
87293573 70636867 24 983477
72019342 91994344 101 156747
94465117 92015155 2 462931
55980239 98799084 4 996011
40324378 96751083 114 577723
24641831 88367388 8 364943
53963443 88534972 154 626291
31810788 97355482 29 368616
81286637 96751307 64 895646
38507694 92981000 38 292246
54846800 97025733 37 812378
82039975 97123653 47 568232
28988301 97098536 1 344317
58690737 88172959 8 98612
37378009 88478082 331 666735
72887554 97441367 18 564823
6473259 97337271 19 497775
6596604 94837917 10 542413
9262276 92369616 112 516489
14385970 92304346 9 466901
52942872 97123944 2 902904
28868513 97441006 9 899912
20670732 97195892 19 493296
44481404 96933121 12 621627
81832061 97453143 16 417882
16932550 88285988 201 137196
44995156 93434341 45 969167
70894818 70643377 47 13926
82759839 98922594 5 616636
23870146 88037398 1 640442
2299740 88261009 15 288176
27688937 88261176 100 142200
58635627 97470785 177 861928
73520177 97216217 7 95154
6839015 87951762 5 98342
74129606 91993526 8 876191
39818515 91968702 5 996134
13480166 98801571 93 173430
47291569 88911829 11 692614
55856853 97445098 1 976968
79701338 97189498 629 110438
24551682 97020684 66 249597
13677161 98922781 121 602047
54190329 97222900 103 817215
27419364 96795628 10 792281
15071289 94839365 17 785254
45420496 94622123 97 699847
16355634 91964478 169 28689
28595766 98804327 69 835850
24090395 94709707 110 904669
9786479 96879380 73 74972
58935299 87951865 88 347226
17993949 96929249 11 798671
3772433 99866190 7 715274
53569405 99861472 32 962250
47797786 96882895 5 121219
28293994 97357159 30 386032
96562955 98908474 4 195622
60259 99840820 85 500569
62911741 88870657 2 529976
96618313 70664427 46 929812
16352812 99897454 4 254393
87954027 97148326 8 338348
85868514 88012609 116 666788
47617962 97091718 14 862515
62659486 96752649 33 78852
49176119 94559134 6 564621
11956501 70448968 27 100523
10689864 94870815 61 786421
86985052 88260887 52 854116
81102714 92268152 36 344910
12047922 97167853 21 470191
94668027 98923322 37 36896
81076381 96944018 162 260772
95624163 92263313 31 917283
70173041 92960775 229 949723
51852319 97015252 392 783297
39363629 97363988 15 49458
66020917 97128022 39 894338
79131786 96880683 1 792399
69370519 99849607 16 359895
30092738 97173334 3 837108
69421804 88023381 15 800180
94295448 88374956 5 198697
84820883 91962242 1 671761
1994989 98807858 6 348847
90390750 92265828 34 970488
93866316 97286444 2 889559
593533 96029974 14 809950
60616389 97379485 4 560119
17128840 92302987 74 316497
94433041 88023251 12 820461
95941226 99865588 4 695461
79936932 91964306 2 307327
81572777 92010789 4 814753
97540642 97162742 33 596248
66109600 97168617 40 470213
38290221 91503460 18 639358
55436250 92305276 49 372249
47499680 88464004 182 681366
87781538 99869657 13 218384
78309485 70448798 2 104280
4213914 97229765 81 492956
69769702 88790998 2 77412
44278821 96016307 2 538987
63817406 97131764 30 15910
72596864 70458114 53 772372
81009647 70448716 61 649614
71081516 97191312 5 617426
65484595 70448014 9 992464
4393267 88362973 55 597501
75125150 92280873 186 571362
1175422 97126634 59 617177
87175220 97092587 198 642892
7730690 97125569 35 860574
16898222 94619553 64 635009
24648359 98802756 10 306380
98245943 93461742 30 222983
18843245 96804440 24 735962
2651776 91506823 51 878391
81009618 97375690 210 850451
93805252 88343428 290 101526
24337553 87927198 9 536140
27767315 88284266 6 732252
41329063 70454548 368 638115
26794487 96688810 7 632370
28728671 97170596 4 106665
28798743 97220429 67 65982
66258720 70637161 20 993670
3981306 94809796 88 90011
2791800 96920334 59 101826
82557712 94841619 91 361615
8603672 70636401 19 300709
80544068 88050115 51 813705
52328276 97453666 5 464158
2759747 92274500 11 561408
11420003 96799771 12 869429
76565581 94618383 66 621081
20273047 94775515 1 130361
38860897 96802033 13 911706
11080192 99861438 1 398170
179272 91994148 12 82062
10261268 97446160 10 725036
11175839 96756786 1 709318
69759340 97354183 60 991463
81537437 97170180 68 210922
44950253 92263541 35 560058
78086845 97172966 5 30597
91150162 96805646 51 771739
2599117 99837701 151 666269
28502645 97184934 81 386510
69116237 99870167 246 711828
65093486 70665285 10 674169
20423761 98902932 27 868734
70603388 97148505 35 424677
25342123 70634993 26 780682
89034658 96804240 147 854678
41720390 97020521 74 992927
58112061 96799549 18 356619
28631784 93458456 244 259519
23312962 88054300 8 431572
85003742 98807460 7 970624
36683008 97364268 193 522269
4235276 97338971 78 95594
66701807 92264802 1 75841
82315473 92368356 2 588898
87796443 99820095 49 886226
82959630 99892988 43 808097
59391441 98799524 239 518454
41473762 70569663 5 381014
40624063 97016229 146 293678
1310944 97181546 57 600218
9685465 92267674 17 646884
36856589 97445492 75 111972
8859665 99837421 55 149904
11307407 97147696 4 699009
72339978 88344078 77 424150
19624351 99837482 3 177085
30931954 94830631 186 480732
80389719 97190993 14 370432
15887216 92329359 234 2516
87077843 97148450 14 911640
34883571 98857160 2 251201
31191649 92014512 25 898649
71204718 94742210 6 351200
51767017 97186531 12 482673
83399605 94555492 28 696925
43274912 92961478 1 160831
63112334 92304623 60 283852
17639710 97450586 62 732858
33463458 99133459 54 485123
68323131 92382988 50 9321
55243467 87953258 37 329389
9863331 97338079 30 864827
5510874 96021885 97 530052
7830396 97182393 8 380201
2541499 92266453 128 873558
36998742 88350282 5 735309
2334171 94836953 12 492290
95337035 96880603 30 873790
6783446 97125466 66 240384
39554652 94845290 1 624212
30868998 97356690 7 462562
26181112 97497668 12 327345
64218694 92308972 3 667663
17385515 98919172 5 495736
28167560 98807065 203 457234
66175954 97286400 2 383247
37660128 99865777 89 601949
12324902 70636789 2 626765
82993459 97232334 112 426032
40830983 96791907 47 408472
92252945 97125377 15 999356
11416143 99868215 52 925522
4957365 93023138 17 417674
85596695 94561637 44 122971
8702110 92308582 1 752225
82573606 88118414 84 744660
78574827 92371154 202 427373
62763166 93433768 46 488107
74989927 99083588 8 981969
9954225 99901221 13 947801
90712401 99134207 19 169466
1009225 99836233 43 11258
8875392 92016216 26 148746
26021059 88870562 2 935817
52470790 88021561 1 319843
62369295 94621668 42 956183
99755892 88351716 82 831769
73069070 94799937 13 600193
14795187 92977862 3 102585
51713091 88463758 9 650170
89420237 97441335 11 977301
17841232 99847107 3 728782
35670752 88793878 140 405443
62875381 97118981 6 409432
91814518 88049894 38 867780
67849345 92302744 56 902430
82931358 92365356 13 233525
95556198 88343899 50 844968
69190716 91964708 33 469560
85646191 92267439 65 570687
45419601 98906695 42 374381
34133490 94743282 37 749578
14570844 70664614 30 772915
7845691 88283243 1 695329
22307224 88794419 110 50017
30435095 91501733 1 704234
61463460 99837203 64 619752
74905770 88457189 3 271185
67404392 97184241 68 958327
23852096 97212352 16 91066
29857284 70447938 5 557610
98257620 92379403 11 450105
33942256 99896673 156 282439
28101664 93020144 1 738895
71837516 97440946 1 773652
39148083 92273535 34 540465
75200282 99870426 10 921166
9990805 92390924 59 617561
2095881 88374982 11 115606
85389860 97470252 5 628686
84503728 88472022 14 873171
81911519 94805201 35 987817
15860753 96932798 137 273218
25465974 96693097 151 495785
12024616 94837841 26 618186
170548 93459916 10 185377
17362277 88465938 164 174318
50265823 70483438 34 110799
26648853 92280642 21 196856
94222701 92963640 2 751347
9386802 97195782 20 726424
96780271 88910875 3 58063
2954066 88093721 9 109553
38405402 97182523 14 535382
4207309 94622735 24 380525
68800603 94804141 7 345261
55013772 91974282 87 755167
5719999 97497527 17 524708
53795626 97019750 61 799407
35200743 97447015 29 457701
18524266 94868027 233 836069
96508972 97199801 17 291301
57474227 70642462 29 747532
17072422 97333044 14 830866
24822458 97339575 16 204416
87120777 88013326 5 802116
59595184 98782272 200 407271
35418306 97148963 46 851443
15708298 97222037 18 215329
39642073 97453225 37 269394
32333732 88092003 146 911354
79358182 70662600 81 952397
77743019 97096886 13 115793
34517453 92308490 2 884443
50108065 97091613 33 50119
9862002 94775576 1 888985
56209579 97182032 13 945766
23378326 96881278 51 430765
35850909 97098654 107 21080
4067796 98906460 2 176988
24529787 97382167 17 644393
24858519 93459444 61 14360
81239499 91964662 3 395487
50073274 98807445 8 624601
55733409 88374911 5 100517
54262479 97286508 5 346388
82657832 94837977 49 219502
42961071 70664802 19 217853
46430123 88793724 12 458288
78908397 92977351 14 629513
9786728 98804538 1 205544
8322333 97497119 30 989674
12158463 70459364 55 493885
77657725 97024805 74 81708
47272834 97188567 37 80901
36405613 94839511 33 260524
31406830 88478526 4 335364
48212684 96796300 26 963811
60058994 97174225 13 639930
88335932 97500785 14 468928
75938691 97471291 12 895234
37825819 92267631 5 519466
39783575 91996441 15 695843
26493930 98930778 2 158146
78289186 91973812 45 496190
20794401 92980579 160 271787
61258126 88019830 34 465795
34270336 88093619 25 886286
15970220 93434406 9 821770
60806788 88020003 113 807137
44914366 96801331 89 174908
95391415 93020129 12 69998
15971169 94618284 32 859201
23804091 92011041 23 185378
89943463 98804460 51 729885
83619648 96944866 3 354081
23001180 96885262 1 654345
79891676 87927383 1 812701
13025891 94713351 102 918371
56640296 70447520 15 370600
68460179 98930958 59 90805
50187922 70483497 3 272036
73196078 97231870 71 80340
55928420 97161940 4 115132
13331078 92964376 22 347070
98444663 97140733 3 574454
30556824 92330534 86 381016
68418909 98903350 46 533854
91361770 91506636 42 914605
92919031 98902992 21 939647
44994240 97167275 1 37164
72164523 87953575 2 14088
8843893 88286728 111 590983
66677959 99818713 10 828209
9577836 92273421 12 497814
70399511 97018204 5 138979
76930392 97173252 58 574492
86766071 96017684 4 284937
74069 98905755 176 685338
56803559 98925449 24 787599
87427508 70662253 9 762909
28855297 94799977 6 113003
55162427 92963683 38 78264
66519973 93441393 36 190605
22404016 94619399 76 722615
15164360 98929967 72 877711
71832663 88379635 5 165410
65914058 96943782 10 649270
98397648 70664758 2 752977
34950547 91504586 28 12443
38680486 99133169 10 597202
76926670 97382377 86 366720
99855337 97186386 5 388627
51467213 97363520 176 975438
49648086 96795583 17 682546
352338 88534659 33 551429
60821040 97451934 7 274731
56582290 92388944 13 338086
55030016 97105447 22 780078
19971212 97118394 14 711195
6110683 91993272 78 429161
78187293 96804391 2 918376
52625956 93023463 118 215293
9884497 70453473 29 970312
97437701 96920454 54 434310
95271129 94825507 24 85422
19294972 99866010 3 734337
99530683 97441910 135 811969
65480783 94560067 4 854936
62423740 97223045 41 401889
62520082 98802514 217 103999
6694194 96692373 115 330435
50478903 97184826 5 320778
70001549 94612932 95 108043
70086166 97019877 12 969830
26959465 98923175 9 167905
686567 94806455 3 702515
62989921 88023520 6 651408
6670537 94613406 128 666008
84923595 97441288 10 465153
61212667 97364560 65 515488
4071766 88532426 71 57543
82143825 92329065 32 40661
86262871 88927852 20 898207
60774660 98928462 94 914318
31465921 94775761 22 62046
54041142 97336780 122 768952
15948580 70664650 6 22800
16731569 92379024 54 72055
85899840 88799748 283 464496
49623294 96801720 108 606167
61674171 96923055 7 851015
57265964 92003189 71 301840
46802349 98857134 16 776808
88423794 92275255 27 112922
54299895 99840958 28 393706
28872271 88346743 26 761843
9878337 93034632 57 493389
14119486 97446076 29 38463
53084060 88023300 25 786901
64620913 88260254 72 465330
55431919 99820011 6 345356
13787479 97092330 12 344783
73757480 96777728 40 473549
5952814 98931292 64 489118
59190341 88802871 4 131070
24306692 99897407 28 451529
47941474 92263366 18 514344
61229835 99897362 2 170703
3752533 97186479 12 937147
40051983 93027864 35 931788
70585303 99846953 22 982128
66061074 98889805 8 640210
24010285 97366757 25 351241
77896400 92263943 14 252106
11240682 97212283 27 889485
36072570 87953172 39 257837
54506902 94662326 12 24171
81203961 96979345 6 642850
51206331 98807378 13 747333
9526742 99866243 6 858684
2472494 92265949 4 541697
86053064 96692640 54 624222
11744318 88864415 2 763507
13081358 96944427 147 791543
37091133 96686919 18 173543
98663211 92260707 21 500961
47757197 92361344 2 258218
86434495 88374839 11 318817
34501506 97158695 16 893933
86398389 94713569 54 283154
61277303 92361451 41 469339
64046014 87875185 18 491001
36846458 92260581 98 492871
79533066 97148761 10 974331
33652268 99841629 18 855038
58415417 97448351 23 448005
6580730 97470328 23 708195
72393279 94560405 55 901032
46086616 96687917 45 845757
45229315 88092637 79 464518
2738206 96022062 2 706668
94473786 94810040 31 608272
97520704 92264791 8 741333
92818344 92324248 28 902877
38167753 97022141 34 340708
77852644 97471214 20 639783
19352045 96777685 3 217189
42667382 98922586 2 193643
96176639 94710298 2 159161
93285052 92958373 72 895738
98018126 70447482 7 304698
14599884 94804368 16 294137
21172524 97149030 17 339165
93355812 87926149 32 826977
94461586 88383188 137 696539
15443028 92365015 140 642762
42442989 92274602 25 281793
77842463 94805093 5 357428
67119946 97026145 1 71927
12024870 88867492 72 475989
88929008 91506714 30 367497
57143544 97138494 47 175644
13902157 70644066 129 793285
47030036 97337980 25 203978
70075872 97118366 5 695642
51871519 98798228 6 976437
53195684 97501448 1 887577
28281227 92259127 16 317495
35926455 88800136 4 258947
31277481 96880974 75 867681
75747496 88347116 7 214478
70192646 96689542 6 668881
13110826 88929992 60 103055
3458438 88802825 5 774180
19750162 97184543 2 910837
76151743 92329995 24 603495
50975473 98855607 4 583176
58476715 97138081 5 166336
24473503 97212311 1 248859
70113615 97446413 5 988583
62447612 98781720 43 56112
78789234 97027320 95 191431
85789595 92283416 39 269925
42751530 97357122 4 246958
56835958 70483403 1 140024
8330532 88283658 32 769647
54755486 94702233 5 131143
36001821 88364941 13 11070
99592886 94613703 17 714162
7347405 88794260 16 570152
70420249 87963040 64 546631
42539010 92378665 127 488801
45721457 94625127 70 867317
27947090 88286442 108 471981
81235470 99900827 36 992071
34871899 93034547 17 186933
22926369 92263858 8 688495
87496021 92308445 27 990125
36690394 93027920 20 290789
96234599 97196273 20 606775
96140767 97341366 5 783251
23327182 94621333 1 975962
33703944 94800100 38 409705
16362265 91976402 2 92473
78371642 94867132 5 882091
2010939 96946242 4 862640
48928888 98903684 34 140481
57247349 93459239 32 596927
6691254 92003357 4 342922
51806809 96930054 17 985318
63091074 70661305 7 51279
59269615 96023447 83 912844
98693547 99869812 29 825544
25900924 94781900 3 460892
72024562 88477739 6 101118
43097054 98925853 114 663950
94604691 98886470 73 34129
25530743 97502102 6 397403
88809119 92329934 18 925662
52201036 92270048 48 128242
59999629 88374061 2 778881
17790588 97123867 46 210578
55571717 99865557 1 900541
53948609 88118190 127 407148
43420463 94867783 2 302885
570785 97357246 1 144379
70970285 88017602 24 869680
80404825 70641423 3 246089
12823165 70642379 15 348364
18892691 94810076 5 459574
31251504 94662282 26 737530
94038453 88012462 31 638670
96586886 98922494 9 538989
76098070 96017987 12 969837
9734263 70634959 7 505589
37159999 97161992 3 187875
44882311 96775555 23 741032
97381283 97195352 20 293724
85597959 97338595 113 411050
64735625 94625049 7 479274
51292 99837538 9 21428
55862292 96023229 103 520491
67222923 98905945 7 807990
63221672 97497088 1 97529
26416237 92963836 35 493036
7082705 91510064 1 991185
77829481 97147601 2 723645
85972284 88091816 18 15722
15563126 88289192 20 262217
11883114 92364753 117 699532
3600729 96750779 115 562416
55125218 96920517 1 131272
17372962 92308873 15 580458
88300954 94822939 53 232016
11317964 97148266 7 898143
83854420 97098777 4 729775
65290204 97453608 37 742751
61187984 94712975 28 89218
40338045 97502123 3 361604
32571775 96931953 44 700010
49380759 88047153 2 875031
72305027 97366728 4 528019
73328279 94613247 12 702967
3755713 88012876 2 618151
34050886 92259240 3 914523
63329027 97367698 26 681715
25163950 87927376 2 143119
16320436 93432144 36 940814
17459392 94560095 2 725518
70337435 93440459 13 532990
18914082 97170274 17 893744
96153848 88350202 73 584873
65277110 98926070 21 49751
83598907 94871933 2 515773
8330996 94561442 44 919005
36347604 70643690 95 121289
16640597 97191243 1 987554
11483305 92330301 80 715863
23577323 93433715 7 460005
17884648 96922911 3 649023
89260541 70661917 101 499068
69249772 97146943 6 746104
70453134 92388491 9 5406
28544610 94619263 56 532601
14991544 92980900 46 182893
65398451 96688008 13 462052
88597404 97353992 4 331907
33998881 88477345 3 138317
910450 70459518 34 58966
21418362 97497216 41 357854
88091525 94799279 48 879513
46874045 91964819 15 871718
92153996 97353981 7 190007
3526639 98799272 10 676785
22482737 99840041 13 538091
77329737 88457106 1 288106
99202119 97019853 12 873315
64105576 94661578 27 534837
25850264 88283574 16 43072
33996071 88910839 32 648524
11124375 94621815 104 341418
71711615 88794063 27 170146
90266637 97204175 21 264281
7757349 92961949 9 385806
82643662 88261041 17 554799
74601193 94776083 110 110619
32273330 97025339 21 939144
8483407 97354256 12 489228
31505243 93023646 21 519159
69067439 96015965 31 274203
2264430 96805778 18 723341
46797070 70570832 51 575740
26532602 97336931 19 469288
62054860 92961871 12 297273
84796084 92261570 36 66180
39965568 97125322 29 514938
30070853 94775964 8 745742
3214846 94713507 6 349596
19500619 98922479 4 201865
83796060 94825245 97 822904
76716935 92273484 13 910513
48924962 97182481 9 11367
92130848 97341304 13 387091
11481772 96801910 10 204006
38160621 70458285 89 884483
30213414 97354479 40 468406
990637 97024156 38 850004
70121543 97182000 5 459916
27879323 70566619 11 123383
97944071 99133683 8 791131
22363909 92267594 11 874530
81172945 92280201 6 809819
7699134 98797713 27 774491
36974774 91507717 3 415205
63607229 96756838 12 994442
47397514 97022106 1 935383
57710047 88050006 41 920114
82416991 96684246 10 387036
29706163 97354416 13 425645
10848875 88476719 18 970822
56003048 99083615 11 622080
10779904 94610691 3 847117
36046698 94608862 3 61181
31744985 70457746 5 622414
74368914 94850948 24 258566
19925177 88260112 5 657128
78772225 97373211 10 180223
41664521 97354641 12 158052
58791349 92328598 2 929728
3209733 97148547 1 266926
85368829 92961381 37 25215
32706033 88466196 1 363867
14783653 97379639 61 673366
33695508 99828923 85 743858
49027842 94810233 56 714785
38840572 92324701 14 635457
38245936 96880846 40 412946
72921979 99869907 5 896536
10883382 92003697 7 536047
96885459 92378865 23 117821
10921373 96751462 10 11571
1650350 96978243 10 631852
37057275 87875364 41 305370
15449925 92388031 1 226998
19955433 97209416 47 915172
55502314 91962549 108 680307
70753175 96944784 23 289732
91015187 88343746 4 545787
73058025 88117987 2 115252
85245223 97167285 5 801249
26767265 97220518 8 13673
54702106 70635147 6 118008
69966848 91974096 66 51005
65593069 92964100 4 349434
67461336 96791742 22 996827
12170219 96017674 4 848879
36586029 88794033 1 798122
51758004 87875262 30 867760
48287060 97373040 108 659188
14313126 98781934 18 887434
79113324 97160429 6 720748
77697799 97208827 15 466841
49301463 70453838 3 386675
31611609 96755667 7 236602
63085711 97341379 6 594644
70448699 92369789 45 746064
3793783 97022341 2 350033
76450692 88476647 13 271793
29465635 94742197 6 352210
8882042 91504824 120 841215
28127977 91506534 29 953019
36299855 87925973 22 516786
31119941 94710044 123 219264
30846761 92267030 312 204351
55764479 99828439 19 906863
9174963 70636457 11 398231
82960213 92378261 11 484975
64345875 97117624 6 88238
57896700 70453537 12 692461
11297109 92364615 4 464991
54386965 88466125 1 376763
36568441 97453265 3 236958
97432619 96755393 120 193371
69051492 92304381 1 575235
45376471 97161788 126 37907
10769170 97229925 22 979961
67315943 97022308 21 680421
61701920 98925545 25 911695
99485083 97191627 14 191087
67117388 92383587 23 903409
28088574 97195326 4 395966
87718594 88797150 1 696090
56299088 94868336 11 50314
62989007 98875371 70 19865
15788129 88346383 20 816122
98874180 88476997 3 10053
73602309 99839160 52 290542
65664651 97191538 36 572023
44678964 97195265 14 89304
52320512 96016333 11 328948
66787277 88013344 13 152536
70654 92324653 2 434790
74560683 97230178 40 867632
77373476 92274692 19 110890
82614353 97212161 18 988413
35106360 99897684 99 501678
72899031 97182915 44 901418
43852152 93028570 1 506389
84523521 97146121 8 208996
20307465 87875122 12 917919
42184008 93028691 19 678224
37908207 88794133 22 373487
7165469 91994587 18 819365
3411451 93023757 7 840795
72030081 92978217 1 329407
34747165 93440279 157 240544
68613805 97149169 20 976662
25489518 97213771 3 879382
2568665 88802932 3 329675
93225923 97141112 5 342023
84090640 97497645 9 657195
36709308 70484899 80 811767
94039268 98854306 35 190784
55342862 96930434 59 95208
45934617 92282418 2 907272
41223280 92978340 63 776703
21165829 97016387 12 423574
30004314 88872123 5 17697
31679055 91509529 10 57259
26078379 92014632 13 251193
50991148 93034221 9 559176
34285691 98929511 25 152429
69663667 91976191 133 61282
41237020 88050176 9 151204
71071018 97200264 43 748330
30758851 97122493 12 941635
53913799 96796214 16 887423
18418280 96944247 30 832016
20476391 97024643 13 331358
34890175 92281135 13 147984
55607203 97441256 17 76815
70219437 94776216 8 821182
28271414 97025393 20 969354
60957734 88093901 4 574898
11039772 92014878 9 589605
95141457 96800592 64 263158
24981847 97018373 44 852984
48113870 94841309 31 694900
49440206 97008860 9 938003
56425605 93034188 1 612089
72068555 93458181 10 294236
17337927 97232482 4 701886
49318564 97338135 10 283339
8841756 96799842 53 545442
48215053 96885281 16 864792
1042315 98904536 41 648446
49851486 97446359 39 419244
27422860 94824874 34 57038
44484868 97447061 5 933360
36141741 96882658 2 393110
13054161 99083430 17 436149
82593086 92302533 61 848143
82929364 97185109 32 529476
33183233 97168565 8 45112
8926338 98781889 18 654416
85097427 92302890 7 845985
10702326 96944823 15 794613
83139200 88093583 4 763670
62210923 70636494 22 211660
50472012 99818672 4 837909
66348550 98805156 12 786342
31652219 93436669 55 536692
45464971 99897471 9 235494
32766022 91994616 4 36154
16055546 94804130 4 301925
43508942 70665265 5 818298
83956418 97454015 3 791525
14827504 98903561 43 719932
97166091 88283233 1 908531
36358554 99865551 1 945033
22913189 97200214 2 733891
64352171 98799766 1 151436
21736965 70458757 10 888942
87556227 98782567 35 823281
57921801 94713205 36 341079
93493155 88477707 5 16574
30522375 97338728 4 399522
85473091 87875046 61 795586
1022124 96753256 23 441280
92528831 94838145 34 375307
67212111 94870728 4 656898
73544894 91974022 6 822919
68217946 94851219 66 634850
20133778 92368170 7 916110
82672997 70661243 53 173644
18240920 98888990 11 476508
28305359 97020371 54 263952
57247544 97091337 32 837393
14443327 94800273 2 371294
40763192 92964400 2 939306
27762414 96774590 7 527397
77875336 92308940 4 460302
38870302 99866144 2 122125
16775973 93431914 139 441281
79736455 99896980 3 859606
54356018 97470352 1 836897
5860479 88872052 13 69597
70716066 96791185 161 556764
3396668 96931907 2 129039
6520020 91509818 12 441234
84395705 92273268 13 591009
37774213 97445582 5 798469
71319379 94877063 32 219876
46514967 96688870 3 805798
12540259 88799370 2 986250
74422163 98926752 7 849996
12231755 98802228 2 982402
51836903 94713043 28 761170
75125369 94624642 10 312443
92497268 97339674 4 711796
88378558 94872435 10 248366
49399693 96687976 11 615649
56597809 92273138 1 159014
15511919 94804028 5 447335
43815641 88047190 5 677205
78219828 88351565 4 660279
87348514 99083600 3 733613
63299006 92303159 2 924952
92175239 97509365 4 705454
43069631 88863359 3 100457
77209744 70454918 1 297981
59632681 92958096 6 84048
73296526 96801450 29 746095
41837499 92964027 38 823855
26649103 88911665 45 484537
14565622 97232530 2 525266
932323 88535508 2 275880
88780507 94872967 85 853895
22806802 97015988 75 851434
38497360 97209567 14 461272
88404380 97161945 1 750039
67925772 96683917 5 870332
33117889 94625402 15 305930
88451460 88383392 8 805417
32786437 92279196 1 711937
73511999 70662504 4 322452
15656972 98887657 1 232462
9670299 96804046 27 850597
91387034 92308680 1 126827
3448921 94822758 71 549413
33722473 97172978 1 148303
43471023 92281081 9 604041
99888389 94870666 28 581791
5830491 92977318 3 340997
41246479 88457012 21 864078
72602488 88018206 136 619855
72103250 96791818 14 650882
6772772 94618635 125 301389
10960751 98856972 44 192503
52205197 99901108 47 773611
82194857 97158448 31 144873
22743735 94618199 2 44691
27291331 99870480 6 593594
37328569 88465735 3 156770
74707597 96030043 6 675040
25859021 96930344 13 821639
73726080 96930306 1 582349
64886973 87951983 26 135248
21366862 88864426 3 89258
3199592 97453698 17 903569
42709886 99134255 20 366726
90509635 92265419 65 920231
67216270 92378387 93 145004
14977808 70641486 4 295418
17072705 98930769 3 478991
9015302 93034201 10 826271
16509056 97160018 10 741266
25972624 94742899 19 964326
7844009 98914969 15 392228
86115777 97169856 98 309332
99938552 97470497 13 266970
8919567 98906265 26 331392
9332204 97199378 40 249995
83852516 97337140 16 869587
72605345 97161629 30 906540
81562811 97147754 17 7197
91397189 99133729 20 594729
8305646 94798662 35 539039
96046354 93432080 6 745382
84922405 96801131 14 263472
84638725 92258887 57 875396
15955771 96881182 33 141286
4454269 97212207 2 623778
3838279 88466163 22 482497
52464307 97091300 4 785018
67657795 97091370 1 208410
35925114 91994184 1 704935
66772854 87883441 7 763919
44720157 92302347 27 200944
73469824 98888376 12 326868
1861591 98915161 63 333092
26142561 92010834 36 78095
19896830 97472493 19 986723
57197100 88471563 7 616458
13221400 97382494 5 476787
57881910 99838182 11 844102
441726 70458630 103 390341
68093317 94811150 3 917331
37914995 97196341 35 91821
68882561 97363726 23 684602
23926951 97148245 5 205284
20887251 92268190 1 441230
29228217 97453285 17 750221
21522375 88477097 15 256492
93626603 88796391 127 153010
26237321 94775736 3 619588
39099088 97133171 2 501447
45802094 97161935 1 648702
80689108 91993416 7 158990
40862858 96799734 25 963834
2194447 92390835 29 441809
75032983 94805742 23 551241
68443267 92964347 4 347838
70180232 98782474 2 127314
26598951 97094736 108 81323
57865638 97118499 33 386385
61633217 98929417 29 701955
99585107 94613662 4 37737
