2000
15391280 9244116 46913804 394985
55554931 53485284 44328766 810487
56561403 66932499 3068418 944044
96266034 70862616 665239 647580
32472284 99679786 21788339 711321
69099779 75475640 166738 839057
1162648 58629497 426417 881851
19446660 2778197 3052751 83822
33242968 56850678 166584 586845
15554309 70004442 3303 45978
93823464 59593062 71432 342035
4263766 59935463 264588 162681
35823408 97895830 76416 875800
92250519 63797035 4392 588978
17710251 75152825 1336 143754
62274469 61979758 1408477 629778
37055280 99308863 1249651 226810
55698329 57796538 289453 887310
42732079 6395728 96894 677204
70174624 77239361 93738 872937
17330152 6814162 5650 702905
18685095 73771677 221264 55251
4570914 6008314 95679 958175
288061 76171547 493882 350758
35132265 74196633 132179 758888
24727545 74694278 286557 760025
29784720 70022734 10771 764668
95510417 63415607 2654 182854
36632854 7393101 108906 292854
8030715 8959527 79164 21430
12012228 76761456 11666 773860
17500812 63783359 367 366168
39268831 6984045 72764 769643
29686829 8161918 96103 712409
94961349 8554664 107711 761573
2482299 74022296 14102 258589
22881398 8001810 1269 114164
75235550 74349181 13622 625006
62510333 77108799 30283 604938
35266064 60501933 32679 769965
77189052 75214371 39227 294910
49980138 75007813 17421 992954
80411589 57464119 30786 126195
3059008 56351184 31906 890236
89234230 63585719 163309 599910
81195508 73110843 255715 989354
51576654 76813701 39910 598758
42671847 56642127 20776 516662
88452563 77707047 155090 620616
63759570 6234263 29240 992531
98221555 70095967 10257 379402
78718760 56510543 71983 343612
46454843 72356823 218783 441870
81733316 57320805 47992 348948
23190619 72700122 6942 141548
94885505 6546675 19501 804971
32844464 59217738 142445 943484
58338326 6574185 3300 229733
33156914 7783233 46780 934412
98717290 8708536 29027 385007
16383988 6683959 96126 349497
71158220 7900839 59409 225962
92799926 59458228 47823 198073
58987273 58114422 8755 442791
76433664 72759068 41381 141117
31330181 72650986 17529 541018
76671187 70037271 3339 227548
20983942 77371628 900 244953
42975340 63759602 5593 669430
91031675 8044183 14345 569257
2362534 71940141 145150 675765
91960761 60390579 18966 141633
7820209 56279574 8212 687120
36824823 6886938 18387 396001
21913543 60208787 1495 823756
99184043 77472680 46769 247200
14391931 76998132 5671 309753
91228285 71580297 39196 258250
63465395 72803548 1586 288573
25816314 56425992 2429 1616
19465853 8342664 67977 146320
45931341 72626465 6334 217655
26054988 7613528 17204 978279
36548853 6269850 5132 414260
82217365 71674239 13826 664201
49814756 57169803 53643 858662
14030528 77075025 2499 870742
33852838 56299202 7450 664740
74622305 73543996 4306 739364
8284417 72602113 5452 670166
37972163 60361909 6202 709222
90716791 75060091 33794 704751
50158861 97999773 16781 556148
35778242 57111959 2054 589154
74140468 6578249 295 91882
92654856 60265146 44507 347720
7605620 6294402 1058 386927
16952602 73392906 21726 417328
76475341 71750761 43746 500952
59712307 63809793 5453 459097
95644126 58123295 42 690081
67240147 6852321 10419 356684
2202770 7534599 21838 298944
13639758 70078508 3164 987814
73991984 59670485 82 323821
89797286 7979766 15432 73222
3252784 77392033 9103 782868
29625658 5853621 1532 253261
91494364 6803865 2442 19040
43873176 8027853 1581 699275
36424189 7684986 578 323492
50378439 72593861 1672 78093
30242374 73367115 16 29408
50439498 8860767 9194 875557
14557417 58130195 1442 215634
38994203 77867993 5532 11395
39481942 56172012 8460 547344
94927494 72681275 4474 415099
46244614 72807222 1715 496554
31352658 75284747 9113 248315
49822853 76968058 23100 622214
75703201 71620587 696 217913
69084995 9115143 3099 479058
13716327 7672942 8584 998352
47235901 56402419 13746 794526
69180919 72136450 94 749493
90219916 77412346 6856 320514
41602583 59075140 21 427897
4615048 57050511 8866 18873
55431969 74051426 7035 948814
56612385 7563746 478 719621
63768629 6789539 1439 204764
47352612 6282628 1799 899451
2203195 72847556 7253 505851
61317417 73449256 32814 166790
29871382 6184445 2274 390742
37559637 59668644 1309 18308
1904940 77889825 1472 337231
85145383 7172538 31245 247623
11732216 7590250 5559 38873
3907010 6150564 2768 416050
96288926 57091172 13341 30364
81895548 76677322 9093 716816
85617972 60428403 8631 9748
9094742 6508715 11548 475597
80396589 63802577 636 321112
38382162 8770368 6826 558586
41818268 59367638 5818 174383
63393909 73503095 12271 183977
85397996 60331619 11332 591554
33882633 73369017 1097 935980
45106131 73524324 3780 601063
2579898 6156817 2205 878219
61595642 6862775 7 973232
36700498 58169051 10825 371641
22092449 77339612 4194 64109
41207631 60344897 1918 208351
65454852 9059946 8638 700439
44218619 77525588 2516 901265
6028087 75258254 101 546934
47913275 63822936 4856 725667
62938278 76931898 10966 142411
89370038 9043722 2330 461762
8699733 76915998 2564 435936
45297904 71528890 938 911591
4014935 5842383 1025 351718
17703817 59665620 800 75922
31942385 8833721 10820 305258
53782398 76715872 13060 265263
47316076 63768507 450 372495
34973268 6118967 5631 427058
76776012 5831702 673 184955
88566128 9127819 6579 506891
13449966 60443238 1240 733239
73228 8021601 1085 870198
83235763 60550145 7461 866863
96281621 63852509 10558 319788
75101694 8848228 2151 887006
8279419 6164652 4920 420188
51461404 60449105 3212 104917
24266661 74397524 1005 604482
80213550 72712801 4208 955487
12763107 71532438 1754 291243
81516084 8013712 990 950381
40843228 7268407 5061 421517
90272655 60468487 760 631796
36343028 7658799 2047 898051
90548900 6792174 832 367967
6208799 9105280 977 568461
11116686 6202150 896 394925
30651727 57075395 2120 951407
44663698 63749489 381 38543
51438221 6295882 166 275016
50687487 63783814 40 298
22966164 7131088 1224 334215
29010034 77140973 299 103049
90690437 70169942 10021 759172
10754187 73518655 1699 421943
16521617 72838982 1018 974145
35628123 5839343 125 329825
83025209 70149762 53 169132
77259899 75127267 10104 686679
75712536 76863052 3845 374195
31985741 75112701 1225 937164
96164751 57394804 24472 462046
8311457 7706514 17329 991918
36420859 6136448 3623 982172
33080662 70122259 9114 15281
80573955 75656802 3680 355411
13155582 75677211 277 459130
27833233 77067733 925 546438
78598298 72115910 5139 550206
9590725 74375238 10496 604308
69822353 8675647 3673 481731
64938502 5874294 18923 62550
60086583 8441655 3429 343046
9461242 56256801 7324 813249
88367652 6111847 591 675290
156404 76943927 525 130684
69319191 6905350 9 878189
23109145 56209684 4394 616264
47074690 75255289 663 917725
50807985 8740832 1606 448807
18046902 70159536 82 313401
72584332 73366745 153 101176
57281321 56667580 2919 890165
30424779 70146644 2976 560529
23701385 73995875 766 243701
56470737 70063409 6204 776140
12142527 73489960 6 888037
70292183 6290460 869 731511
1408247 8745585 656 861505
54178357 75646202 126 304201
3654575 5905248 2551 385068
25334599 58197001 2277 983251
69787768 75257211 98 950109
58534825 8880298 30 164189
10989248 75265059 5162 781563
30907576 7577525 1835 893272
88142132 75670608 4714 26748
65125822 73528147 42 9079
43081529 77024679 11684 269208
36690179 6824285 3905 662816
78235425 8420255 4642 762778
15246024 60351821 2002 587406
12531370 59510918 3419 497760
52104831 56229793 12210 693712
68849710 8019672 306 570169
31987949 73485718 1290 772490
36664589 56201098 2719 395008
4576600 60202337 2107 237602
55531147 9150541 1248 213773
80795023 76744528 3187 822439
96285317 7634529 1192 347927
13938659 63775088 3267 493889
40171499 60353893 2 514555
49427681 9110332 1368 759224
72389657 7583563 761 883491
29231330 56418234 493 725218
74462291 77379800 1942 207778
73494077 72825018 12601 380957
95897205 58098813 4087 139611
47517196 57240532 1097 168848
71407942 56313519 4606 29411
84065941 57228062 2456 888458
41651712 8815785 7083 702164
84455036 6277401 1171 689826
24194928 76855069 746 637913
58801206 77522699 122 347384
87049575 70191685 3558 996411
6889548 56584612 1231 680580
12690085 63409647 1407 495654
1363962 71689282 640 545692
40061302 72615462 4561 968058
17092076 7106760 13769 27287
6747334 8789910 6886 561921
22547458 76858662 48 969566
51883819 7689031 154 885997
6880951 8000062 434 769864
67884933 60439020 1441 347800
50879834 75150285 786 122239
53461968 6145915 1012 1619
92317129 56383117 18 240483
35377453 6864090 135 37705
20331738 60559613 1196 156490
16790078 57115926 97 79131
26326596 8011964 246 97273
50025314 57252053 4775 25977
85958961 59519946 1321 555506
38645667 97819334 29 192234
94650586 77059539 2510 429444
35531929 58183846 926 731883
16314812 76700323 540 262065
6541438 59514599 161 371944
297811 57505234 534 123911
74125577 7220560 6536 292245
34202547 76906217 6121 811467
14686970 56673030 1219 486164
41827607 5898563 76 377304
30184728 63407938 237 172209
85272120 7090984 904 124762
91047173 60369761 1482 476660
24521129 73998768 788 56621
8705834 56435229 495 252724
78592458 98035681 5094 820099
66813061 71702384 504 236963
67165388 6780125 10 559742
73970316 73482104 20 512551
24110007 77402008 462 982538
48872400 9075505 1000 412902
33147849 77528431 279 251137
53146487 6264668 30 605019
72311542 70085457 167 327934
79403179 8879803 57 891670
12233569 77051633 160 506427
11109968 59075113 6 611824
81892748 73993901 455 28636
10694694 74989940 104 622657
98532589 57034617 6488 97924
26681944 7997130 157 553881
72487525 8760673 1767 411759
4701678 56246478 629 49715
46891701 56270025 773 881393
3176085 76853700 15 83114
32070773 8780277 2242 134005
33117040 74399849 772 178795
13271432 6105583 1546 843758
45714075 98051486 479 476446
82289737 76698701 582 69882
41805695 63787508 3153 227880
82478003 97980749 566 193946
53129351 57503685 795 770801
22495702 57268593 3813 838935
37477839 7509889 453 958563
77117540 77143202 1742 901902
59634609 7126182 2186 64430
66012311 98022442 3112 611420
86678480 56430910 2470 650899
17165457 60354480 261 435397
77824818 6911205 76 64500
58848902 77420500 69 547671
72940250 58193270 1113 936199
1587265 56162719 791 508893
20155272 56598155 7318 810668
14459095 6109032 1897 483183
79355049 60461286 1930 627099
55736446 6297811 1007 32303
46096244 8880332 3 157634
9748896 5912405 48 781462
85567451 7654876 805 756600
19457866 7084916 3063 831551
74557764 71647582 10397 783528
35559849 8798809 665 250018
817143 6170490 823 57632
35319039 77064350 586 886439
65181129 7070625 1194 141389
43595691 72584696 5623 891517
87090126 9094917 8406 904753
85723793 77005237 946 695860
15845570 6196862 1703 638099
80228313 6292307 308 857860
21192852 77362568 2195 981908
42290010 9068893 255 871816
87524888 60537802 571 749175
20028005 74333264 1397 359135
27199810 57505822 18 461149
41206048 72707655 558 941651
21714329 71634016 3108 606626
11931875 60215370 2607 159970
35018251 6800101 996 372266
76912069 60455018 1264 256750
92457918 56264954 701 960862
60954092 8752638 6029 729754
70841017 6838848 2903 330006
90540287 6194891 41 379128
48864821 6780979 742 353840
52919221 6796736 1306 710161
71317748 76665958 341 515059
32737820 77037955 323 900780
16570339 70134432 2405 33908
96129747 6279403 519 888640
40569358 6198909 295 342993
81805278 72591985 115 834246
73453474 73536631 556 923402
63496458 77053017 134 555930
33144407 74989374 92 981528
96709662 6798913 142 787150
71105299 74060838 128 840981
64822551 60452951 5 50233
83720697 6111027 78 7263
11401126 5839058 5 618014
28590018 5909580 1233 15996
42817131 70180166 74 252199
8292430 75158156 1997 683598
8443872 72811397 609 182641
83377146 77078131 216 195006
57870237 70042209 926 465389
55678599 58185931 468 46637
87551802 77375630 1361 946493
43864843 60418095 687 883846
3977260 76738440 1831 288633
36728353 56319148 4 346938
23605953 98045212 2062 455475
95092267 7560674 1314 838344
8810057 56163527 1 710456
91938633 7637391 205 761687
87587044 56182545 1712 177778
17873768 57236456 2136 579545
99003967 56160718 63 262358
73745967 70110404 2315 451585
67148283 73528921 681 834565
98140156 73483620 40 446353
70006706 59381420 6372 8347
50745013 76886811 12802 943377
13811463 9153841 1785 570193
15305635 77879433 1410 886776
16539816 7238593 9857 486887
79624176 8433764 3897 637897
81466639 8873872 3435 372130
38104072 74061382 111 4065
10993346 6195014 36 156928
24732238 5894723 448 916173
89760294 56307523 122 374455
23508609 7058273 1142 950033
8286940 8064038 1257 85818
61983658 70009955 982 184415
5832515 8007132 3424 961031
4979180 8762939 446 305180
29209199 70131721 167 57534
81782694 74984083 1546 997642
40908138 5897156 56 507877
20235535 97976007 367 74456
66312028 9145385 3164 592637
42780052 75648367 381 256235
11718387 6579857 336 329282
10213366 70050989 4777 960972
47768511 6287761 84 495213
39119518 6280536 172 370303
48769378 8415091 436 239078
779846 8744689 166 890775
60536610 56242589 144 393760
81872769 8259010 584 112887
88396111 76691708 1949 744420
62820973 7208578 4356 312880
99112663 9051161 142 573357
51493089 9083671 1104 158131
99715798 72127610 2837 683451
36053797 9040696 112 415834
76574890 77041377 1944 561693
84740680 7584510 128 587104
54875357 75644809 401 768412
45534465 63407453 171 765201
79990331 74988657 93 395282
81075799 56288248 366 264570
91860890 60319565 153 701672
16481576 6866606 1511 243472
95047896 75651707 247 692451
11036928 60413407 1856 882970
1763930 6832103 3203 213567
90091886 7997309 7 856795
77799060 77534532 3739 968816
28353827 73535143 378 43076
10419286 63766067 540 194373
45038180 8800464 640 318713
3122241 60211538 122 595559
68358691 75155051 403 622662
89811435 8267849 5767 85411
1622860 7066214 3095 658288
65679781 56216639 320 361367
48315355 60313349 75 733032
59640236 74406068 674 373389
67700885 58092332 1332 673345
49114106 72137219 510 927733
4635419 7213065 87 554029
84080733 98049666 550 467622
16505291 71695033 2432 520529
85290319 7092264 213 125788
30213371 7838223 1040 972393
3777967 97818105 769 241582
96202951 9077329 40 237680
54843498 56197887 286 804472
69730411 72801673 118 690075
95774804 77520305 828 546132
81957417 7274444 932 971079
45314039 6580727 6 607227
72794337 73530982 566 593411
33955295 59406533 825 285951
69297878 76942964 77 594771
90945396 6905744 372 317844
57157089 7961396 162 671930
75622689 7075621 675 71374
32575111 75097924 2284 357931
54825649 5832883 311 563278
26205722 56291665 87 662980
24686661 72134264 1782 281312
1060004 76867071 138 223663
65164001 98028164 1687 652963
11714284 77350682 1957 746745
34538050 58186729 141 419439
26648016 63398933 6827 232345
40764352 70137312 365 125181
72436562 59401749 1469 498597
35100180 77047119 2342 262112
63451464 7277170 203 459897
54593476 74063211 405 596050
74255847 59507410 58 634301
68295748 8258073 45 536557
2622067 58090477 233 164779
98450937 63753886 100 698101
13772143 56420667 1802 272225
76521728 7580475 478 620537
8143306 59517913 507 871617
72243426 6204057 415 981812
31778783 60536900 109 743667
34406380 97816032 321 403628
2914211 6204714 45 572431
1268667 56588453 1722 686731
18209506 7250884 746 589052
32872493 7253429 584 876548
71256195 73538772 902 149030
46491883 5898054 386 325154
91312413 57223570 30 235124
35605334 8666848 96 623136
20140395 7281307 2550 520125
27676269 77369834 546 423728
24881156 60445035 257 66323
47228975 6566430 36 560554
10468159 5849882 165 226540
40321933 75172775 2285 119679
32676563 75665069 760 372068
94795608 72101515 2400 305783
1445337 60569530 1667 419352
49398580 7995282 50 427474
53476899 58086931 76 196736
7397563 6275531 435 718901
20429918 56191222 2349 169014
49583858 76919202 79 611589
45086664 70185367 819 170449
71522167 9048691 1248 908497
17296681 75661238 742 816706
42534889 77405173 222 755581
30605270 57431725 185 547577
59152293 6567822 510 934690
25886463 76697914 125 701412
46708168 59057591 1549 875774
37620168 7836272 737 81020
79053214 57109714 93 67657
67280233 6263609 52 788067
93211795 72809783 55 447848
30787783 5899480 827 657584
12642086 77546946 967 218917
35010267 63411173 14 605629
72112343 9134730 77 340016
37307379 77139917 42 237489
19088800 74364735 2 667304
83764501 75272559 237 17233
84098831 63780201 1151 457575
92439716 7512144 243 122315
77778869 60567112 98 220010
1633115 74038368 363 537432
62624800 77360100 68 144484
71655642 63412468 184 154875
85598166 59392561 3912 164426
65752011 6524553 958 979837
96827698 77373948 318 164922
30200087 6191469 2614 745909
25424974 97975179 127 52265
80191264 97973945 287 354425
10740690 75141063 1756 163831
20600549 57239430 1 451780
83408708 58093720 22 407828
83664544 60313526 1 358393
71577959 97815708 1 729384
24556191 7136134 91 715151
51425926 6284524 17 917356
89117949 58186491 79 689774
99930056 6527071 24 919731
93862560 71703806 174 253483
58438448 6187507 134 299309
7794779 57017475 205 221141
50035604 98054703 2728 12016
56197235 77036965 432 316311
31763094 6194815 7 123701
94476871 57500207 2088 257375
83667272 56608401 532 534402
59070515 76686629 50 561596
50764527 9136353 701 874869
95384622 60211067 8 186670
50453954 77354430 853 892774
10327140 59398725 613 900665
1720691 63792041 439 474348
3886340 56159064 831 337259
13027971 76667756 81 681400
73548501 74063867 228 905961
7395446 73367209 58 795609
544133 72590689 343 917917
43742514 71700284 310 340668
59276008 98048045 426 984838
47719029 73487264 209 329271
83526874 77528974 67 153728
75116036 7727991 2879 18482
32058900 8025868 92 158720
6335874 7688720 143 961508
75885895 63832142 1026 846531
64670987 6910104 792 246190
60869270 75300523 3252 44367
39360449 63407056 20 651646
63034932 7840003 570 429581
45927048 77352675 7 438997
5755510 8877421 43 397590
49785244 77545535 226 813892
70930269 56680109 977 788337
64839860 6522427 398 62922
93864555 7252118 97 524703
38270130 6174927 525 627447
55122890 71629489 1321 826919
64896112 56610875 1176 468876
90352715 57242586 823 62166
77801910 56290988 386 842789
63447397 63421934 353 355334
18174062 8671078 317 244952
49768812 58147403 9377 555751
86380074 9140147 1061 12426
83706876 9073838 658 777574
2688392 6783030 385 111293
36086637 77053377 159 83837
53895031 60310694 27 443787
29004711 74042937 371 907897
33079154 60542013 221 489051
11312813 7276081 127 238016
5890151 6276135 39 402991
7650128 75095260 188 455244
30416316 72690814 1617 375602
41261864 57431990 40 417548
67117604 7736400 49 349053
25507658 56616965 1375 421536
70545880 59515041 28 65814
54328938 73483767 59 622255
95414872 60204516 58 378280
65541067 72805354 83 606711
77808988 63828609 249 587219
45245001 59408309 289 278732
12155630 5845243 499 96620
66969074 9086422 41 356280
41041710 58105655 11 154771
7464535 8429019 390 781938
8576607 9118726 103 654545
88808296 71621790 298 683571
1720378 7566211 1885 626434
57440259 6131759 515 616904
62947472 7249924 89 898247
64215712 9085437 264 38763
43549137 59388646 2 211204
56461110 6289184 361 402916
29192985 75676071 312 611179
93156131 76736138 463 53660
87088866 70150565 571 127418
45791055 7841093 271 60857
91097346 8806840 1109 714991
35147132 60539254 584 14824
98481872 58190624 352 359831
75370289 60212317 274 463227
82377459 7638337 7 464112
51286033 7662152 40 890606
40401833 74061802 241 119411
67266263 77054466 441 769514
42256326 72800791 196 114420
647303 6141084 847 580887
62144045 58124329 4 5534
76216263 8000498 1 321988
85996694 7502936 352 643869
20828756 72122457 895 268099
23917239 6287469 141 674697
55272968 60315215 70 215397
75069145 7572382 1802 572793
98226787 74981948 204 339482
64770901 8804061 471 115883
9221221 7653248 205 478054
70427910 5839490 3 143754
33774054 57427758 1568 419655
47065957 75166913 3098 537584
5840796 75307082 1699 156747
4333367 7683366 658 66699
28086802 5848059 768 589567
87309885 76730957 1600 491333
78162479 7652300 83 984374
13528586 76735573 23 214539
34988711 70074139 27 366020
98185629 7508949 205 452040
59697326 59066971 1406 830212
48300691 58089257 258 682378
861430 77425310 556 60083
33451297 56161678 223 766387
48965916 74004279 2219 597803
99931081 6798273 48 68926
24999043 71706415 575 178884
40236152 6176802 649 727269
81580113 7735156 596 11664
79380214 7558651 648 875747
46082862 77345880 1978 385615
24005654 59409677 309 320573
41011816 9106850 149 788634
18091321 75138686 289 190934
16459515 7830920 621 567752
58493462 56385503 262 420760
7042002 6807447 309 423105
44667678 70073347 661 40715
4107764 77062938 91 798189
40821609 60317683 685 641758
57985820 70188056 59 955377
86023696 56306711 14 725507
59983590 6570009 113 158295
31429770 63837015 1606 634481
74413325 57021809 2968 123056
45431491 5846345 506 904797
4515514 60311800 1072 502412
97467790 7511277 399 962715
24551279 8669411 195 821191
18114717 73548426 1 475684
13113575 63782192 793 961446
61967644 9137470 290 346918
45555788 75147731 1159 249247
49525806 57114518 252 142801
50400485 60342978 1 935413
92610471 74331765 73 585034
76161392 70082407 710 186233
65419598 74985960 223 36417
31675114 57369934 206 134312
75724903 8022885 75 904157
28396954 57062402 63 191035
84040630 56613842 610 746534
48909524 72097330 1052 197476
45947182 58087499 325 697896
70015665 75296009 403 438533
39203787 7998055 653 877090
85042222 6784746 350 805757
83818051 6129554 417 822543
97389495 9156440 75 61679
15082268 75146454 53 166856
69684115 72110524 232 608418
59291965 6188386 298 753568
86946482 58131991 154 414800
59885004 72596188 110 782067
37925589 73548672 223 309271
70632048 7651588 323 968114
64829414 71624005 236 712312
20831483 60560950 76 436136
6348340 7831971 396 707390
77835408 63834092 400 944631
2922972 7278248 439 706721
41041869 6586288 838 572402
95747350 56438526 15 46267
86933839 72669250 270 127831
95883307 9138886 152 178274
16773842 7284009 16 343293
84381823 6173158 565 779451
83292205 75647199 552 869630
21805796 56437482 209 567517
2598275 72095504 599 624246
79458813 76991511 174 121686
80807773 76869539 1038 889150
1317576 63411136 13 827145
6141261 7724324 360 466713
80746466 9142050 68 994478
66538727 59407745 53 723761
15069729 58088208 67 153735
42988534 7505271 320 59077
62373438 70113078 39 197637
38179240 76666949 541 356027
55950660 6569574 299 286128
75988037 74363263 117 721587
9340384 77874726 236 945841
91735784 56318549 97 865810
62807976 59071101 161 925043
56327302 60441638 252 613592
37783198 7835332 199 341633
78662013 77420695 50 66310
43501533 72090477 2290 771308
8923840 98026016 164 306322
48243391 72131456 709 22661
91268198 9072341 705 648247
79438419 6526351 150 786444
12333805 7079571 2109 517521
8852611 60466881 86 431980
77604346 70186570 274 894911
69265529 7060037 14 822082
228422 57065304 821 228907
14206722 63389602 95 249378
34185831 71540401 414 575168
8871966 6521714 314 105386
60344306 57223506 17 580247
50929556 56417438 124 810964
85927039 74334805 48 904817
67512097 74390329 2828 732953
24470855 76870900 214 700018
45305024 57060582 651 633411
46456615 70043877 719 692095
24863180 74039149 345 974933
63306546 77366393 1142 893212
71700604 60540337 151 484108
95922776 7647718 1049 274765
83607718 5835377 1630 71997
32236383 7122016 1118 833668
24439720 56620267 852 247105
84307615 58199367 9 593731
96508520 6798462 48 582071
65194304 58202363 173 599986
57153786 77333576 457 338321
18858328 77043655 252 311204
50133698 72686740 443 453273
41442950 59514889 100 598584
87137745 76944760 86 376523
43651583 6585133 255 881216
94628996 7088589 487 877639
53051239 8058662 72 301656
91533751 56609591 12 107626
86636150 72575776 109 212448
50126795 5901132 445 402595
53714262 57426135 51 9431
1151588 8024051 980 286427
96250823 71703210 277 277535
59467584 56195238 439 748011
82811187 75294602 177 180740
11066301 7134461 678 451087
12177382 6179743 917 922833
4585065 63389976 63 963607
71663035 71690375 152 605677
94718356 60566501 422 210795
80948212 76773204 65 596347
2014950 6144636 15 986847
15081529 56383525 298 149517
61998135 76688066 1181 223139
42318609 75652268 222 731464
90192077 63833249 8 926498
8959687 6908602 24 462746
69819080 72688030 581 128238
5263830 77010286 828 55844
24797109 58137963 4 97391
93667665 5840095 542 612949
20567016 56289754 555 239714
79182544 75650318 822 760422
54324389 60218453 149 352405
63083534 71540924 104 734896
93418922 59410327 50 708043
58712939 59056020 12 148229
48118954 7637161 7 485522
86275846 73550383 8 203540
34246569 57070429 1884 67297
95876253 56291408 23 354633
38692239 97979846 137 71940
94294211 74400701 54 765945
52318458 8878858 393 635416
71524686 6188840 2 410185
90454950 71691761 639 96358
73677509 56605915 97 359017
38884913 70158456 814 328793
18293175 8062706 67 79891
14748379 57244691 24 979405
80175125 70046191 18 493863
72648311 75114043 67 717383
4896957 9071191 276 954422
20193971 77543357 1499 748722
22095874 63421374 81 243149
39165740 75274677 324 254224
53951161 8797766 336 326790
56228167 72578679 225 821613
12856517 70142056 276 378561
66686702 75094152 162 945429
42322263 76859188 13 795384
34175699 63815471 208 892266
34207466 59507075 22 552359
92621444 74393550 360 493470
52825730 77550243 1226 222926
90699109 6187199 45 199937
33923577 57425337 29 891691
71354710 57067128 222 790721
23634809 58104174 160 429891
34694398 75258406 29 361618
63743391 77055374 74 237520
8494851 56612667 12 294975
83218230 74330107 1155 874954
92037504 8273770 107 582437
6492318 8427714 802 147693
9211 72810425 116 706552
52183708 70138241 394 41041
57484410 77381880 128 643803
92876759 9050426 158 428447
82972644 77141326 21 241089
61860761 6579428 41 397273
13357415 5849415 266 629609
50110461 73482692 105 507988
24786978 6494270 167 919868
61059298 6194780 13 605485
13112058 70195474 126 205394
42385925 71699708 129 519374
47367153 75645826 203 124841
4129039 56422936 2 439355
97071647 8425210 295 296503
92922500 60440941 149 15278
5050916 6863686 182 238752
56233785 75025741 425 198308
62647899 56267170 1294 251821
12960029 7249550 271 921518
87853606 77368752 434 268588
49372187 57426082 1 548866
53878454 7136483 77 732847
15484571 7633142 87 199676
7479129 58180319 65 953854
71987209 72105488 622 499372
97430674 60205826 21 919571
95791148 59360984 370 940012
11840257 63770949 210 296311
93866548 9119737 879 51973
97792111 74986639 202 709871
25639604 7830181 91 521486
26482364 70107583 356 1546
68706509 72675690 251 559684
14694117 60220596 4 890393
14619942 57262613 1919 242996
86325280 8259929 107 673343
57789982 60217979 1 537117
72435747 71529915 67 480133
45739325 72805208 13 431840
98767499 76856440 340 712945
44207710 56417620 14 420853
7722624 6201038 162 867094
61067944 58126523 2083 454120
70596542 74988779 28 604116
14545111 73488234 56 775332
29612715 77357979 1680 934137
49457853 77541764 37 994842
71095339 72104368 320 495194
90439349 7733006 1245 5891
20207852 6525520 2 13927
92053066 59062869 1056 776127
39232457 60565253 178 840109
77494377 77548136 221 811346
1926169 7227668 450 272634
99307275 71530509 38 441909
51564738 6159329 207 975512
90276296 77421467 577 917220
21130853 74042440 104 818679
43678344 77881888 984 690150
10832025 8020431 69 345083
3795659 72692896 23 177728
16931677 56384330 345 356604
57769688 7963944 242 696871
22381969 6862933 16 753070
61326971 6495969 449 284670
94591078 75270260 15 516536
32499270 73367064 23 928903
43662168 63752899 100 138570
63702582 8850410 4 990695
42253340 7995886 52 626877
24270755 73533441 628 356073
40510098 70143064 123 442069
25767998 9069537 112 279534
77029738 77039235 49 506478
39440671 97816904 111 509381
52146582 56388429 101 654865
89542664 6493670 268 106020
91919856 73997134 111 456651
93835704 60206748 374 868510
70785215 71659373 773 219491
37575909 71699177 191 724114
23064796 76918788 167 714415
16879514 5839194 1 547420
50538658 57231498 158 138560
32478379 70159381 1 695017
73711491 70070461 780 104827
76216685 7961139 13 740393
24851978 63839803 557 260331
79473729 7139211 574 874075
67268525 7731426 188 763137
23403193 60314482 251 700196
33933454 9108137 415 604424
60367688 74981287 136 404435
99281053 75271394 797 58772
10982242 60463224 3 316080
15374497 77043934 5 939656
32417120 7062981 127 467441
8783206 7136607 4 552635
27829357 75645593 8 990486
56063493 57424032 1213 960749
27552552 63769456 23 837833
44035962 77011360 165 309474
57171817 6124867 87 197182
28563154 8850392 3 15956
99448117 7596221 63 341541
10701831 9049970 8 442101
36377941 6132363 50 249006
83943799 9046208 29 838390
35595196 56242867 120 726255
39847243 56436814 43 396588
78110421 74988173 92 864260
1328931 74006915 206 898624
4568886 97979080 138 567039
23105539 97982286 259 869508
70382866 6140190 39 634210
55028956 9046846 337 988550
2249347 58133571 747 113312
13085163 58201613 158 452004
56581411 8445969 216 399788
80424435 6782005 9 730107
83324932 60409851 281 754604
83594794 76741211 59 145153
25878090 6132506 11 455976
12097552 75110589 98 362203
47515326 6567223 16 696913
4473400 8445433 315 862798
4584974 57041331 14 867140
12797216 71704732 262 970664
2809826 70107172 53 28178
11716600 98041664 652 252008
63463861 63752304 114 959162
4036859 56423135 72 505684
55277292 73520362 3 252689
25603321 6285244 193 46955
93679501 6292957 74 712163
92303021 7562468 232 376005
52155371 75104272 1585 140812
58995309 56247895 355 447881
41000885 59396678 172 319893
19716656 77876841 153 747877
79707120 56215474 166 25847
11778137 6147193 60 835015
18837231 74037804 171 394758
86441282 77403969 116 832923
590634 74386615 490 233287
96108673 60464272 676 734517
28015716 76899773 24 699409
85959290 72108233 1385 823438
51021356 98030547 40 27242
27978304 6523505 70 390070
83550198 60535085 70 783768
88874441 74404927 303 274435
93192375 77402744 18 488820
4245244 76697738 11 179731
74757904 58158172 11 765100
34085434 9046474 20 973414
20317027 63804092 99 118491
69081024 72086001 7 629100
59924928 56249096 131 998892
86729842 97814179 109 859325
22810243 77548683 78 568061
16740719 75663658 528 649197
96943814 60348369 396 970995
86648081 74335475 5 360946
73018536 6785372 253 272900
42549394 77139529 137 89521
87844596 8429813 48 255453
43831990 77885167 1496 184262
18851599 8274662 10 197439
86050653 56608998 27 14466
35879766 63412177 17 885380
15920683 98017538 174 579554
63231763 56618403 3 259748
86208934 59397733 102 418877
93768745 8062350 203 235362
51240523 75297242 15 398102
74809130 56265658 1 202068
30538666 8803338 108 985949
82457920 77423180 390 339761
88173385 59515118 26 500110
34874590 63771717 37 998468
91153336 74060315 124 892612
3588025 77382040 8 122480
64451732 77062351 75 168742
33782858 6787225 417 448005
87128502 7638633 62 677761
58367691 60219895 621 692903
77692775 76992184 17 363953
62436935 97974601 188 118499
47038048 7258525 2479 269429
25538532 77403317 313 838031
64733439 74042057 5 748241
79452259 6293198 135 873936
36841519 7631793 963 102229
76632922 56188431 177 887092
87984998 76696490 353 670588
48944043 6493396 6 121218
61065420 72124345 148 832378
56250757 77419740 241 976975
15849662 59071352 7 546368
10753143 73482543 31 979458
34876230 60539991 100 418663
60204042 57115791 15 794598
33638642 77402498 12 656907
30796421 57497477 255 517846
61490304 7277544 56 134555
49814993 8003650 41 25367
81053141 6181240 298 97188
71739174 75148904 5 856696
30725496 6264594 33 478455
26359328 5901935 198 347965
9851031 9081373 373 394382
84556673 7961174 8 139134
81891694 7636571 284 403531
47632040 9079002 1066 637941
38343788 77549016 1 519559
94007565 56605624 86 168049
66151873 58090862 110 72703
43127857 71538751 929 524967
33577129 63769201 172 123206
27588010 7663791 524 365683
5862302 77522354 181 980151
61303757 71658090 18 439642
82935208 56683529 31 601358
81099091 75115434 1030 198437
48244112 56186413 1347 574671
51179475 60211302 35 746227
45257130 71705287 35 680489
96230233 77875971 388 54441
84363571 9082124 144 67046
59746435 71536490 1274 314577
7928223 56307330 12 37811
22616216 8015699 963 879429
47067761 77145281 14 841811
90897434 7139979 160 971559
37978518 56268705 17 730669
71906305 7276736 38 367948
25911494 7076590 197 19090
84103299 7655920 239 260290
93105418 9050750 70 507692
50276508 77009430 19 417093
66508841 70112757 16 902462
54082994 77065402 460 916743
14387346 7685910 302 508970
25958500 7255560 318 133540
351212 63817363 575 981498
66223869 6127759 1115 74049
42363233 6570629 118 307825
39650468 71625255 411 437370
19078634 6523587 1 830546
27291393 74396266 186 103663
53903269 97814818 419 648701
10035834 71626775 629 711609
64429627 97972339 15 959331
67387579 77051314 44 464391
36193210 56308458 132 347960
12053527 7502356 106 635837
50438367 57420436 759 295241
11281852 9047256 14 909493
98272134 5843620 20 8285
55899183 7834995 62 826897
80986000 57245968 876 489947
10595082 7834033 479 316609
91640173 60561512 165 505305
24320706 72591393 170 270936
29421524 76667987 52 155190
81843962 70155670 1661 243692
17443239 56247263 95 218553
13059411 7637786 187 966867
67254712 73997353 20 44584
38723733 77008829 204 346838
38027746 60536045 242 457503
63944575 76919078 18 707340
66621417 72592124 5 638901
28047655 57106376 1220 699620
38249937 77521757 328 215775
32096601 73370703 354 55678
1481513 60353905 6 778867
54521876 73532116 512 534394
7832467 70137836 10 176847
37455460 97975603 27 18057
55176366 74981510 21 431386
41039680 8743352 318 548003
31113497 70071866 81 162553
82876152 75273973 180 47421
54369142 7502047 20 775042
4721232 6284818 5 820235
44243821 72674949 261 737688
89453413 74001007 794 67851
82698236 77377556 204 778007
78815977 7962070 265 868479
95418887 58132573 238 349748
76214671 74334893 5 685025
48031942 70153095 835 187759
99744637 97977096 37 406801
80712731 7059804 81 620759
90454608 9107428 154 205874
23776716 59506310 78 860719
24692783 72577549 42 192519
18321326 60456395 112 462042
89593386 59060197 32 691165
72654787 57432899 330 284974
41223140 56248313 13 600062
14876454 71705049 6 439263
51113564 74007426 217 41869
40731017 77063540 37 502371
98231831 75107831 1601 542478
63905958 77140169 84 516477
32545648 7128811 223 479428
53375750 7569838 251 842123
77445621 56385985 118 270829
37820945 56289004 170 823396
35312743 58128735 15 56014
95946891 76873032 183 865678
95706560 70142625 221 615814
45643314 57259895 663 482212
94487645 9039903 451 975474
33006457 57027192 375 621538
13293909 57430758 102 873363
83683725 71697811 43 443435
2271776 60445604 33 236868
32041179 56678226 34 842392
9125438 8665026 1063 728493
50387329 6580696 16 44671
72097663 98058406 503 426339
27149147 97972952 465 447629
67666565 63771669 9 669549
50758842 8669688 63 349180
56458013 63778893 143 504140
36317670 8411216 553 761914
80220279 57109516 84 101133
90738479 72124016 145 664556
22858394 72093603 377 162166
46572010 60542305 49 316505
78466352 60314103 15 728587
29607659 6568756 36 994540
20590878 75025258 5 723250
71817657 76872143 238 380366
99589022 9121126 8 740252
42463135 58187632 353 420407
89149224 6204485 10 26205
89537204 6577744 157 434054
67849150 59403710 425 239190
20271932 56681230 115 616326
27031894 77530153 253 228992
52933266 56437942 187 91532
39572684 74403316 171 550365
65931299 77355793 377 651075
51077042 8777564 228 780583
94216022 75676488 42 51309
49048600 77887702 51 469819
76899132 75144591 1246 590949
10022974 56433962 540 201731
81449058 73993341 94 26498
85151360 6587461 312 305524
26144719 8802602 494 452793
26586426 75113970 5 678307
33936844 60314042 7 937172
5933550 8261342 503 531434
47771574 6171746 127 809978
94057809 75273153 260 41477
98092489 7642986 666 763341
18797297 6908728 38 346016
4126322 58187200 44 211054
2198510 72670636 47 564617
87058353 7276263 21 974041
54056915 63390319 97 518478
76068290 73416290 3 258298
92819264 77548599 3 461184
87308722 9103812 7 660594
50711523 7996472 12 310026
91951814 8059494 348 492361
86315600 97981711 295 269348
2259300 63841345 31 391651
43249015 5893828 250 674147
6622925 7575413 276 170559
94091353 6186880 52 193631
95582855 77886689 10 999179
56618646 7556923 464 656244
39954328 74395805 258 946830
73227454 57246941 51 477680
76777734 7662416 110 952130
46615795 77348082 181 339070
39085248 76748867 368 847032
42378805 72837915 48 935019
73237132 72673177 14 180797
84006224 8880199 58 989990
63333806 75253834 53 213875
45193634 7140572 341 437676
68784097 75644094 44 149530
37995426 75273558 14 584672
42040627 72608281 375 204508
36447893 74002025 4 746099
83077677 57257126 255 993752
8806716 59059944 204 259819
95075111 72609505 514 592634
20755964 5902194 37 792932
28234127 8437727 37 114488
4029203 97976597 218 987335
71226646 7582341 423 608511
37250840 56619089 4 285644
34822090 6286089 363 249912
76059031 56437215 42 671395
50377473 9070893 2 948911
27984029 76912750 410 248996
38145843 7996628 97 866602
98443433 7213253 38 942022
14184659 60218918 250 485787
90013817 56614967 364 102697
6267208 71625789 114 492610
94067674 70159651 28 61362
84673636 7060669 286 772295
68040634 76856989 191 540237
16231357 56196622 158 394964
29274514 70183428 847 534580
71025859 5851905 125 287555
13736329 75662083 69 276456
69065434 8425568 62 118517
88133237 56663640 250 310842
85773857 70196664 313 764918
56053676 58105069 438 451636
28717151 56194642 44 236250
13372606 7682593 93 515010
10882630 6569210 13 871335
1141482 77056494 394 595036
40800760 8851410 160 7370
3757819 8742936 18 488001
25590198 60355115 225 506159
2201002 6200523 99 328045
83667584 8060930 46 984776
88257464 8668144 991 276867
26977792 72672482 648 89704
44050231 8413738 301 170313
27813062 71794596 58 69299
6415761 76734658 202 549377
10204426 8738117 176 199827
42009008 77007481 1016 174150
85753472 57233340 720 367008
22910496 6286881 289 925687
38233122 97972279 6 53026
94091218 74394750 684 735712
70755340 71701019 398 610472
47314432 58090116 16 283030
51547919 75675708 42 839467
95428776 70072089 130 976408
24112635 8877479 10 203530
35285978 56675255 646 215002
81625824 63840746 373 101426
78752824 77145547 4 212928
11287872 7273486 11 268218
4662434 7276532 140 309082
44957796 71627536 55 96744
13543816 58094381 268 697290
33918374 71698790 16 355390
73068678 76919778 421 922681
79815454 7687726 641 471478
78347931 73537704 12 443062
28126642 57422445 82 430506
79114023 72840249 18 482736
2784731 9069420 4 446747
17214705 58181867 357 778971
12539455 63751148 686 640564
10996947 6175755 8 231798
47550063 72577204 159 946378
87301606 74059882 249 334568
7875 75256311 27 472321
87005903 71698279 424 661363
70875324 73482483 19 606856
80736673 72812033 20 457396
82715866 5907848 9 593808
18572979 7638437 30 846114
52001708 6496906 134 107650
96594970 63769607 7 496998
87565527 7649328 43 195965
42817255 56671751 34 927317
88508620 8058792 51 36739
30857726 63411972 63 739002
63799714 56386979 856 692060
30810942 73515400 31 372952
26543972 8738808 276 670709
59516665 8062630 3 944045
12616031 6493377 11 142713
34665330 76702148 131 156415
38529160 97978493 158 350534
49553767 6583087 1133 247935
26786027 72671132 356 643011
43426704 56216086 178 359027
58448776 76943286 16 905487
28498829 8801669 221 930121
69036984 70187490 8 971162
86537841 7262164 189 603180
16499854 7511834 40 349260
4237416 75094528 121 264007
29482584 75677553 29 815173
59536882 6288133 136 580795
59161654 8017903 1076 823726
10868350 57115705 3 562973
53380587 56609273 78 126164
33898231 5832534 8 8935
32041086 56161201 8 363588
24374035 71690001 60 853383
52555129 57494919 1 142192
9103723 6131007 153 760460
13536835 71690642 15 434561
40879318 63790835 71 399109
1407847 63419936 446 495084
85629653 97977332 40 840702
43948876 59360211 17 384955
64825946 59069020 80 728248
31414668 7643776 36 438830
20775836 77372754 80 11515
32372310 72137873 36 454112
79907638 6568847 10 980487
72468040 60204980 51 199551
78512296 70149924 13 966543
39248061 70180764 340 770361
41789759 76697582 13 25458
38476799 60458612 580 453257
59587071 56308037 66 311146
76469527 6113030 76 971582
44484997 7574603 278 649006
78426191 7645492 194 277838
22506525 63388464 183 158537
54479416 75304680 330 385890
98337870 7663074 156 713790
77493547 70056303 319 387630
98068915 74400830 59 461807
54864187 8851004 193 659654
89917535 75296547 1 501351
27126500 57024958 117 769050
30001107 7129581 84 830761
89776736 59408781 87 550781
9916802 5850314 17 849422
71363484 59516243 1068 344772
93771480 63830163 273 310581
57834070 7963662 35 686986
32938934 6126554 25 773762
61679142 59409303 64 832092
11698529 75642380 1 747073
14141907 56271122 95 816804
2250113 72669544 3 525728
88877994 75645539 4 372934
10035277 5841335 19 99124
31348496 72670473 58 149322
31984385 77051856 18 402244
82854768 98016772 34 535525
28049453 74405256 3 765987
65130851 60205668 78 979090
4062557 7962431 91 205598
46481863 7639577 598 143018
70427233 56670943 347 168064
2793028 7249015 234 624077
93737519 63765235 2 813915
53179087 63791008 102 442918
38837360 56607156 103 678633
7406311 8870362 44 625823
29503322 7964235 30 41965
51978578 6868271 80 95037
86547546 63816344 206 600303
75485417 56676434 435 160935
74847497 6794822 286 406020
36439851 6495468 34 543576
99974879 63411530 131 468207
85381694 75139186 61 996409
74270730 8670671 21 721569
41996770 75109869 82 675605
97537730 76699677 7 987602
59479285 73999970 23 135498
48700914 75163542 154 95667
278505 75304101 167 638484
35891805 5897342 117 44809
71427477 60417133 246 643201
86956413 98017863 25 977242
33456953 8446299 86 385843
19748044 56612692 5 731408
24887896 6783439 11 699308
5816425 98058961 11 798481
44560873 77402988 3 228596
47231860 76867915 375 434375
13392602 74981562 31 26669
36426037 57104888 138 382845
60255282 56243882 503 1300
1403007 8062559 6 303891
76451450 57073266 3 24013
80882140 7633243 3 565591
33269579 72676407 100 471159
35962202 70106552 27 349711
28489940 9137911 58 459873
80579960 57425534 8 409922
63996217 77063170 94 953709
90884067 7213856 77 611543
76712231 6808459 11 941271
50753202 60312993 5 382846
25595881 70106788 81 84062
36514193 74331307 8 29437
17334921 77887756 1 598141
86407661 7061225 94 496561
58318319 74059257 23 711085
82954753 7574229 43 471026
6107656 58199710 329 576073
95845450 6288558 189 205667
38669466 77382558 289 762975
63432437 72674439 7 483264
68893330 77403739 66 554485
86313126 8662879 202 518332
78663227 6784262 59 758486
49251771 63784065 116 319040
21399491 73516456 73 335625
28033598 59073726 47 187539
72646018 60320236 12 2878
98796201 63418855 254 240366
99909699 56682569 365 866470
87059671 8025231 8 563113
75528451 7506538 326 48709
90932353 70008499 163 306553
1713353 75303846 19 767749
14116202 9047233 7 880840
14784160 57425595 24 764781
62451731 73367697 65 441576
50607379 56307900 32 290911
66735335 60542463 90 394240
89370636 57018824 4 680801
61938182 9106374 87 579048
90194973 7648796 2 154498
55599869 77038288 4 862800
34925652 77070069 971 480175
89862729 60452398 26 448838
89157125 6580512 160 762633
99269863 7123966 22 989932
22211913 73529983 112 543034
18968682 6793469 1 359697
34987932 77052779 13 900689
53645471 72809154 170 144276
25895080 56318249 61 630676
21740878 74060976 3 867271
23865605 72668573 26 192311
52284715 72595619 53 868115
3402711 77063325 50 350552
48378715 63829261 153 773530
45093338 7632823 66 689241
43988186 75163186 80 170554
52486968 72596415 11 72117
86434920 77052397 74 146552
32780337 6523334 99 848254
65069114 74401668 75 936340
83162076 75102252 239 519677
41454004 74040300 82 361164
80730013 72085324 17 682573
72789477 58191866 55 172983
79211126 5855184 26 891348
38213096 6862870 22 318309
39225109 59507481 6 714328
98193170 58190089 76 724809
37100005 7645150 80 215271
9207268 7203927 34 836576
48564932 8805359 207 92694
72383835 59388009 99 426661
87241203 8412977 296 369009
44508457 8662526 115 746206
89326713 98048775 85 887930
81377756 75154450 18 121250
61993110 58180252 1 844668
36762015 63753259 66 402289
42086128 71704271 75 978999
96345187 7275520 64 584078
63019210 8808258 39 870504
22574786 7581886 2 908776
55322604 56606446 279 482640
88112608 8429616 38 35407
56399845 56245076 201 941406
18002955 72674684 2 166865
75644358 72591154 44 838349
55058163 60453570 100 159056
82475410 70056766 85 606404
15826746 77424559 82 161628
77660872 7840769 31 275114
72384819 59070620 38 380704
82125454 56677484 358 228159
71934148 74043702 341 639249
18805266 7089118 32 981935
99097058 56214623 403 462471
18880362 60418785 1 602809
16474142 71701872 5 569810
33813924 60535366 166 264370
95033638 7081690 5 619907
21692958 60207286 6 797596
6071742 72577474 24 305644
26793179 70044755 56 908869
47449553 75101861 83 172691
71738954 57224539 78 62809
5798386 6172338 85 401387
75096627 75137832 305 232214
62321007 76697431 120 851288
27220462 7508209 361 191608
69479827 7503328 37 592999
53185575 57114859 88 965482
36545315 9082561 1 147194
34261057 56194043 116 312495
11721403 73487583 88 545267
31124555 6801288 8 298233
42242259 75308810 13 294307
81647614 7062324 96 668210
55230686 74981641 42 324484
83542664 71688282 89 119664
66472878 72674258 31 918511
77383997 60542570 8 212902
59731502 76899681 2 551331
27372497 77051376 2 147886
10697887 57258556 10 557901
32035463 77348480 181 65342
80517487 63767344 532 586554
72443637 97973437 10 987845
48169675 56676940 64 477347
12331048 77522130 16 457355
81811698 97978930 5 536968
16284663 77420333 4 929421
13740664 60212628 16 900907
3751963 6130646 10 629613
99026302 57230981 357 616485
18514516 72576862 70 298968
32706378 77140449 174 983530
17072645 60210924 63 892288
93759596 59506199 23 516434
1145461 73537406 149 796
6282911 72673496 94 417071
96971508 56196026 322 113780
89191037 7568117 12 338253
51600141 77011620 73 245475
56151092 6520934 173 660603
54853344 72801551 1 267868
58882111 72610243 23 699527
1809887 57243636 95 267934
36621235 76732651 85 644324
19098733 5838416 562 186109
19538003 8029824 8 163353
32648669 58156924 112 671687
58170061 58202841 196 96455
54431701 57224330 109 293925
908642 58190239 25 450811
10914740 6110948 1 424059
21882406 72085553 119 918140
78944440 6908872 23 448935
87150458 56678476 5 154178
63446867 77541314 133 968333
82975862 72717346 246 15514
64237458 8414403 32 407487
57116871 6794389 45 310071
49502033 6567063 4 104031
52470289 9039066 62 937392
17501137 58188633 470 307754
58468679 75254110 38 155252
93937615 57425994 16 171611
73911818 57419328 13 976013
56277308 6124772 7 528785
56414421 72673192 1 4609
15658822 58131747 38 299046
33663639 76728959 4 652177
93632268 63412914 12 887772
54142608 56422752 63 793903
84416289 70187656 18 617674
21883760 74059338 21 94718
39838615 77335372 3 220823
96430043 8663684 38 586130
74556134 57066256 38 834076
82346420 70181524 260 426486
84079371 74036828 9 308930
73070498 7135513 171 686747
33066870 9103881 36 762140
54320020 76695447 86 646066
67057501 77877417 176 28917
44996092 72577649 20 488763
70809184 7568731 27 555155
16777851 63828164 82 702097
5603019 76694036 80 395215
36761452 59506546 15 246678
16335758 6144662 1 773703
61645694 8744177 285 978282
56040683 98025810 25 482640
54079593 57421233 8 991380
42886939 74398755 93 193440
47317331 6194449 128 497798
99900167 76858056 368 911520
2528375 74404277 6 608345
41230145 7835080 18 435834
65782393 7652735 109 707387
46446914 5900637 28 344001
18762255 7073360 1505 500923
86069912 70011226 44 861494
64319441 75170475 15 480499
45449348 8804926 136 840321
55170480 9039353 30 516765
80802813 57495868 756 967265
75405014 77050989 209 209517
20818922 6288346 21 361156
41068024 56194332 33 430779
2411812 7277485 2 847377
16221591 7060134 29 906676
89768467 57107705 7 953310
20857440 77875014 50 665896
22485914 7633050 5 862959
11047305 7137355 514 400039
36211533 56308721 127 237192
73091363 6525714 59 861915
14994491 6806410 20 135953
80525247 7735915 47 352390
7700953 7076864 63 279532
47855613 74990194 26 51793
67121544 6907563 208 271866
97466350 63391262 114 862904
16872062 56671810 1 143582
714114 57018060 329 253677
44121888 6793083 66 740505
70178779 9049985 6 291821
6636970 71794940 17 740998
22749529 76871667 18 526442
37857415 7506141 56 853498
35371817 9069412 2 697866
64062923 7213485 3 483228
17579864 58104630 1 726178
51436986 8065530 118 593848
80652994 60371432 79 500915
45454825 6521271 81 134998
85485163 60347693 257 678528
70148117 75256486 80 774258
62477531 7961098 10 865614
99348946 57369639 77 910601
71330669 7213636 95 81595
23476544 60210613 241 552666
56720173 70139711 213 505026
50883708 7510475 124 78110
58910504 72094601 188 622381
12726832 74989783 51 489742
47328439 57115246 229 59987
64290995 72674566 30 640761
14829984 63418444 100 932862
40902298 77051217 9 76932
90606652 5850636 84 712246
74415267 8670222 85 413516
17923164 76991918 45 230045
61790318 9138033 46 676280
55830803 59506760 69 869064
71733618 60457814 154 157594
12723867 72124600 95 789431
99932029 57421660 295 543935
27283268 75294185 125 897428
40986414 56204936 153 430677
38387891 74981078 34 575055
73725470 6129999 26 210123
27690732 57504655 41 778948
66508099 77529889 10 255276
63497141 5911638 625 257542
60857977 60564549 28 499167
86151710 6782546 6 561187
4915755 7640315 118 645094
68878549 7686351 27 997502
81898703 60466606 17 934810
34144529 72837819 36 327116
28232500 73484206 107 568034
51448573 8061982 75 973531
17613140 56184918 130 103053
31662144 8022708 12 557559
49201652 71688619 12 10704
65323075 60312906 30 509512
32470325 72608769 18 992338
95618985 6291869 102 118419
88597254 5910957 13 722705
83142692 9141514 188 282457
48575317 60541726 42 292628
98146458 8012721 1 705473
21992840 7962897 4 748527
90865547 75258503 30 936856
49377622 60415685 245 776626
32364439 57230549 11 574990
82281251 7646192 119 935802
45082820 74407608 25 734203
7214187 77401226 41 898531
77794962 63801832 40 421108
69705421 7568261 41 329074
21904567 75259033 47 157719
42901971 7061930 102 861933
24481804 59074473 561 850779
7796450 6194650 35 612605
64596239 56618937 18 302113
62124401 7581660 196 933866
40402496 57063207 654 545190
98536266 8025288 13 667667
15126942 60453174 148 393410
9961879 60313271 1 430829
18361043 63389857 48 732545
17051310 7133372 154 12579
22129472 7061031 46 696861
16371913 7252773 43 630880
35718385 56287863 10 673081
20866812 71625923 1 578061
56299753 5900390 16 129436
81838393 71701784 23 231858
84284584 7648842 41 761317
87966985 58136073 1052 378865
65947892 73487675 4 231570
30153234 77887476 57 238992
5053481 7213736 1 20665
55523028 75162437 448 130768
48186278 77063705 7 267270
55082024 97978122 21 431328
83858133 56664124 176 108719
76002796 77874122 256 5421
90079620 70197371 2 206995
92149418 75116835 191 60186
66059994 6286493 13 996053
38940482 77050239 60 725601
7195326 59410215 4 237697
16478226 74407459 83 853839
22056178 56215818 59 530659
25839032 57109390 35 840190
14775033 71707009 1 574979
18250916 58182460 42 26266
12799128 56437719 3 894621
61678734 57109212 68 617545
50776677 60318395 18 411279
95566799 6296675 109 262432
75617151 60538399 8 988101
12232295 59399751 371 119550
85069265 56615338 3 96327
31374205 57502595 6 254819
25067469 6581051 265 963340
1340132 5896316 225 49396
8967583 70139960 8 810607
41703046 7649448 11 918564
26529429 7960958 26 223990
29552549 74044154 36 18224
92924935 6263802 125 6957
9339864 71705501 23 738567
300799 7736237 8 113212
16232564 5900530 16 862355
77659759 63830774 299 644966
1868117 9155806 147 636600
11323669 59073077 4 407499
7154049 7129157 68 788300
57200584 57105073 5 216861
13836398 60567616 213 104803
4746826 56615423 23 678487
55903567 72093116 58 898323
16997936 58103944 1 566064
43893048 7128480 84 396799
71676972 77382217 2 600181
75292089 56683169 13 70617
2275662 8061825 63 653034
66121759 73490340 143 521762
76784843 9069219 59 167826
90462023 98050253 34 313591
67977324 60207253 13 688021
89574741 63834720 208 318391
95258920 72810602 23 703898
39700172 6178665 97 711951
35646569 75100639 341 398904
83695537 5895200 24 218907
10119170 6579096 197 367931
19347301 76697058 164 120266
75528786 58103544 48 247599
78221196 63834971 15 202422
71576108 58201384 34 914538
59942421 9141729 14 125260
89590292 73370258 77 998717
83200305 6153828 196 903389
99046638 75149373 10 858254
7173358 70140366 207 33112
13228755 9077391 14 580315
94302443 8845618 305 45405
52569739 8412553 27 648453
62662024 59506967 47 527550
56463392 77049902 41 347624
8191995 56388658 2 930618
60322718 76747877 25 901870
12480486 6906933 48 786807
95185565 6124758 3 381607
89613037 70184453 36 220454
22299005 7649920 68 270913
80429265 6526897 84 772405
62909920 60456881 142 921098
13763685 73367908 9 741732
62930653 56269220 23 422691
27080193 57502832 20 628800
37952071 74987604 20 642986
20177074 60349624 13 519927
76004704 73535799 222 17269
75810481 7509391 14 347850
78364705 59069375 244 131034
68970870 71624581 219 445045
92873844 9081800 9 889095
19673697 74061105 24 966173
23614252 56613186 36 135663
79788623 77887944 92 516127
32558920 75163775 36 374543
22063044 76853839 50 837119
2616875 71530300 115 282535
74786565 77050546 227 116323
61977122 7963167 18 31332
78286650 74398573 1 201327
55913680 56184300 5 692341
93814828 77377294 27 63462
84577331 8782721 130 511401
82433059 6200227 21 328068
31596020 63406708 118 899081
17952968 75110707 17 165254
73008167 56163530 1 671298
49657436 57115684 17 817030
99454520 8061133 91 300898
991614 7138569 47 171157
16814966 5832402 16 803872
51486003 6199607 51 157601
10015589 56194175 5 645706
80343991 75648917 13 82061
87141163 58123951 249 933589
14086090 9040582 1 25850
43748074 8844936 200 926739
18216725 8025359 40 872752
90125127 63420972 299 928518
23905492 58191488 122 93704
60859971 60561763 30 460286
68112422 57239178 90 440278
35732762 74044064 8 469575
69168693 8011232 62 957414
76406266 74041607 92 450652
93236002 6264708 1 299504
57856217 6177904 450 167576
41761188 60441320 42 314561
39758577 7681716 62 577386
78954948 63863173 71 751383
97538565 77401505 24 753150
82501828 70045071 9 411610
61352905 8012411 184 692059
98095392 77404216 114 463170
68657607 6174306 56 290752
33525058 76694445 182 981951
91365502 57232313 155 451830
53250043 7664343 1 334393
61787796 60465531 233 588972
75074079 74328814 2 421255
38375849 5833655 52 89824
70466812 71623100 82 895519
27868596 77424319 135 873051
31472393 9103639 5 302341
9031183 70008678 12 626198
16854682 7834894 24 915826
5450334 8667026 29 868169
4974124 60445417 124 307026
7824722 7277761 41 182235
92908688 77541715 6 78764
84290186 75643515 206 740208
39671342 59409221 10 599992
38047598 5893221 3 803053
89058918 70071671 61 346510
51757823 8425684 46 478090
33456739 70011892 6 363436
41841404 72137732 1 519255
34318732 76857489 25 40168
19360600 77887556 11 755674
34716402 71692418 2 277245
64545368 71701550 125 2233
22271393 56385085 132 961969
7036657 57505879 28 329987
3314421 76701276 141 301462
52316492 76689254 6 958819
50623794 76853943 4 733941
55711799 56612093 29 335015
86135142 56383908 49 862518
25720363 71534824 280 738879
9509089 59397866 7 728595
89685528 60558093 265 409444
75256677 59072877 15 100049
78589961 74041711 5 126998
48292703 74988849 29 374574
83499941 8804687 75 704240
68398850 8428533 7 621698
1087791 77877678 36 906536
9219799 57224103 50 983198
98285659 7656727 3 439189
69466245 74988414 90 621297
12401311 97817227 61 82586
55638942 57422783 29 341503
96594643 74037380 10 48510
45571038 8029790 12 318542
92618922 58189366 137 927010
80942028 71699508 58 335509
52823280 70056663 8 573355
41074384 7595980 39 23542
36789834 7261041 16 790811
44246482 7135784 62 494893
80804817 73994603 24 669655
24131621 63390615 133 983625
4247389 58137525 339 329831
24286081 73487964 104 984780
94526676 8805718 4 566334
64713097 77529154 56 800879
35800039 60316602 293 221480
32423570 56590506 99 7524
67361307 6128966 64 455582
82095135 8060236 56 881393
86376288 6584221 1 565125
17741076 70138960 91 263849
75296186 56307699 16 192340
51655010 6525902 66 160401
40684447 57243749 14 534894
80956068 58157494 333 128964
18503934 57244926 37 521440
74201851 59667181 3 918260
84965433 56188122 124 147924
5201387 57061701 301 739101
39982734 6527040 4 410010
90803737 8796803 5 633712
46657349 77066467 194 536675
67790235 74036514 65 243210
47022465 6143960 417 931758
68480000 72591210 4 951815
77288453 97982926 24 749557
78586765 59071592 135 514036
