2000
66192878 20098565 49922468 10687
58893457 24589911 53721276 863344
1085458 87564335 2048126 208463
3299426 99085161 23248784 887788
49632438 99709970 9742804 869765
70209966 73525963 624378 478157
63630130 71295423 594362 985418
51841051 81001943 2201607 519548
44037708 74836345 635808 711449
6190423 84514998 903505 834837
91920058 89639925 4866 940559
16524758 89816637 76837 619365
95962414 70335357 192145 390991
6588427 70639555 58525 70488
60709799 72718929 168313 830780
44497540 72109431 207818 663892
86333017 83226006 8968 763786
38190064 72320875 3000 600094
71963726 75543133 44279 203207
13456893 70538312 7190 314733
69055043 72332104 384 134231
28041451 70571777 2660 580557
76755009 78783757 2741 687254
16434540 85427631 8918 418242
64542077 72489278 9071 53158
20907739 75614318 18184 659279
67386638 70083098 239 857509
38514555 89920418 16732 609951
32334105 78680613 87826 49020
66544511 83210378 828 939862
23800574 78559345 24026 993280
77001831 78796172 3671 93329
78835955 74155045 501 884273
30570279 78496073 27103 657064
31231475 70120121 17271 358410
58346388 72363436 8201 955004
4963937 72392062 12460 6146
71460804 75490046 698 434718
56029498 72514791 14797 562430
54318016 78401681 31060 446148
99013386 72439523 34112 666010
75657477 70083438 42 639314
20605994 83498849 1308 849476
46532988 83571393 16647 886764
53117275 72900345 979 182296
99485696 83543014 5685 419279
40284655 83263003 3443 987876
59501459 75760118 25524 504747
18787514 89705127 17828 863751
58617901 70024051 2211 28855
77626786 83611300 147 100816
97384138 83395317 47688 855021
75998302 70041629 5563 419518
40943010 70058613 9225 668683
27166496 70700705 346 110032
75741510 89731171 7311 79030
85950744 75685945 38844 191111
1471162 75498692 95 925394
96820903 89949562 6620 167378
47398031 89653685 3439 495226
40276983 72499608 337 872930
77293984 78787922 1190 68644
26705921 78449142 7283 506458
90890286 78368536 1344 270194
13576079 83320320 10701 20474
14483733 74195227 978 513780
29290261 70078833 3148 929714
14105236 83256882 591 469628
86497677 78800116 219 229858
79904106 89939152 1662 809235
84467760 83534828 1167 763512
64516155 70139968 682 347858
57588417 74156389 783 756298
29326453 89615981 400 781487
69293529 70090091 745 294151
92972058 70578037 125 682487
8721349 83299224 6986 16519
37181337 78370466 75 287743
56122190 72473858 49 452368
75205789 89647523 898 638005
53364966 83292094 95 418126
94472294 83529242 3518 461572
88574888 74193356 252 164136
51691307 85453097 16454 811068
17601653 72475343 1069 837640
5845959 89894049 473 850447
5351063 78330543 18076 773175
69102433 75802003 3298 72251
70996231 75496672 515 110052
89656694 89649665 298 835183
9583359 72330702 651 735643
63211511 75643948 59 16442
85128595 70700124 126 69325
42838128 75632612 12 318086
52060432 71900772 718 77746
70689315 78353611 4391 943980
47976178 83443433 84 696743
62918627 85489305 2074 865744
34159966 70529340 1546 573255
8562691 83279588 5660 893497
12767858 89738524 33 345120
20874886 75824251 5769 416922
52475735 78586080 1349 775582
1440721 70580375 274 117713
1270631 75834037 1179 363400
51405190 89624461 7881 55042
40181881 78467571 701 364262
73478450 78786721 10 55517
49218546 83307907 1298 72548
2624210 78364959 620 450723
20618960 70093368 1543 977500
905422 89685780 600 991001
66143753 83514677 10711 764811
2887295 75726438 1049 663306
15706627 72545286 1466 42842
43599573 83450727 1723 137262
20714720 83334954 3652 520551
82392512 72334218 640 698691
21379014 83495557 286 110386
28613518 75492644 788 346376
45457863 83551197 2404 426861
22719962 70097654 2386 669482
82922508 70553838 8100 703899
93668938 75806140 477 99954
77610081 83491763 592 153881
81479725 85498921 3696 776607
9463053 75787655 415 448782
90090696 75478793 955 7489
6475272 83455193 2738 997458
20429949 75487736 1192 797307
72541016 75477786 16 214616
26983354 72341227 3327 970479
31969935 85469923 61 548295
58311094 78459815 987 690627
38663211 78591403 481 949339
44087236 70087830 546 762935
50514946 83595651 4290 212798
67316912 85474608 945 361308
32096967 74193994 135 586835
31484288 78774734 5869 855609
12559245 75813428 4481 28860
63971758 83494610 526 302366
31141333 85513170 1263 651840
77830708 83339460 478 439231
89516675 89679472 1605 632553
53877076 75495392 426 317240
62701556 75731843 359 585227
84292217 83291713 149 791212
3556809 85509827 936 135850
25027898 75788655 537 482473
89823765 75477647 60 809
96751733 75491243 44 177362
18551548 72345536 762 448606
28710328 74187890 1443 774687
25950975 78583559 183 334560
15881687 74198212 450 601902
33790882 89957088 870 943557
71160097 72335692 641 105132
46970943 83553804 44 518679
34955166 72374705 738 497329
4310165 70072046 1188 575907
77705922 70031149 943 492863
83923699 78533694 213 598249
65241349 71893184 2725 981052
75682924 83347332 258 679409
52521773 70562543 269 403675
77367154 83588853 514 266089
3424035 83461182 1130 77880
16595634 72891925 451 114246
28376019 89666362 5718 399093
16057665 83257770 74 334703
48209951 83501189 305 742321
74214456 83257508 9 732382
1044503 83479057 4952 658529
74176958 85508722 26 497178
20356413 83487366 1752 991908
56138620 75592035 3591 66906
33906727 75792669 207 673218
62909209 70567631 167 69977
73124271 75634917 1849 160832
64721813 70565756 469 171713
85498220 75794354 903 228246
5599609 75480175 228 561518
8243510 72325087 142 938161
98923142 75786751 473 89660
30133531 74168291 6752 367433
78260310 70580049 17 359192
72714744 89966166 337 665191
21587640 75728267 278 548335
12851660 85504697 625 587326
80402806 89963936 1673 966070
49631528 83604325 3629 811031
47147837 85478888 1364 450516
40421673 78790638 1396 569079
76694814 89960534 335 559570
913794 83239604 3483 912841
64120285 70699163 625 55388
31820861 70566619 210 199067
80555354 89658012 794 111032
52701838 75643413 193 71566
2907373 74158645 1135 960558
71223590 78463544 1898 647883
82312712 83252065 2066 10004
15332527 72477107 232 105373
69602781 72889188 1162 723300
42291221 85473579 80 934774
18055909 71897133 281 207858
22741603 75733206 133 234703
43457347 85507412 201 740665
2518332 78526976 1369 865120
285970 70034131 993 973581
85167689 83532776 7 922089
38698830 83345083 1035 208618
87904734 74181327 1590 934577
63490667 72550127 271 99197
39582177 70074692 599 123649
78880503 83246232 2534 493893
40954175 83342202 1728 866722
39449841 74184583 1556 518847
60541473 78456914 253 466219
30398548 72895201 1164 943186
45816108 78588464 491 539469
84523379 85475923 206 181311
8240582 83484713 595 806707
60510072 89674789 2045 428465
92146017 83536282 136 623000
97631328 70089326 2 191734
54109363 83287844 931 862269
64779581 78530534 2062 302666
52878550 70049387 1 828783
96346053 83600689 2 32648
55755407 72892581 171 270036
59012720 78366087 432 961227
93361577 72540955 1095 46235
1158391 72894023 12 214562
15246890 78525283 284 144372
9010009 78436401 3229 419469
75243906 75485413 715 292721
72941391 70102037 53 105033
3993718 72899234 50 460897
37447425 72531021 861 871626
80963554 72344588 28 104198
73718751 85481049 510 848636
30052334 83466927 2442 838801
4969450 83489282 103 67402
75678226 72352295 2446 711998
14510411 74153309 1116 43636
38113801 83203792 142 12364
83746002 89681406 59 245932
8261529 83212233 249 589986
32455617 75480791 285 375884
97126355 75807191 251 739851
26966519 74196952 396 449787
81261619 75831981 262 555501
96275962 83590984 295 12994
431392 75645066 898 558720
62502809 75476984 478 729988
97724110 74179369 230 176240
30601513 83473392 445 453960
97333329 83211780 182 207055
22755192 83268580 264 742359
13093308 70026389 86 961169
25534594 89658923 38 3086
55971382 83207635 985 835305
26864404 78589193 40 919156
60789751 83609642 166 204177
18195846 70083627 41 778501
46208706 83346858 74 491719
7803572 75808162 106 580224
98799583 89898611 239 577354
95767223 72887675 134 61618
73227148 74191927 269 473074
88093730 83292206 16 996182
29851146 75493594 102 404202
8661184 75643131 14 625967
84141865 71896253 258 887786
27074381 83269092 96 275331
32613066 70577473 179 468415
91404669 72317523 102 229024
47287689 89941621 562 491640
96991292 75728667 69 411975
70890874 83502951 900 89335
902522 75830933 305 797060
11793655 75483414 1244 316904
42316831 72542217 114 186344
25279186 83205511 1085 573150
26132835 70545629 74 392022
98634243 83610669 166 805160
68622985 83306477 89 590437
57292501 89682882 1331 943851
88217317 72354840 64 477016
95380001 74199183 148 38647
30597188 70085899 978 879935
60848250 72537143 1319 368221
38412370 89672185 37 202519
47472369 89739216 526 476656
93876107 72326117 310 163397
39983634 83496928 398 188558
86967013 78358248 145 251833
343760 72327244 103 583648
96517780 75498324 35 17828
54113346 83267570 245 969580
49752141 72893908 40 608369
18352307 83267144 152 101304
66069468 72479311 481 895513
34065547 83249190 147 209240
16454636 70141293 1 235739
47691644 83472865 31 80167
65930517 78532776 162 262821
96818019 70142956 151 385003
4235457 70575156 477 2285
56609162 75479814 20 978018
22601436 78589912 627 910865
15594869 89659015 14 94515
60498735 75646746 63 446129
17974030 70070265 497 779143
37570074 85503249 218 43070
71200910 75638075 11 139200
37023345 70139044 151 389777
65918367 70048446 483 603520
9205211 89648909 442 272302
48568030 70576393 389 381508
9771952 83589802 287 45863
99651144 74160525 579 181648
16538121 85507053 96 424396
60271798 71890123 222 87624
14952858 78524195 186 447453
4182978 83214310 1077 447982
74548900 85418651 44 970204
47197046 74193622 4 371337
95663660 83235595 67 743310
16852240 89901674 345 266617
688855 72535288 114 141653
39854660 83485411 5 132377
25003700 85505722 171 276766
50151818 78533164 1 6270
88300785 89940917 100 295300
71536691 70068801 412 239947
18632472 85482444 417 240508
23118417 70564908 215 14412
10508503 85493438 694 234682
49589745 83462615 159 975210
43355882 83346275 17 416782
86107835 75790333 915 966628
18582216 89895184 440 325261
28623374 83211487 24 590935
43400475 70091448 2 388277
39448975 89648424 3 419040
69989647 75476230 44 334929
85984057 70095053 90 705353
90404718 85486707 298 343178
56528181 83471564 1035 518183
82078034 89723613 186 216083
24425853 78358715 237 807185
29584004 72539496 42 23803
27014144 89613008 121 594443
23683087 89677382 21 638522
77123137 75497971 285 493040
36420062 83272560 150 80257
85734131 72532943 28 383053
90908824 72539438 2 90428
69042996 75734384 198 893867
93937650 89634090 785 657293
66566785 72337191 35 429053
26881473 70580727 10 123876
83915188 85486155 65 305505
65910245 89959508 138 704096
9858048 75475128 972 541427
56877752 72480195 6 515657
15429621 83235705 8 333968
49337303 83271649 579 397210
16560163 71898658 128 758343
91715198 72324726 216 454328
75276205 70566389 16 993729
99795373 89684624 111 404808
51723457 75792982 100 324489
26370527 75639600 654 4998
39429192 75491519 30 275161
1670264 70562213 24 79402
87965371 83458099 37 781877
11313773 72372843 25 253962
97938747 71899013 103 316746
63437819 72534610 127 843575
87514635 85508002 312 553592
73137814 83610868 27 706953
97792163 72499171 16 219836
41329880 83291282 247 233602
17604099 83255526 349 929381
81420139 83462967 38 43648
2704298 89645283 354 211117
17788901 83495147 1 167250
6704947 70567027 46 325839
64209800 78534517 367 349442
45902561 70027257 446 75291
35651632 83536693 255 291150
41852190 83272267 26 350162
55599342 78461342 84 385431
66081654 72499069 19 877355
33067793 85476456 260 589067
98925497 72474029 24 368980
31482719 75497610 12 950025
91106193 72542516 65 7627
2886464 74198869 142 614455
55674752 89646098 83 498758
82340243 83485540 17 489878
43476056 83290493 20 329708
77883039 74192919 76 823230
64757889 89612706 6 985644
98511942 78457707 367 426453
99286119 70088636 128 896622
8411185 78458615 115 99209
90234716 89613858 385 897143
47875136 72477537 45 204667
5078408 70032288 58 834723
41987053 75643204 7 539544
24335900 75486346 90 163680
64265480 85470359 287 794461
60816708 72532119 191 942226
39014312 83270467 395 268504
19241756 83286214 634 871001
63248362 70563119 298 886312
30447442 83258024 157 472083
93632563 85487154 68 718050
50812002 85470042 19 921809
76454545 83447753 236 538482
44754780 72347102 681 643567
98628653 89659232 72 981114
69132414 74190433 175 532534
49429922 72478365 192 504137
47565467 83258317 18 65410
8810992 72533244 211 207787
66742512 89965723 23 862492
76365501 85484221 1173 577976
20495584 75797178 332 535810
24245027 83267315 8 857696
83297392 83273537 321 934681
89945808 70699837 40 16787
93118352 89612820 47 730809
17940023 75587941 6 889213
937701 70084849 33 694222
62476178 83212994 236 625031
21227994 83495269 1 619425
66164875 83458331 115 718530
24817352 75805442 2 594183
84480544 72887955 4 393924
59812301 70029557 632 553353
73750781 78360745 1297 841269
39245182 71899392 138 642156
95679873 83553903 52 474681
71023486 72549786 19 101410
95041325 83338922 18 135538
14585930 72892958 66 180731
59767386 75646950 55 831437
27633228 85508587 103 372726
8361570 74161318 166 891586
52259059 74178825 33 269245
46168801 72534994 107 719956
50854648 71897945 53 10887
42471020 70068375 6 510448
45074867 89895858 18 949385
28260397 70575703 34 302141
89694343 70087117 68 439689
7997940 75494646 73 877506
49661585 70082485 211 511081
94561983 83443119 3 678353
9674343 83470262 88 520452
18389732 70047342 65 452691
29198450 70026295 6 733902
29516331 71898480 20 854191
71280334 85494627 455 754045
53401584 83537068 78 70081
51804857 83269372 41 641288
36931364 83495926 5 134739
91073402 74176068 791 705952
98753657 72547398 188 773369
13048277 78533967 15 341660
55558848 75785843 153 966996
50021780 75798340 199 366149
37623592 83255928 22 984299
51507338 71899583 42 950235
56627518 72539706 18 274602
45926425 83235171 15 594352
27734235 83463642 257 701316
63383712 78587708 264 779169
97964503 78768832 16 878055
28252233 78524519 57 487367
42988621 89646610 2 194940
73102044 83448996 5 138194
55254394 89687060 158 699126
4439990 89681320 7 629121
87578007 89738589 24 300924
94358633 72893569 284 588356
6118918 75498815 8 799012
42225638 75835481 53 727869
67099461 75645988 21 655721
65124937 74189690 286 567234
56241860 70141941 418 100026
42282968 75791744 48 339136
11342785 75832429 66 122773
68153663 75793110 2 786824
82344822 70562245 4 539983
10874648 70091694 103 396383
61898199 78461545 14 327107
269046 83446136 805 945828
26266976 83445280 14 164586
86232782 72550474 2 79861
84447773 70578289 17 233387
43845526 89965767 1 539736
21623973 72378923 396 226288
98422806 89956201 6 989396
61083602 89677235 122 631823
14751897 75835563 11 530535
2313697 71896822 5 414725
48179432 72327763 80 111031
63274341 83346552 132 526070
86087428 78592221 172 9346
11834561 83608450 280 500805
28754028 72377628 847 198765
50104664 83444591 540 326356
42234209 72324479 21 985191
74336955 75646214 18 446503
85534194 83495945 2 128223
51795162 70084298 421 695482
97454241 72547067 117 391728
6598186 83489697 222 917836
11269548 70577156 114 100851
73238671 75728966 5 348680
38093501 75481722 66 991280
69611708 78466382 235 131447
64496816 75472500 134 445067
75765970 74150538 102 425175
53499805 72372517 288 460676
94253372 85503967 61 874907
80698497 83600547 105 905498
57740410 85485805 227 50829
9406148 85516012 165 81992
60025440 72548178 389 611925
89656997 78523701 302 557764
78189840 83249414 49 153943
88419286 83340313 75 396407
63278657 75796125 635 135865
67263819 83243234 20 668857
7668127 75830059 38 342
80852556 83270959 45 762327
18652511 75732212 2 431259
4005017 72477772 84 604617
35345620 72547609 5 625899
63746012 85471076 260 401660
77631863 83216684 90 574442
10812532 83258728 189 834531
33969478 78468450 81 374071
42986919 70026487 8 407211
61703798 85470662 16 991510
49077288 89614448 188 744051
91797339 78440069 253 671725
15641902 83443965 10 880699
48580298 75733584 52 408574
38135817 75489052 2 662194
57279881 83458860 350 106623
14998432 72535814 4 474898
53658069 89681296 5 489352
93500583 78458256 105 934267
1755429 74159897 48 827888
33308574 75473838 236 132390
53909835 89902856 341 507591
3194388 75642233 51 940757
86091824 75498420 15 943013
71295787 72329923 72 529464
15090881 78363291 459 29906
39333815 75488932 1 952221
43582391 85482910 33 58406
15857175 70578493 149 132823
68916979 70089039 174 115499
2055672 85511328 213 621616
4345704 70102364 52 286859
59353874 78460943 65 24885
74553667 78584340 122 814673
17014142 72898967 50 663133
67047297 70090913 2 151022
76146885 70035143 7 893443
48649808 70101442 228 292378
88105646 83448597 47 64132
3396448 83443884 42 234877
12910564 70567291 55 384907
89976084 78441722 128 56308
39984910 75730849 533 809648
30564657 75643046 2 668136
85191872 78458815 8 726926
86576244 83443762 51 587074
57083373 89898995 85 453803
60159364 74177608 354 122264
42926379 78584092 85 611388
56322751 89615176 42 926452
1254500 72539162 178 249440
66986004 72893233 49 172650
62276858 70562816 3 732701
48649016 83290791 56 423
25347917 85511602 8 19333
34333392 78792091 56 583590
59872639 72373608 336 653760
43720920 75477536 28 25801
38104664 85472365 501 594328
49086070 74197463 110 306575
82794408 85492574 29 370803
40045363 72376126 402 668971
10751640 72328069 142 974781
80751634 72331377 7 370712
36272963 75640859 336 647275
20492967 75638849 83 855775
23594421 78366540 10 325675
18118525 71897418 4 668250
79395788 72332601 113 514265
36485402 70698520 5 979127
29221167 75497681 5 562880
86633539 89897998 161 730596
37479171 72354759 15 805448
85787594 75646101 69 1853
7505824 75641781 357 721333
37261432 72324043 102 649118
63099027 78524406 7 154875
97170185 70082068 63 817438
36935723 83554033 73 94560
97547719 83493643 368 943275
58556665 72480111 50 328862
80756798 78584613 108 602123
84211834 85503806 12 563371
61906323 72332993 72 618778
91141066 78584489 8 102214
56258889 83258410 18 616936
73962564 75807523 77 416926
87118511 89900300 820 956755
91060742 83291952 43 571197
7106240 83463927 9 274996
75613158 75482102 10 963106
84195365 83289768 682 826317
46907721 72498741 11 611125
80615018 89967004 63 652716
46788238 83269643 91 530173
24203343 70088776 6 968780
79487069 83208710 78 346591
50361562 72891433 21 688349
80419413 83243327 31 264122
39640098 75788106 5 635596
732765 83611089 36 235580
47030754 72533626 107 628497
20298448 72538766 26 11988
97858196 72887467 39 10801
39508272 78789130 18 141213
64553493 89632864 384 714862
35835664 89893561 15 869541
76097038 89649355 1 681539
32263458 83469421 10 612468
75528244 75733353 7 621126
50041398 72478609 7 626508
91446010 74196265 43 293949
82943432 75798073 67 824702
62685014 75473442 144 562659
22895212 70090881 25 219619
81434117 74200226 12 295218
97470761 75808321 2 202077
2508275 78533381 75 74505
50827849 72891201 196 414801
24111468 75486129 1 578227
47952848 83554196 18 433004
2323404 75473208 57 551987
26818930 70568857 256 863938
77429274 70141323 16 49073
55172986 70073330 30 165874
12422614 75831467 183 675106
59886012 70102201 110 181868
68457494 72898257 431 188427
5332821 75789255 15 288780
73224049 83609981 104 438035
23613656 85491497 8 399358
21780055 89672261 37 143154
30916893 78465835 31 405027
86741630 89723220 181 919380
1077566 78358019 15 905279
55344001 83599998 28 595541
25670880 78362208 157 204608
85768851 70100967 175 62451
66811011 72349578 237 545568
98134321 83273914 5 561876
74630866 70140833 47 668133
69629575 72547597 1 200957
475441 75832349 8 401902
47860288 89942256 19 150560
84980618 75472954 169 792917
30582834 70073881 88 12520
48644745 72474264 10 913993
82546512 74151003 83 513482
44346696 83485450 1 819232
66719099 70068257 59 601526
60098164 83217007 12 392763
40542240 78362819 12 803912
25412498 70563419 1 743833
56223819 89960963 38 702269
37661564 89942325 30 545565
94513690 78461187 27 918280
60266352 74177984 1 756328
94724131 71898217 22 332581
24555024 75646271 34 907285
81639103 78359267 63 253981
2265994 83443833 4 426332
90321368 72532819 94 118549
55478980 74191125 467 17923
73336542 83255879 4 546557
2106202 78590738 26 154087
80028795 83532909 52 872992
20975421 89902377 26 958717
73440025 72329230 108 499045
86359026 83216039 198 38411
96390817 78359194 9 667037
28554858 75818377 91 966030
3042341 83501593 92 381234
78145260 85470071 1 210374
37925893 72331712 8 136555
94536693 78589044 17 323979
13080429 83608013 20 949223
51097611 72549473 183 221598
96145709 70138083 61 983326
36227615 72549758 4 181871
39075600 78524733 59 627245
89506796 83469502 9 703336
76812798 85491877 127 732125
26469300 83235959 61 802323
206180 72479829 27 625879
35823701 72404991 268 839172
35436963 78591936 6 549095
17913088 85492010 6 902792
77261973 70531098 8 63741
83763168 89616563 2 305086
61968455 70073239 5 852421
49634742 83458145 5 228094
93250709 78458458 12 681747
94611319 78312036 357 67541
55844691 72534316 40 104825
80727066 74196470 83 525186
90521917 83235318 34 627734
52381476 78363985 169 157547
32501981 74151460 96 688428
34125397 70138384 66 130965
71818264 89897613 81 180548
82181530 72549214 36 530826
50765420 75732333 119 546069
41988380 74199517 86 143303
24477785 89684858 47 970744
62452396 75489057 2 488598
80155458 85480520 9 26372
24581146 89897143 137 508809
48335290 70021607 213 129394
61571403 83589407 28 788366
75689219 83268888 5 564508
57524507 83469945 171 822490
91944328 71899119 3 33808
7558028 83533074 59 410401
10758424 89897447 6 120136
34701737 72498786 10 260187
14018415 75481199 23 480363
64056055 83273079 90 141486
80418900 70047462 33 550195
85099699 70075501 110 552079
98692826 78792179 11 553033
56557726 75494801 6 491545
55763806 85485561 11 711427
8485282 70565286 1 11887
54957449 75806834 11 483839
8938481 70083692 10 921717
68168760 83497373 7 542
67645709 72379384 29 571311
10066242 85471702 48 896743
23368186 70032534 135 348726
85514952 78780604 1 69739
66831947 83463293 14 695885
69628633 83444031 15 758187
46971670 72328972 26 778574
33801637 70138745 119 391707
85355253 89956210 3 914884
61442210 75805424 4 668548
60498080 75732857 41 818969
33517390 85476177 3 496857
82571058 70138883 6 852720
21409164 83267879 31 489014
80347603 83500234 58 950775
89965812 75642171 2 77921
74982332 72476733 17 64038
97904545 70074015 40 492207
65383796 85510814 37 462863
90789063 75494008 68 78488
68999395 83290696 14 246574
44054364 74175103 25 957807
86833682 83273888 11 311944
73371853 75595802 127 880647
47526757 89901325 3 47778
78567970 70073431 49 635729
82399521 85471486 120 888180
72622782 83525538 150 603334
52653228 78468824 40 428050
71744839 83445321 8 729320
97357644 75724853 53 229657
21683751 72336917 62 225998
86892297 83306605 1 457992
22512721 85511006 23 975479
62567273 75588128 133 747268
11314992 89672640 83 208326
36294249 83309616 2 977368
72202434 89942390 14 11941
87564182 74178116 33 109727
12564868 78362505 7 836459
58471454 78458117 9 97274
14184488 75797557 12 429913
53555379 70578169 6 535702
43130811 83446980 33 876234
81885798 78441353 158 167573
23365608 70578957 310 528698
99925572 83600656 4 321242
25312896 85491742 2 545534
13573489 70579406 42 261177
76618938 72349031 136 666492
24821791 74175210 50 99455
26786472 89896662 143 484619
85130843 74154521 2 700144
66641603 85486386 19 391562
67745337 75637830 202 454417
59091915 72890515 154 948675
84173216 78535168 61 287039
5055446 72325477 30 551219
63699042 72887841 11 147084
82403163 83490033 22 942778
2995505 72498455 94 160540
6347168 75490996 18 692092
94061405 75732798 17 964734
57498428 83269455 7 748068
79241786 75637027 178 704064
40980996 75727522 7 194155
48855892 70567990 44 393946
45934089 72478674 58 201248
80538211 78440342 16 226683
50581786 72896662 33 722024
65216642 78591907 23 428737
93201333 89672408 74 579595
15186131 72344671 55 695739
46858951 83266749 182 70127
20484528 75641208 7 984483
32291967 74192266 32 846117
43419511 74190114 60 716717
80176344 72538927 11 249243
48650038 78312431 24 550239
73431240 89961559 291 40736
13346815 75496067 23 577249
4283156 70580669 19 374418
34898106 70069720 8 596812
49378928 83215582 52 653138
54957759 83204099 128 553518
74909916 78786620 24 539960
90289293 83256058 69 732599
15494945 75489218 70 436277
70847053 75795293 30 927526
12653023 85515007 242 236865
11585461 71899188 10 735981
74498417 78466042 105 476881
26271654 71896786 24 966509
77131240 83496423 35 215718
99452622 75494566 6 846286
47874402 70138302 10 395728
82529202 72328632 58 895312
46078370 72376639 88 92980
50651099 75638526 190 470069
32882118 75495850 22 670936
74542824 78524986 6 540670
33025480 75830196 82 176437
35355871 75836339 5 409937
3398948 83448925 62 787951
46789201 83285493 77 840893
14004780 89896212 134 827201
77890926 83459275 18 819008
33495233 75481339 67 275538
52723507 83533275 32 921010
25291981 83590607 12 226745
40547753 75477734 9 477194
46656993 70084884 2 642243
78373988 72336724 114 411432
92287571 85492502 29 569160
58400967 72371981 220 351435
82784417 75498559 13 167524
55127585 72543138 38 546469
1369296 70047909 53 375694
73012005 75642874 98 477164
19648558 70021214 3 891416
56921730 83254504 196 936962
16188416 78366848 297 102101
16974007 89958515 276 65197
51114733 74200307 42 993944
9355509 83235075 61 674451
3452795 83259476 15 5153
82756229 83554681 63 365987
90822450 89896499 9 14479
54155046 78523245 33 122374
19356107 85506682 195 573774
14410206 72896622 1 76375
80695544 70100603 15 878954
23966669 89959039 67 698978
74799707 70035895 135 400349
73783013 78465568 108 970419
30559333 72375612 52 826969
24493717 83448361 120 139074
532110 74178447 15 971434
92386335 78768533 71 194118
63970240 74159816 2 737100
50188057 72478058 58 597635
60752474 70137620 17 595518
57678403 89660603 33 975009
89337317 75793087 1 936983
20376761 75791967 168 775989
31192501 89941035 17 956875
70501615 74151192 41 331729
64511299 72327407 40 242937
14652177 72543250 71 608697
85673244 75734148 22 581995
36136432 78461463 18 494777
49514562 70021381 3 118247
65686043 75476473 3 901653
44406552 83459308 4 777379
78033234 74151348 12 95749
33611100 83309265 17 307151
34271550 70090969 34 439740
96658578 85492617 5 470403
28131412 72499985 7 859411
84279852 83309408 72 324160
27524660 75724996 58 581379
4370949 72371698 51 648133
8695916 83235747 20 248068
67846406 83235868 16 555349
96648907 83269747 1 140952
13909462 83443684 6 601554
48501626 85515447 17 368974
97186369 72535164 9 116587
40567885 75831713 2 995751
99602176 75733814 37 37607
93345855 78370206 180 335221
70176098 89685077 68 168832
75838213 83600671 3 221723
98517830 83464415 7 977382
10507559 70083488 7 520087
42625720 72373958 1 208906
98090247 72317314 49 804435
77498686 89903581 2 169171
59168950 89615024 30 362286
49997778 75476331 13 270329
44494503 85508457 3 219373
32622872 72887295 27 929895
33245549 83248879 102 777709
69211738 89613359 57 248013
48154345 70082161 4 786593
68967259 89677779 70 760743
26839892 83211279 35 707390
84587260 83268113 56 282465
41734251 72328276 27 83965
94344283 83209338 142 587985
5679992 74186319 82 549085
48359233 83533316 6 634269
34366809 72337467 151 967141
40041217 83608739 2 187351
23839252 75808777 50 23825
16260171 70032971 146 48323
67241298 70562166 5 554978
47101311 78362588 58 587779
37202481 83256151 12 127802
16530477 85514740 12 556264
7189519 72535426 21 768473
47719850 78432918 71 75190
92775893 72532704 3 17359
82208084 70574561 103 503861
84641090 72477988 7 321370
97449609 75480411 7 306071
16731237 72538559 75 510847
18228196 85471796 31 939435
27910461 83235403 47 307332
1886713 85502713 8 868216
17491163 83609394 55 501840
36482153 83285369 46 822915
90522468 72901366 39 836065
44739802 72329578 16 440810
27619258 89893489 11 816758
60307366 70141369 8 288021
57701876 83331027 1 470805
52149976 70048966 5 626722
2076699 83496054 65 488187
19988387 83448011 14 937763
76297576 75472246 3 415938
59944664 89659597 275 249374
88713314 89660393 170 101357
65110157 70086975 36 515177
61583283 89614667 28 444531
20218998 72897744 20 572766
197598 75807991 29 95134
48115656 72896799 84 939763
14728713 75646813 1 722437
95461287 89672300 2 922099
44587337 89676948 77 53754
43341296 83485321 9 557725
93637962 83490715 265 855062
70913234 83309546 55 986546
19034559 72893865 2 313896
26862726 85503698 58 151430
11952758 72534179 83 641504
1350723 75792324 20 969041
10318571 83346748 36 883029
44214744 85491475 5 107927
49928155 78534094 46 132869
28071715 72333080 14 184883
79558551 85511885 15 47528
38439266 75830281 2 266047
53054902 70082166 1 26241
7963317 89897310 5 858695
94070447 83447466 4 447801
55851593 70142645 5 418093
49303410 74194154 23 971333
99544005 89903645 7 748442
25588079 72888012 11 871468
42499699 85469751 50 498286
56074412 70026626 28 357326
49071136 83536014 11 354253
14744268 83290530 7 393749
58515974 72535737 50 298004
19884099 78528418 44 730145
81491307 75807730 48 76464
17496846 74177120 25 486826
1986085 83554273 6 178011
60845654 72549824 18 949695
44412557 85473313 9 893843
15377642 78768721 59 492705
53788252 75638132 35 368677
62220622 70576855 41 347318
46825262 89897703 1 535793
97224209 78358408 13 309100
864281 89962240 5 589127
44557610 70027932 167 359421
81814566 70047761 21 924372
17614021 70698457 32 606966
47459548 72333201 19 38276
61262505 83338699 82 117175
8177999 83249612 46 808659
76751914 70545524 3 997309
96363462 85491460 5 130701
18086370 72324206 50 44674
83488492 78432811 15 19508
67316492 83235469 8 766609
85000546 75729902 353 538783
20302455 85477384 120 561023
58993965 70049060 5 614259
25214608 75490885 93 305455
65553437 85481782 187 746637
54900795 89660034 63 873216
63461514 70100505 34 958287
17767410 75643704 77 891728
9881514 71895960 30 870063
91674573 72533991 55 947411
18573598 83254297 5 598685
11020979 74151722 5 571317
17947841 85515801 31 90340
79686877 85480492 14 980943
6492316 83255168 6 522803
87342892 70575913 42 774113
83824332 70084901 4 40539
41011610 83473889 11 825809
9409535 89897791 30 231871
64742461 83249695 6 466941
30098867 83235665 1 769894
91364884 74198726 1 55587
63374836 89612556 7 25426
9202125 89942745 105 571718
16229972 72896558 58 613196
97124251 75638087 1 284729
7136087 75587642 101 333762
37477720 74176872 7 386445
21826323 89901197 1 56089
33370228 70095164 13 58109
16843983 71897580 50 862821
61446018 71898411 8 977963
65073490 74178500 32 225592
51070873 83216489 63 706547
17982412 83458202 8 298676
47165379 72355027 93 172356
28650565 72893952 3 583054
59725035 75493723 3 984626
50958697 83259136 37 519082
2763554 85472932 34 942282
12273395 75807681 1 888471
80987558 74151808 19 499147
12998001 78534026 14 485388
46317530 75482076 12 653528
2521035 89614804 57 567081
55906588 85511629 15 913631
60918713 72474075 1 737623
44469166 70073593 53 889988
20436035 83258932 10 466928
43314812 89650182 41 290170
37912086 83243418 46 105182
36320921 70545541 11 285831
80142604 74197718 6 352595
8435643 89659146 14 489365
50514817 83459458 35 941129
33541607 72473727 70 571183
98705562 75474126 22 622352
51627791 72325260 16 378666
22225219 72332825 96 651613
8578287 89612618 11 253969
60819091 75729470 16 379237
80409297 75797988 8 54780
7354305 78349205 3 914441
19031597 75595986 56 348649
38842494 75830579 47 744908
95547427 72887875 13 295181
63113962 75808609 63 945343
69190827 70567806 2 364747
17160344 75797956 10 407658
21764950 83249033 3 369030
72616954 83290928 30 533411
84131593 70028674 49 368153
37626671 89903570 9 157485
53475349 89896058 3 272467
5989375 70141282 5 706842
64248136 83554476 124 457597
75243479 83269255 49 639020
27603015 78441107 4 728114
24970236 75733502 19 957832
53234615 70028157 12 103023
48339325 83443224 9 863789
69488710 72543553 3 115872
25664089 83447087 25 708925
93689224 70564507 80 142440
8764011 83338790 1 794440
73724363 70035331 118 433741
50664572 72901523 23 723866
65136154 70564251 5 379904
61813026 78590645 50 150620
59564039 83203565 7 510588
88411693 72887978 9 701352
26186429 70100772 20 672939
29390999 85476929 180 591580
59285843 70082243 2 353976
20029165 83459522 12 34220
17273526 85492353 64 641335
72771680 72327648 34 702480
36464353 83548751 14 205107
75342740 72893146 1 553083
28558200 75830314 6 541377
94367513 74183020 2 927969
94652790 72327606 7 128460
92942980 85503821 1 60764
88645534 75491652 87 173062
72984608 89942360 2 53641
93593614 78466670 20 530969
29710283 78311670 3 769345
25285508 83258450 2 791410
30689762 78348670 24 419761
17441769 74196220 1 250315
44955590 71898257 10 376230
49759849 83462454 1 748344
3631716 72542847 122 405796
37536925 89903253 11 57520
84489192 89615219 1 588854
87946912 83447405 29 93607
8643108 83493067 95 800121
42773040 70081983 2 721725
14183661 83463243 26 511493
70178232 72331406 11 39834
70503246 89896462 7 614926
61691760 83472783 38 460102
75514443 75786056 44 424529
50482125 70580014 10 68342
58101904 78358442 12 929747
47123224 70563740 185 619488
6837607 72328230 16 874781
41881795 74189394 7 195380
41885349 89966657 48 412892
1633889 72329835 1 385928
60654962 75477759 7 160698
36034160 70141133 134 491346
86729280 75637445 60 492876
26213854 71898130 42 897057
99338771 78466859 3 231372
3202396 75791369 76 811759
27579756 89657139 13 118459
11399086 89897282 1 519749
63857964 72373248 12 319510
32794767 72547729 32 935461
9538968 70577653 1 4725
67410982 83500482 174 981122
70030200 78583914 89 152850
16539738 78786593 1 518496
2311796 83243120 21 297020
80089251 83489439 13 280048
16133053 85503608 29 223651
98265660 70090854 2 610702
41182036 72324380 55 923806
9442030 72479872 4 22240
3616798 72534391 32 550056
82804573 70082152 1 513112
98477701 70102476 27 624019
71957266 85482962 7 701331
19527836 89616464 13 922551
54625336 85516208 1 366834
62506795 89937356 100 384271
42396268 83469542 20 382978
65449167 83459347 15 82869
50775253 75729093 74 856322
3358452 83532980 15 310776
10304783 83474104 1 288690
32291471 70142365 6 117007
60001843 85502914 37 438576
2844064 83258457 3 459870
86346 83460011 8 824317
96057068 72328900 2 6099
46488268 89658840 4 909514
76860439 71898319 14 552128
81258754 78468617 57 252283
44622308 75808031 8 172578
47688381 83338856 5 570960
97634149 83611052 1 29720
11799311 89895650 13 424247
94048934 70579286 7 506700
28803326 72478144 13 45000
2484302 72326795 32 238809
13182504 75472211 32 419558
83982499 70094913 2 513929
6125761 72543662 64 36335
51726841 83346706 4 472177
77906670 85508339 17 402754
31865497 75727634 69 623210
28896669 74150434 2 887172
15822911 72329644 12 441353
14051931 70527560 45 312710
89304145 75472319 9 677262
91771878 89959214 83 12614
58586782 85511101 5 895670
97928786 75638220 31 369255
84802416 72328751 55 670029
97214377 70575818 53 762064
42408585 75725335 42 989327
28449512 70082843 7 821322
31430154 75587779 15 351356
27538429 72535145 10 280717
79860671 72337242 7 568922
88035646 71889824 8 357313
13423717 74191597 5 816195
49078813 72890947 22 783594
92474239 75835790 34 386713
9100242 72538718 7 302999
99584335 75643806 18 309770
79889523 83492895 35 268776
28988198 75832328 11 234629
99361555 83591280 1 30687
24581890 75806891 27 381096
34566547 70562007 4 739989
33318627 70082224 13 73922
85502302 72550515 20 221031
21743465 83458033 16 387855
14651193 75646311 1 312986
45019787 75642581 69 604609
44220633 83548781 3 847537
30800023 74155572 23 140112
96502279 70698388 13 978213
58743984 72329045 44 720730
7235053 83269799 44 770345
89868273 89615487 14 597791
80138090 83610203 98 683657
72530151 85480371 3 534519
92738790 89646470 9 928041
1988149 75472769 15 588400
47695708 83447254 103 724685
22667274 85502833 17 405685
51611158 70083732 3 886843
15153185 74192215 10 946626
69254617 83590202 54 725686
84992434 70091371 73 443382
26612216 72548789 99 754175
86716668 75491056 42 764691
18648500 75832689 121 922094
62240814 78364222 32 531114
34305716 78433074 5 602252
81721739 89615355 55 711835
81632414 72542991 1 631322
93358469 83285270 7 69051
83377663 72498912 114 165709
84246992 78440776 49 801456
58198543 72474253 1 822000
86957286 83600302 16 416440
14018308 72530144 16 395316
22516586 74193768 89 372599
17133968 70069761 6 723084
14365130 78535275 23 455734
65233325 70069303 67 301711
69395790 72348687 142 540633
45340505 75642728 12 47930
11041449 72532631 23 672605
92824344 70138284 5 890103
95650121 78362683 3 186787
66700259 75797742 101 484563
70761541 70100218 40 908628
71111003 70102592 84 924147
19538769 72379437 3 615005
41284109 83494038 3 388532
31385031 70565137 6 913024
92914409 78457315 13 25063
64206403 72326739 11 10318
45069142 89961152 70 690986
28654836 72330050 1 961033
81768009 70088441 48 888206
36277744 74154541 1 303968
64319836 89681177 29 823280
96066456 75646821 3 869568
73920697 70545508 2 487733
38265312 72529786 190 151444
82356329 75789367 28 957684
88172833 78440599 81 304072
9235643 72476810 49 721946
40119406 72530016 34 460254
66919952 89959657 3 922633
31494254 83588114 55 574270
82268138 83204301 74 662302
58482023 72348167 319 713311
87102292 72372932 28 41455
88304180 72893961 2 802014
50093477 83215834 6 108281
25189100 72897222 214 206535
71540080 72538836 28 506288
14235838 70564274 1 866819
28800918 71896589 31 266041
43648971 75632584 1 776529
65991700 83448161 51 550866
35879883 72543729 2 265233
96078068 83346124 5 525633
12089866 75808375 17 319556
24493961 89645785 65 621058
69580550 78364263 7 590903
60596510 70069672 19 666999
91072806 70100558 4 445135
69988683 72329379 41 634292
59088327 70035524 15 177606
17846383 83490097 9 528771
3272018 75795355 13 292155
70151101 74200115 20 866196
62110700 70577678 20 532116
75227437 72547629 8 665479
38103304 74190619 3 155531
19728866 70143207 3 268382
26337863 78461508 19 589502
51257350 83212578 29 994155
23949947 75786201 44 68894
64954400 72336522 25 519954
40676461 89615109 3 772290
12460529 72546816 16 390834
81090231 83459508 2 79289
36350594 72887334 1 295913
12440537 83469486 2 754422
29551912 74199025 8 262286
97884160 70101800 50 663215
47563025 83459731 186 587484
12377264 89966564 19 326402
33505405 83248772 1 322867
89751965 72538468 2 459875
98009806 83590686 3 675767
70132891 75493849 72 163718
55106435 83235268 13 299343
227840 75646436 104 127978
35795899 70028290 58 475248
12121361 70579877 7 89916
63830949 83469772 1 848316
38616775 75732938 19 532358
70661457 85492180 18 126457
68214600 85480280 18 686102
97307493 85481981 7 892736
16036036 89634898 12 628376
83325860 89958966 5 892810
24812492 70091245 51 887094
16830592 70082708 2 617109
35998700 72332725 4 844539
36735358 75647014 2 358890
16788162 78468292 13 80963
94757392 78786682 26 589463
58374367 70028904 15 655578
98753676 83269496 6 703256
62187717 89645927 65 962540
42268904 75793320 39 293144
91359532 85473092 29 256103
16043425 75632750 112 164501
39007402 89646188 2 631855
7546375 74191651 7 546033
74555199 75489016 33 689434
7946033 75831246 1 250611
44819472 72533737 4 832848
11232619 83268850 6 210370
835291 89903603 15 801026
63359203 70531006 72 96528
61561342 89684439 64 634398
27232817 85508809 53 481568
83811296 85473456 13 186948
54595652 75727824 65 506019
41488939 70142432 53 792270
69491552 75728761 18 379192
92498356 75476282 2 122772
28377868 72542440 4 369750
42277741 78311467 111 884321
42022824 72478599 3 762588
68322373 72532337 21 843677
42873832 78533082 81 158932
1684880 83269979 60 890650
70274195 85480430 22 847532
13476083 75729231 15 548938
77565641 70026725 13 751603
54945672 70047271 1 731988
22739582 83492620 108 637549
53870240 89902065 34 176518
15303985 89613217 75 431268
26644929 70047584 67 415009
52272789 75795425 55 765546
58202310 72404600 57 996525
87541850 78349013 105 91351
56966668 89957971 6 147709
88780995 72534056 7 15043
26918554 75481451 15 821831
67889403 83267828 3 351549
11601822 70579700 83 718109
3280077 72326495 14 882081
39491518 75494235 111 667766
52051037 74178755 14 25366
7973894 72535470 5 418888
93639812 75632574 1 455611
89146133 83258352 4 972582
15350800 83501800 13 325531
87084249 70580857 67 833469
59457540 72532436 38 266104
21587999 89901308 2 722696
72948558 75632931 17 892509
26267499 78592707 31 813017
63403250 72346335 3 424117
59736880 78370025 1 768379
18738492 75486506 3 179972
5742795 74152030 137 601707
39635699 83243614 1 906887
38030435 83254827 56 109385
72127410 70021184 15 567336
47702681 83500663 6 553485
88072007 75481796 8 676669
59934575 72375464 19 941512
27088331 83340003 18 949488
33596851 85481569 2 41974
14506406 74178406 22 883876
50950007 75808402 8 350785
18892142 78348817 13 765084
19045201 83484095 4 767257
6053818 78359090 4 807392
77717079 78456524 57 143192
81637859 70578269 2 802239
51630480 70032364 12 330145
5267215 78348855 12 51712
29396048 83608786 36 592822
85832956 89903317 28 749698
75903198 83243611 2 923187
37627294 74154429 4 59929
4734622 89635024 1 688727
80898318 72329720 16 838665
1860830 78367179 4 153689
64513300 83536116 20 953258
35334606 83331171 67 154738
71257057 89965787 14 21756
82287568 75497592 3 171936
31350736 78359043 20 205899
47202116 83458159 1 753008
2526945 83266948 8 950900
57537411 72547659 10 170742
94987178 72532656 2 511157
25157904 74176987 105 571819
16937908 74193678 1 919483
72743791 75793233 25 354063
21794428 83608091 38 663404
62631155 83217030 1 526459
68812055 78359007 2 417069
21574492 89966814 44 304156
69036941 83457965 21 5507
15059707 75646630 34 63839
57968800 83474013 18 138859
15252428 72334983 27 408401
35024439 70028353 3 182883
55168815 75488977 6 877951
51678599 75497566 13 184209
85870497 85492059 19 543662
16032591 83470386 31 123982
20744170 83272820 87 678680
71787977 72543395 26 609909
34403394 70075620 4 192808
2568041 83215393 5 109137
31902570 83235782 3 662541
90486589 70579467 5 464886
95898422 70102417 1 277835
40553857 75497552 1 78894
64463226 75587839 7 496354
97126240 72337093 59 522365
27758919 75644126 16 32424
56985886 71897800 63 303865
19801441 70143184 12 703867
48480166 70021329 8 144427
11638799 85492257 25 181375
58962898 70089233 20 909766
70023192 75640272 9 585101
47148785 75642327 29 232347
25309159 89902184 35 21260
66874532 83209536 3 373453
12655740 70028755 27 318082
1239159 78359444 4 974440
40758809 70083507 10 787030
80170500 75588363 68 246832
18157452 75836215 96 101339
78794146 75491818 35 4963
88692262 75632891 10 494050
39537295 74199720 43 276477
22463078 85515401 5 170348
83250631 72336413 36 226190
8944445 74194244 5 465367
46681281 78588982 8 507507
99075824 74192635 81 476378
19473821 72549162 8 922029
35773626 74186157 14 966650
66157787 83489121 1 972692
27183254 72549117 26 516491
27022244 70567134 25 876459
44819795 83536970 15 186072
33029784 85511706 35 881208
41124702 85507662 26 473101
69348284 72336335 2 639537
49249403 83610437 17 973781
21349290 70137932 18 341023
55690421 83259001 14 801947
72168310 78590910 3 109169
11020835 75479924 10 797614
11848967 72534829 16 733411
31982322 75830329 7 664341
21284644 78583753 5 336209
74919365 89684776 14 997869
86875000 75477473 6 201699
28021815 83340404 2 222787
50534633 89956214 1 100486
57716275 71890369 6 775837
21484586 83495142 1 752002
84102279 72535564 3 344271
61370378 89903465 57 157790
38329978 70068015 15 892771
35203841 70138182 17 512457
34484754 85492708 7 755164
34583790 75494427 36 973534
75090746 72546902 9 595971
2009281 85506378 84 818771
13570587 70563421 1 247069
80234068 70140772 1 107485
33919122 70069412 5 240473
71917062 72337734 63 221677
91589155 72328423 92 899230
7056596 83291546 3 811306
12925408 70527652 30 312618
8828476 89899331 138 126404
60268739 78439710 41 668934
79488205 72899163 19 879206
91356136 78468736 26 115267
6438253 75806644 9 808591
59233111 70073519 9 124885
42041575 70028419 13 55087
54548538 83254963 53 328871
9819766 75497203 4 314921
22438590 85473219 65 860920
78741060 83272732 1 85302
61683825 89896486 3 794259
54469766 75638050 14 708747
34490516 70101977 2 479297
85314279 89898872 20 937891
91145671 85511060 12 445187
82056884 78460848 7 497244
65583598 83588324 3 921471
81133079 70576939 9 788715
74982098 70102771 77 138492
17264095 89650012 9 729832
82638913 85495150 37 486679
56314713 70137587 8 961247
75130169 70035489 7 328206
16400036 78524611 10 639006
73267442 83489167 9 159716
43030270 74150912 1 990324
87645499 83443662 14 864696
78699400 70562155 1 733598
98263689 75786146 2 90819
56776287 75729194 1 578758
57326460 83346946 10 423100
77437660 83243552 20 395789
81272296 78591958 2 247766
55463868 70568166 106 8820
37087387 75486491 12 48245
23186629 70049306 47 61312
32960510 78532961 8 337266
21778064 85470771 31 660849
60619434 70083518 1 434070
38260023 78588995 3 319779
96132445 72890789 15 908745
99932322 75798646 15 339533
80214171 83448109 1 632535
46772196 75786008 4 527392
22297218 78792419 37 140509
42727499 75494937 20 262992
3416007 74157456 19 590515
86698427 83254289 3 706111
33950233 83209033 148 177175
11596171 70032769 4 698176
32464105 74191615 9 246953
70589798 72325562 49 965271
77876039 75587808 2 155484
36200239 75497349 141 548109
86596625 72896911 4 649359
5397230 89686589 112 6605
4954678 83497434 33 690792
30146160 78466791 24 187332
18212592 83291878 9 54096
84054186 83254178 45 374184
53965090 72327078 7 413
69795247 75727732 25 660252
70403539 75638328 5 372340
53996430 83485340 9 884001
77021977 72535556 4 933074
94608241 75793400 35 887833
45537254 75498260 1 938322
2646447 89659069 36 671112
12914683 85515645 21 566533
39358767 71899656 3 399387
23118798 75830301 3 472879
79979236 89902239 3 167020
8397548 78789202 23 181514
9495934 72373225 5 778187
80961285 74151865 3 333304
26623300 75836366 3 270126
85620739 89660155 21 48486
52747786 83259226 29 904227
95508840 83249489 21 156142
16878596 83309247 1 663388
1332794 75791683 11 747465
61211535 70083358 16 574665
30830889 72379542 9 344670
40451886 78363791 19 200639
46408129 70026531 3 500979
55662801 75496123 23 431993
65103071 70069436 9 879183
25541900 75481998 20 331639
61552376 83235492 1 270975
17664527 75734119 3 696066
65920116 83485522 1 9179
28173017 83469514 2 31107
20476853 89937194 35 337332
66751911 89895632 4 358142
59984989 75818168 86 30950
26156043 83470450 1 363603
52024352 83490070 2 600295
74520556 72324313 9 211873
84177471 70566857 19 640642
76199880 78461073 40 531144
1814833 83503863 3 462069
77529722 72893080 19 219325
91006015 70567817 6 759833
73577188 83490223 88 688781
52250504 83590491 55 917283
97848796 83600237 13 958247
16478977 78466839 15 984987
23304153 83206626 19 596736
66582807 85486087 1 582437
86576484 75832288 1 747125
96587479 83216930 6 355303
84782275 74178678 21 513252
44188140 75806760 60 153487
76749099 70699993 5 652140
520569 72474099 22 824216
1865096 72478738 2 381031
73819587 70084730 5 231248
25432847 75493933 4 476352
14503227 70035134 2 960536
48629039 83268024 10 702043
74768253 72534449 18 566473
97127114 74196320 1 410916
19321425 72405269 10 676985
50009422 70580765 24 519632
70506367 89646570 30 871301
8966461 75633067 1 280365
94246130 72474002 2 903558
30718975 72372812 1 340480
23923574 72542096 1 894778
39429724 70579504 19 217736
9376736 75644031 1 70064
34530373 75474097 7 848309
65425701 75642660 5 453656
78786258 72530120 1 70103
53413498 78461593 21 525581
2131145 89898184 12 825121
27183142 85469851 10 458831
55282724 85477183 8 303554
11701730 78524593 3 19177
43288779 83255136 8 530148
51368797 78792376 2 760857
87590191 83443091 23 362271
65497318 83236111 2 25853
42433541 74189349 2 834618
44084443 74198693 18 124007
68800537 83493231 40 990052
17787755 75727917 24 918576
96864681 83447461 1 140862
55986473 78433106 12 556283
652219 89902108 9 132850
63045879 89684941 2 795289
68827999 83346254 3 650825
6148446 74151104 13 23651
13105415 83269514 1 840295
25422732 75732697 78 318723
43499317 78460856 1 248298
58715006 78528468 2 385450
17798777 72550441 30 323532
63407754 70698264 64 982541
28021239 78349141 17 379827
29870054 89967081 3 211084
83405203 83216838 56 571540
25544410 85503828 1 519573
87059195 85472981 6 993857
30301917 83291010 15 423613
98366535 70090934 1 302448
21142218 71899222 14 581855
69893727 89960085 50 186526
22691799 83490405 16 319122
97207091 78523284 4 410654
93695231 72898779 51 300029
1164322 89612467 2 951996
62897548 83459372 7 409744
73827865 85492219 6 831659
71996153 75482169 1 811008
40391912 70568504 84 953752
90055809 74179643 40 413476
28388116 75587517 17 151783
98920704 89902427 17 134379
34165154 74200496 17 339959
77268395 89901146 10 598637
67111544 70140956 22 235024
54636507 89895739 54 567109
72641487 75637297 5 419659
24053406 89897518 7 816160
14818976 78592004 21 435860
13558691 78458384 2 614420
69854816 72379597 4 93598
1284331 83535998 3 24274
70454469 72317799 14 722584
47272614 70088835 21 577247
22565260 74151608 1 287027
84255051 85494155 8 420573
4540589 83494030 5 311660
45419365 89616450 1 212310
17595448 89960885 11 176305
35538892 85503788 3 290919
923073 78590816 4 289823
99138810 83255896 5 733933
87824310 83309308 22 592541
42030954 70069232 1 957708
70793230 72549677 13 345482
30540771 75792263 18 111695
41015858 71898350 2 705336
97771802 75494741 13 100656
5054547 89958914 37 622327
85771289 75807870 23 187615
42227023 70067914 71 959023
99911385 83211355 14 99743
26635187 83469443 2 945784
86756688 72326959 55 384462
47086571 78466636 1 662872
94078638 83448698 10 430423
86707740 89896424 24 294646
33199366 83458152 2 346575
69017580 83492380 7 677085
35726827 72534088 1 251442
69155655 78311624 23 905912
89691398 74193049 28 380838
74876513 72530067 8 448873
42461600 70101195 16 237864
74909394 70069226 5 693777
566195 75831704 1 530157
26937457 89961906 23 888853
20230486 78370568 8 853370
91874318 83215451 34 202290
14556484 83608154 3 880475
76352356 70138526 68 61630
91802701 70028617 3 908042
4109046 83485507 11 741266
79607549 75481153 13 1457
73496345 89942215 14 622280
56138643 83266553 2 188836
58733774 72375496 11 663353
43615612 72890732 25 647148
87035342 78533256 26 352680
36112932 72476629 32 795875
46593842 70028623 2 680120
58007844 71896630 1 757300
72515333 89958082 85 35083
5927560 70047516 1 624768
73014661 70567441 16 709033
74990133 70048985 14 651453
63955160 83243521 3 253075
61600316 85514616 18 964792
73179983 89959858 14 528686
78218624 70579315 21 715085
53252223 75835282 60 906659
70962358 70070792 12 109299
89152582 70069503 34 506891
88343490 72891467 5 350583
22186529 83590580 11 994210
91283543 78364179 8 753533
75598200 72328815 8 277991
11256397 83609245 17 52020
48792786 72478791 32 55654
14681628 70026660 3 866276
238038 83339944 3 327898
1474422 75796792 14 795454
85795683 83443144 21 26956
38325286 83346968 5 455955
32825010 72325619 8 414895
95861191 71897699 21 913842
65447530 89966606 2 531777
99539379 83212612 5 553156
39878088 85511858 1 530432
9909446 74150376 31 509012
5740738 89632356 2 105710
91196194 85473407 33 20695
44208513 74197664 34 625980
86302874 75808427 16 7229
28576399 78359403 33 856034
97021149 83536079 8 685017
36777716 78589283 1 100833
20619910 89962206 8 800902
77344889 70101938 3 641141
27027810 89899121 33 768237
80706461 89967148 17 65588
81183044 85487229 2 354055
33838201 75596116 13 927782
96338426 75476349 4 760103
66218551 83608956 76 612416
16596797 85505901 7 151447
77249938 89967072 5 170450
5158115 70032689 2 512633
29676374 78592500 106 458068
37392188 89677680 4 605514
73662462 83259084 6 526625
83023755 83532838 14 118941
38391877 83495866 15 65419
34421403 72317634 4 31410
46116443 85469629 16 275941
94433023 83443647 1 380568
85518335 75791605 25 699061
61155217 83496382 2 392245
90814394 83249770 39 853860
30651349 83495966 13 362901
38711514 70027750 6 495004
41694834 70140686 6 320306
70823617 70564033 67 458505
83246946 75808704 12 752471
98482854 74178031 42 284175
36573885 72328930 10 436636
13753040 85505988 49 813377
34887108 85495109 3 654158
57377555 83272336 11 385881
11630763 72329701 3 726004
18011018 70068317 1 700174
55543258 75493446 9 358309
46027446 70563487 22 258361
53258243 78792273 74 202935
38943722 89903679 5 76140
25463895 89681094 9 577832
79936897 72328891 4 219285
47693436 70070769 5 800445
23695458 75731383 1 645308
70270759 83464219 84 257508
5942030 72325703 11 723475
99258754 89681501 15 890550
29081225 70026751 13 621279
36947393 72535601 17 630599
78522731 70032390 4 188936
8889633 89965803 1 247825
18878508 83215804 11 833592
16323154 78358050 13 260340
76672456 83258255 6 364192
4671978 75818273 8 290619
16413471 85486359 8 147618
49670595 71899810 119 189927
21717365 70577805 42 711312
12454148 75638179 2 707750
82678583 85511081 2 513748
13639553 74151308 23 346918
67357132 70100675 54 918460
7395533 72890885 20 229042
98151673 83591292 1 104901
59488349 72532699 1 708134
77098857 89658976 11 892520
65601853 83611130 4 519984
65306701 78525598 9 864270
3234247 70137548 18 288576
13434297 70049087 5 347031
7073114 83463915 1 889738
48055946 74179015 50 20084
61249815 89942520 64 622272
5387204 75817956 14 478368
34412430 72543783 5 57406
11834707 83448543 7 321111
92039733 78456598 5 243065
29319771 75476155 12 648876
43901915 70566924 36 978708
20569322 72547646 3 811585
21422680 78589082 8 922818
81142454 74199657 9 895670
8894154 75642710 3 999340
70242225 70137569 1 860213
7176954 75835926 70 924837
55022769 85514552 38 434703
3597065 89659899 5 308463
79253562 70101729 20 69686
68561167 83266481 7 685109
613708 85492699 2 795459
66760139 75733415 29 12407
32375398 85418504 1 666428
54011878 72337657 10 659916
43524235 75641260 9 532290
13420096 70028528 82 139565
32312178 83211398 25 112308
67349073 89897427 7 34221
18569126 74192326 4 270215
35196437 78456435 9 629440
71956553 75637341 14 602393
71921363 89686845 24 351051
61235018 72333286 34 503130
26102371 70137441 9 573870
6642948 78468559 1 913345
65311882 83525711 6 708992
40515148 70082766 2 754095
16484712 83343937 5 958398
4823144 70028370 6 683679
89785867 74177176 19 408603
39865074 83235677 5 893881
32038651 89962247 1 304439
71620578 74192512 2 389292
1695821 72325334 11 560195
89197315 85477230 13 387514
30327375 83590665 17 639800
71248741 70100459 6 916238
15006524 72535458 5 928478
46937159 78590556 10 284294
68480059 75725159 24 129168
70684563 70141421 4 661937
21838507 70530911 13 853553
61604412 70562125 11 229145
13762465 70088811 3 127566
40121916 78589251 6 629486
22730869 75495901 5 11314
41795325 70566369 4 472782
12835923 70049383 2 869307
79925137 72327847 4 682409
23019102 89677447 17 966886
30953922 72330013 2 637091
27249582 70140744 8 375701
45015305 83610913 13 340650
37470624 83243188 2 324205
1718578 83490321 8 977717
89313821 72896481 2 898743
65087586 70049026 8 546410
50393071 89903376 9 352095
95312027 83472656 33 565241
74045958 74192432 25 934974
88006104 72379468 22 935580
12438556 72899315 15 283581
69970050 72479861 4 398426
1259654 72348518 17 786699
16260005 71889849 12 228308
17638218 74178562 16 532568
57123276 83462818 1 288875
78947801 85503498 3 971365
43654279 75472692 25 223538
56277398 75791276 6 273274
16137556 75806922 1 563285
31006987 74198712 1 240114
84330951 85473329 5 419753
98942048 83459319 3 314501
33460896 75830440 74 495809
18796212 70137906 5 718299
28471940 70035156 1 314325
30433750 72896934 5 776907
8803839 75642382 6 448859
27554545 83249977 19 929406
60732771 70578189 12 270000
54960283 72546940 1 84186
56516908 83447472 1 780130
14687910 70137701 21 685153
35303075 72896498 1 160276
56272692 74151361 1 641293
95255258 83259379 81 813428
