2000
80044544 58083644 57094643 961286
32457531 17011651 4035294 991863
91761347 70705768 3663500 388767
40959772 47334145 6565179 826290
186064 97651998 19303409 135128
19574034 3800057 8725797 237171
98713030 29185028 2163932 833359
67796920 34904798 613611 763594
67135787 60924028 2621959 330251
84289438 23452195 2308372 589061
10489838 38422420 1662322 601395
5364113 32525423 233739 144303
5514515 65594535 1329013 527555
23707602 55082622 1168009 736106
76994706 75286999 106360 645781
19868090 76241345 364478 640105
55195989 78052822 182884 106213
15914676 26896195 24173 512256
34513439 33276961 91832 880774
83342486 57885891 311703 102933
41890787 26357410 76337 599603
158287 33824628 275069 571889
15332633 57489215 27348 740145
49841249 77594022 16092 918248
12590186 57034018 132306 459160
93252669 57539007 430 322804
8358689 32248756 9279 718520
49609401 75764457 63125 719889
54595247 77270781 41769 119118
78395768 26059484 28933 152973
87593745 31712389 284316 366858
9994003 56761147 104714 838188
91721246 56393512 92877 499492
23798835 74829992 318831 106240
58556002 32865948 73840 717967
16884425 40158782 20155 680981
44207475 34169520 25117 421204
54865390 64100923 149916 636732
97293441 40619280 6065 224808
69178614 77821251 9556 735009
43257075 34229471 6586 254566
27874761 12965184 9661 730217
62714118 32064012 46624 572468
65820335 40240963 54321 801376
54919284 63721613 125027 162082
49349708 75828991 1032 304247
10091631 74463902 41763 727686
66946786 26624542 130013 966796
58411285 25826495 57295 987341
97934549 26139456 50164 336241
99491335 76842171 15210 222465
45473854 33510209 38777 523487
47384908 12542789 14711 608229
19795487 35979461 227064 552925
46815400 77841926 2872 624085
55854152 12787012 31742 187236
41161959 76697209 68252 461974
28906653 35616646 84414 804557
4070902 36449058 205059 473314
13091121 77222052 861 242469
19259859 36705265 36588 470191
99244753 75656675 43448 954327
58754231 75149928 277 951604
34338317 33142016 15957 858485
7008155 76622721 5295 363087
18925323 888943 27463 159811
79429455 25954818 4349 856564
48001136 12636965 33052 368404
57629879 40451074 42149 226900
41103060 66978218 34750 301193
56988161 56594036 29945 758782
94141325 34219512 1640 378795
82681475 76931889 10038 475391
50063785 792283 46883 470240
13515097 77069345 120356 439594
23880369 12885952 13072 851275
72792643 26026699 1827 756534
48675970 50484 467275 168576
4213367 57398677 51696 430799
53739124 34277129 9316 139011
73193945 56629555 3976 754649
77279287 639659 35872 429921
50473848 40644119 8430 668446
34366517 33047088 13205 877105
16794787 76860353 1889 424927
75825472 25906097 2366 905742
1857957 34287062 121 818439
40035335 26789380 22792 952046
3043792 26838748 13543 876595
42387489 76794766 11591 876308
4849255 76817066 2818 400147
78288148 77414972 61586 285662
36614512 32168744 21995 680908
16058729 33111458 3776 600922
46897124 527676 2616 7948
8677852 40542346 14201 426234
3957501 975085 13492 484450
95732078 57246388 10351 42085
94315206 74375218 1579 844410
75474666 25987847 5989 825156
70081408 56265310 6258 528426
30038383 75463999 14944 575398
29171507 26986259 289 206223
27577486 77325404 3044 796501
63585459 75538842 3806 553025
71526773 77506918 25724 940866
57410005 25997387 2039 10798
32392335 711141 13617 511600
75603160 40314745 10188 966958
70837738 40591178 12869 371207
84298116 12721387 3950 348662
78829158 35524451 4880 193276
34642994 25919274 4380 508250
70699091 78328791 10143 844120
19161362 53914125 444 279878
22912456 31356576 58 692951
34334160 34103149 2322 75863
86336714 40184666 867 284562
80550932 21053502 6170 73139
11279837 63885386 6884 471885
6383742 843761 4488 280394
25258113 56536536 25262 245188
34042118 40133035 4665 351059
89632020 25960009 473 299699
63996561 12743626 3551 137718
51060574 77778738 3972 802949
53456551 75830112 39 732021
45901977 57308946 8075 842871
44237524 40086879 1711 850383
35751747 63553725 1037 930067
93132541 33549343 59 588127
39651020 76822248 681 494616
10004921 26958702 7688 253958
34866862 57232963 560 83814
41037274 12728115 389 312818
83773262 33449531 2844 162128
50085750 32791530 82 921082
70981588 67030024 4062 2412
71892839 77869638 135 836574
64908336 33014133 6469 408512
85432483 76767197 1393 178350
49636458 32975712 7861 281505
6418398 925141 3199 254872
79389120 33073475 3255 779983
78349038 21131119 2413 489690
36278424 27008221 1666 937707
76855087 78284465 1404 198127
15340260 25945720 4609 631926
56349954 63868284 5707 647521
35745085 733482 4330 897678
41619082 27003943 47 434411
82449289 76807938 1110 948162
87172286 32988927 959 75943
71760480 63911255 11938 331712
4884505 21121458 4067 209495
16524470 31372223 2000 622744
59623949 26020044 4446 661777
18805065 32234578 743 346706
54802932 26276018 4867 120347
65654568 40368169 8680 889651
22924309 76867536 1181 65968
44624193 77761138 10311 908038
4282411 63546325 249 848375
54639316 40719878 46231 240561
56957642 77564609 2916 849943
76630095 33104150 1127 444321
943465 26980453 2023 473478
45111784 76894572 19764 960218
86290269 76613686 1678 898070
22470252 34265587 1284 307027
13730881 12673564 2095 577063
60169705 63551189 326 466786
50979440 77206595 13467 499177
93411598 33064705 2608 173357
83084708 56501539 8539 436596
48578829 75568247 23415 728109
40400052 58288111 11610 176166
1262278 32783807 2827 497945
53166976 56283440 5355 88796
21623744 78294909 2958 315635
33635946 77480940 18 186314
75604923 78244704 7056 787382
62788875 26194344 9 727273
93165615 32131383 10525 505529
57215706 12682004 2660 66650
61303697 57200088 2731 776756
74328047 74395141 3425 608109
70417054 35713981 358 858638
83831093 40094840 1065 863345
70353019 66935358 3877 964186
19824375 744689 658 502409
12695102 33092352 5212 193026
35159573 33425569 3666 405615
49083219 27017878 1811 177107
30864472 25890953 6200 404147
23598613 58262684 9320 985160
42757589 26942547 6548 859081
15095562 34251087 5370 257107
40117323 75404975 6778 178310
84672086 77622094 11560 140566
52740991 77702129 41169 647377
93555878 34106310 417 523390
11764818 26984052 584 162209
23550608 32284668 3193 357023
73578556 26029971 518 915774
17052231 26761496 1170 573944
51182623 31381267 4566 724127
28104048 27014486 412 685936
10945623 75612906 280 860920
97257904 40520100 2344 606674
94304285 32260191 1029 532402
26359902 26870269 1413 362908
22889742 36758435 931 383149
3760544 75501849 7963 783398
35981795 76947779 295 35932
46285924 76826844 107 37225
35245894 78313979 4527 818083
26385087 32951897 11338 779437
97600952 33400436 16215 716892
40491973 26857686 3447 998708
2816562 26267475 375 39059
13524595 12560598 1301 90900
56504526 36661453 3901 560794
37307857 53900360 168 101600
37639637 21098288 1520 958372
10785485 955756 5688 460726
74376418 33456030 1127 130214
53724536 77546003 6880 183337
87655512 34217355 453 75630
7825924 32998304 8292 943038
47910396 76824944 1103 153649
71891987 77347102 267 673529
14884939 12913547 1646 947822
74839338 53909721 2851 533866
63014235 77648308 1791 163407
62607743 40337700 5157 137368
82105669 26475526 3639 661449
30384444 75849946 18865 810887
80847499 12590565 9021 483465
28486959 36227069 11776 261027
52641335 77222992 2 758559
13870649 25900758 2025 744119
85875547 40506741 10913 891261
9936647 26440946 3501 451854
27315372 75447608 466 180125
26783975 63951005 1 527005
67307695 66929516 1182 765602
44785860 12974953 108 345826
27372928 57317954 585 240059
45484149 75440175 2367 919616
15651906 64255716 3430 235672
79865020 21075555 15420 893521
46107072 524796 50 397695
33186720 40667054 2090 826134
11822211 35721129 2205 252762
90841710 40297909 2550 12386
23500059 598622 2456 366522
80195627 33162647 2556 874102
75214395 32194037 1024 988609
12547495 21127215 588 577448
66756076 67019082 2835 624814
89012453 31368928 468 716984
6561690 40119273 7006 576203
44436270 57322876 1493 563192
5342938 31353061 1698 786034
33768049 590139 4647 501680
85393153 33437037 31 823946
8216639 853346 1279 541174
10784735 21138158 885 95675
86191879 12952768 2508 464334
96760207 77572205 1817 723790
22436971 26265694 263 731371
8426724 76921695 46 799770
7458197 12841017 1452 609426
75998152 63878041 124 430736
32024575 12942039 1494 780697
4411977 25910872 503 833868
44144162 554230 9828 500265
98683251 26197995 2714 157063
79717306 36213662 783 451033
32329350 34139373 2392 885792
1530943 40397078 1498 596981
25931821 32209232 6729 668863
60993815 32269613 6239 877369
92554635 74414375 6033 322112
76340571 40392625 358 688045
94402551 12842543 15 155507
37329220 58251892 18 492327
37315171 21137148 24 509938
66225255 63595536 203 47308
33076174 78271722 8228 941274
36349296 40182980 676 678874
9910360 75448251 162 514054
21235069 40672511 699 366293
14001616 75174353 4271 153102
93182681 26232683 20050 335318
5950943 25914741 110 728634
50802923 947460 1727 151462
73006782 34237178 491 907657
65180861 25937313 1407 480395
74361662 33383943 159 329306
56895775 12688406 868 801888
51927974 57259617 113 594964
29581378 78341736 1998 867992
13234799 35728308 753 189490
25635035 12565256 1690 121137
48165139 40331186 1003 191529
92722869 76865877 296 731397
53239227 12865003 837 750918
78236308 27006215 25 469197
64354868 63848425 1230 582601
35655470 33459749 1050 559468
6753156 75444889 2056 663649
21438731 32233533 42 726190
25358428 58249271 1309 765882
29014819 542951 1362 911097
20709544 77785876 1674 578187
71615116 33468237 3040 563727
99216675 57189751 5174 378819
38243960 26992295 584 92657
22585306 75159408 8026 30730
26881280 32190795 10 966164
98264567 57287597 637 497553
42871331 63895152 335 31808
64285374 26990771 749 728841
62270039 26757376 554 193438
98172674 32768636 8733 157567
10147280 690166 6921 427642
89037057 34119735 6672 342687
92811679 77788366 119 799027
72613397 859433 226 924236
17109751 26459186 10114 639796
36211053 77861121 1701 879152
49309722 32011959 1503 678905
63963236 567613 1343 662359
18148374 26975266 1996 255318
15286012 26002863 2202 51147
59131365 33461832 129 934023
5636811 31410678 7669 501741
36845197 26765897 586 819375
46387147 32231494 1269 927663
4857406 75599578 6653 974966
76257866 521459 2838 710981
20841091 530896 215 454145
17967227 40183763 10 166360
5958580 12927374 8457 191358
75213221 56900672 365 116964
16956796 40350340 2520 159691
81450263 35707365 2284 481090
19738220 56488609 2079 353396
13181315 26192526 1460 215416
88847321 77857969 777 954520
20154836 74510600 500 451120
47246305 31389417 3558 691243
83087432 75519660 9185 547388
61391029 56656180 72 743101
93498191 21113512 1263 335609
96956509 63574321 6728 983194
91789981 57180108 3015 874653
89766971 25768024 67 608516
8193738 56274911 2546 58675
56338349 56292816 960 186394
36226803 32117689 1983 427236
86677286 35740042 4050 195479
86041171 25977917 1234 810602
28498114 31366724 897 672508
53500809 56257202 861 827331
17189371 40386742 1010 209635
4116625 56888991 3607 465056
15296465 32001031 1316 130896
76488920 57288623 140 144992
23207227 75544144 44 571191
77910868 64264119 753 274952
67590567 57338394 4577 325791
46301053 56874634 1409 164142
88089027 63555536 434 649903
11892689 58200180 2526 146776
22776234 78301985 923 256923
74413394 12731328 2112 911710
62339475 76607640 1065 832777
39795401 34211892 4942 617013
84178669 67014833 1231 877619
91315333 56899843 460 330730
19512233 34239979 1928 706837
56199107 77651978 1156 906106
83321914 26435593 209 515541
3729123 56562804 208 123871
60123926 35709759 74 19473
41793512 12694614 1473 111208
77041881 26208557 791 321645
12403377 77805730 1621 533817
38157944 75421146 5183 453401
19727472 34109850 519 49786
64874471 35530670 813 457580
93149043 12573380 5922 760967
30690699 35704266 558 95325
72609824 33440017 1107 282302
12039523 57330645 1155 25126
32771449 40097201 36 790061
76267713 26204152 1574 297824
62157129 57549530 8 733457
74919560 34202055 1885 169381
55867100 58300624 421 294090
4346977 25933980 585 808707
29343589 32015436 83 183759
90338475 26261585 732 867878
37009783 26486843 3498 332066
87290256 77574183 145 371187
51140334 77789984 334 551080
50151786 57260293 139 400197
11249932 33170471 2524 416199
56950677 40105189 2305 649547
93617232 40609103 1344 86714
43432671 77743858 164 417097
76436555 78258454 4028 306974
41958673 849796 1485 87803
98312149 12599974 216 729798
76265695 75876133 11 370500
31372585 78345399 751 720094
88942210 40527410 96 60444
6776004 31360990 3023 905425
12540995 77225134 192 807960
56691502 33178987 1950 297124
62100929 35724848 1369 524669
22420351 26201655 73 621820
54414360 12738059 1000 868748
17920901 57208844 1887 330399
34313520 26263016 86 883857
69867197 35744516 209 739872
35018991 34196093 477 235315
82791964 67035349 82 863919
56849042 21128470 19 581084
84480018 12904260 3952 314829
92652438 35744973 187 478343
51399803 33437896 195 260433
2130166 77855624 17 196128
6420075 74372167 1348 618735
593431 78236672 950 578818
83436638 25964155 561 140335
46078420 33159131 329 3493
10911409 76773037 1908 751575
30306060 56898857 384 517572
86905464 32759701 106 807771
69792219 21095264 619 414957
17989129 12579869 224 284581
99413216 40627046 1347 170175
46652110 40109414 383 167129
81205920 40390382 1209 767143
83760938 12854344 7260 932538
18836798 26929876 1561 780434
9568165 77793596 2238 991152
46267419 74401018 360 937223
29280877 77328497 3 945875
34067014 57565500 7319 175651
54907769 40092942 556 48364
44632154 77328493 1 170056
7250839 75435287 350 757016
95871977 57523659 4064 405181
35043557 75493396 396 391798
88743349 12703447 6519 780435
38271089 56893375 241 912144
3171717 57547485 1294 468782
18583589 57458047 1440 856003
89061754 34258386 1638 138658
30364894 40346318 1145 769232
16113615 33464947 36 740577
60651420 40326942 793 831678
18133637 63936570 11866 423695
47970969 32146137 326 538679
9639882 75169119 938 106821
89594394 33369425 311 386522
16336214 12944084 352 148502
65408611 64259268 33 896963
86177109 57225270 3990 187796
78081071 40768101 728 836608
98227122 26211098 21 281806
7882185 34100135 209 207778
36232695 25931532 587 690672
91597436 56647363 6823 924883
76109709 12676044 274 311429
35630203 40571330 1376 905244
31706605 33419798 49 903935
13855228 33432923 1885 436501
97135658 31349718 407 799121
81827566 76809947 835 263836
28168213 76869193 202 837100
29558616 33033178 107 988274
24062232 12581500 33 306497
60248418 32778153 366 253208
37750142 32963324 80 221818
53281636 77314929 717 524063
37102927 31420476 1107 406697
30200353 36206793 20 820666
12327167 32216410 376 988779
41588679 75394977 604 792451
21369230 680876 1553 37053
39617039 36742904 687 172868
11890753 75875991 17 727644
92011740 26814854 2674 47059
30390975 63558341 218 487704
91796469 76781559 1583 500069
3867138 12949442 378 456033
19536296 32227139 2925 527357
84559096 26268731 488 787780
79430185 57264136 89 557557
78298268 919584 757 903171
31470454 57550079 85 682907
13901782 76857514 23 16451
54691718 77640242 6101 74236
88233232 35714696 181 544566
24065279 58222344 3759 635697
14896989 57214545 2332 846272
21076984 76770198 241 218084
59886286 57273710 165 685017
39107313 57332649 685 286330
72571009 63591655 746 344432
44562619 34099709 4 237558
57350674 32219037 1623 654785
92872607 77319336 579 237359
80723867 57551289 331 359892
47855328 26434471 529 963145
41436444 12747317 26 758810
37107096 12527677 111 428247
61543788 63589612 631 965441
99135430 25884487 234 53888
72346276 12689277 3 919530
64579214 26263882 396 577100
28934271 32288315 61 321024
47543229 75414849 950 922324
23607736 40560077 1773 742975
67929136 77866970 2046 944581
60680048 12739402 9 987954
91701208 56878976 1105 288629
45323954 57211433 577 390655
23433931 35735814 33 963172
77574476 25762619 304 202990
73474217 12749942 576 275830
48564400 532929 1080 177836
17714509 33121885 2635 932243
64406085 40567252 562 175500
82693644 26825131 37 919826
8569940 77349831 2267 931167
32605528 57261428 512 342967
52009373 40658622 224 160302
38782220 77576739 566 206190
35238169 77478659 1467 277892
46518189 77559249 1406 80990
78528799 63898154 1028 953495
28208797 26270534 475 832695
52330419 26925513 1158 73062
34676982 32989966 44 742440
90973903 26481273 830 52040
13869079 57451486 861 594035
83303395 26994356 464 269528
71980453 77772364 885 196986
91618970 74408167 107 939599
92287974 78306013 203 120665
83613615 31427658 60 569364
72805417 57320219 271 197830
159753 26268144 40 643679
19600939 63565513 1164 543704
73773164 25765119 1543 818921
69244654 77341658 346 142700
91148301 63561832 2325 548511
59490926 12754033 1074 195986
98794904 35717807 582 281637
97501092 58229624 2009 62880
22594968 26927789 249 730425
89246907 25980708 506 256151
40289341 57293727 2995 963237
3259072 25760713 106 191257
8057681 77480410 72 422180
78282556 35711949 310 652126
9172128 579676 2380 958938
87557677 33166825 30 493305
60468289 33105398 15 22530
66292554 31401309 747 608727
18201720 32009738 456 617598
42095101 78344621 15 50333
73530014 32192743 147 963808
94434193 31355871 614 174138
14126656 57319161 240 629558
94309076 76769682 123 823388
38221932 26009818 3731 796712
10553646 40661237 1716 383265
88662793 21103296 3065 652234
38173054 32142720 177 676199
46540990 34196830 258 477849
38063147 40300462 2 213756
99337655 31368164 72 379666
68023653 26266955 46 945245
39616442 35750074 621 875546
84567832 77345114 885 589033
10711067 63861226 225 178224
14420158 33464828 79 985343
11548708 12567123 166 17250
45340358 77322150 207 910860
58696987 27020934 2 167381
52339535 25939852 610 195929
44903608 77863133 266 511015
52729722 77783697 366 985522
46173463 33167641 193 297943
69034335 77837439 530 902611
17789532 75434362 350 550797
67237901 57205077 416 977460
19182420 40629033 10 743539
41999894 77223277 27 179678
49541057 57235844 70 193896
1833502 33460839 2 694469
6776044 63850184 160 303932
33694313 26950807 5 34940
80137147 21141725 365 94582
95506764 40494171 703 807696
32790527 32004942 1985 248448
52304722 33167017 74 658312
73820624 21134173 360 894808
64381373 26014644 838 526673
3825917 57289803 182 871975
5377775 26207260 405 381368
18223124 26254607 698 412721
43996000 77838633 128 737922
6874838 78308557 77 611822
27230414 36207837 694 861050
34808863 77317800 249 295206
39724842 67013544 12 233197
85599877 26264618 78 795946
85876194 25908470 5 833751
57909803 57454825 1264 218237
14762224 12691730 994 123262
38849391 57285382 305 708957
43776000 40088951 162 446694
11708140 26824846 142 796595
35464217 77833633 881 752767
30357593 64265142 78 922165
12474082 63552327 72 442045
5627085 77536129 2891 953408
87219851 56633624 59 382098
49760880 726374 537 544744
70256012 40406300 1528 41858
71219850 77803500 323 703979
93460388 35718511 96 671973
76244064 56868781 1941 465710
84716996 26447400 953 718411
19761424 34142545 769 668558
33704544 40380895 2099 367183
82823772 32191189 351 73378
96590386 12600207 15 519097
72687741 25994029 86 160283
67572724 33078379 898 378211
14287313 63584474 789 407165
25072985 58212302 1569 371779
1857902 932497 3225 140812
84019756 57231546 424 880564
8231688 40402775 1607 570552
62456506 75830944 123 701737
4371748 36209615 376 84662
21544316 40088653 18 758629
87620202 12837681 481 323001
45725730 564672 491 284499
27580007 26763849 880 696002
22868090 63594420 641 501803
36880640 58210678 49 902460
13997172 53902162 1608 787224
35220041 57262800 56 813457
36935915 31399906 16 319889
10847182 26822846 37 2448
13105277 77864884 27 364551
92637807 77660671 77 726610
62224009 34206665 19 539886
6255460 76943054 98 355741
85196678 57346273 16 846832
71440020 74384321 5909 156827
99517411 40656836 949 651495
31586271 36750605 6517 392640
40483572 26435294 7 393698
64133081 77557773 64 483766
56741345 26924212 76 940091
6851015 743605 226 76163
99738771 12602835 233 436314
31213314 12844489 1803 847363
11747472 12867914 63 293172
78857530 26971213 725 149408
73101519 34217831 21 54817
37580283 34111376 716 847642
32611486 34131849 2648 176412
51779875 25970738 1176 610072
47275560 56563530 289 586943
52244786 77789368 89 817735
71184885 26190247 526 935045
73755186 76806464 73 816092
35653730 78347614 125 388282
85692326 77834857 52 731675
79252046 58272427 236 214727
16054649 32967191 275 44412
48359449 25974422 643 469300
82394616 27012344 164 786258
74621801 57549097 244 78909
50283216 78289387 1445 821031
29752468 40327852 34 52196
82773429 74401766 308 926058
18688159 77846871 70 555590
46270588 36656414 496 847429
5662087 76609970 205 879236
8419226 25972447 484 289010
94757470 77333415 864 223548
39579974 77339044 903 4909
77723300 76946622 35 837512
3178465 58227604 9 111115
17265973 12826954 1732 726655
39814181 57267095 152 929262
51221043 57175036 476 958219
30004997 63851031 53 315632
14582950 32200824 1116 352814
53657551 26922092 1693 48507
42669235 40577776 113 21585
39475793 56562013 214 314551
69996971 33417740 590 895601
70061645 34199225 339 654476
29360580 33372388 1379 282954
16655296 33453936 121 972555
24192911 76857551 6 205291
79913211 31368259 11 50950
78118349 63559202 142 204786
17208291 25761190 344 956805
6661976 40110208 188 393737
74580510 34236327 250 851863
75399373 33174715 486 952738
42018063 536002 1906 42277
36902360 75491953 78 318864
66729013 57289283 283 173288
31104005 25763252 83 701796
17237981 56872417 109 753402
86251546 66927027 814 583192
61763104 576170 859 332388
45744496 76921749 5 320630
26741889 40577257 249 986653
57320100 57280658 3745 864992
68731134 78304663 519 510222
70387702 33105742 180 11365
74863301 25964992 260 45764
3498732 56637021 3219 691281
75697895 34222075 783 170536
99435744 35702953 314 913511
30953324 77800136 1267 466969
41557996 76918330 3079 654015
29340167 40387898 49 470279
69547618 26492376 477 734705
52157701 77773977 526 216248
54804640 40108954 15 755187
8618052 56290875 526 850774
60266168 58216568 132 84076
53676335 40670442 650 327066
17693415 25767417 120 740977
46365229 76811347 450 573999
23237226 76812429 343 939135
47252778 75700550 240 334709
98480128 33102949 54 147724
14304826 585450 27 665452
58998445 74391668 16 373147
27738155 12947265 503 833024
27173274 34135324 46 90257
23310878 58276123 179 676465
18768326 35716310 489 787963
37963493 77849902 2747 994747
21821111 31398818 818 483033
58597044 21115777 222 11733
48737402 33032115 321 885359
7708971 26194550 11 470888
21637407 57300671 192 851544
15879844 56893704 15 141827
12881636 40126705 267 410675
1218368 58232247 48 997150
50416074 75486234 3454 388771
92615365 77750057 365 881803
38160198 63593515 217 454880
91325491 74508776 195 249333
81212986 63587283 452 658396
73916513 12684686 14 788135
17461096 57166578 97 115885
34783243 26950913 2 718723
5582837 34206071 43 306609
98955829 75612583 1 965961
64609431 58217974 540 11465
18298365 26931517 18 272045
82930370 56294185 353 875166
28593721 34256548 81 937299
68470937 26865296 1464 69382
5514959 12726108 164 796907
45361315 75489758 24 672251
61288297 63874532 483 671068
67060465 75491250 535 362047
86919071 571380 1320 65167
11276269 57328487 934 257357
1075106 77831190 68 214967
69598417 75609774 2745 482304
93405427 26995793 468 404912
54324536 12866403 518 656895
12930889 75412611 459 883816
65644596 12733455 7 744411
66095793 40557455 107 865464
38409948 57274676 314 997811
13515430 56872879 43 919036
48557432 742979 152 219295
63836707 76778677 1114 113979
60639339 67025783 105 302151
72995558 33419147 575 43819
90676424 856932 1363 752137
95406641 63583262 158 496612
43759034 35735937 22 598246
29685577 40565763 184 156769
49516459 63557839 268 486176
59527161 40345013 37 119092
15384626 63852754 1074 523264
96244838 57268944 1337 587505
37178764 40098259 101 27757
68611999 58227368 193 756559
25146664 77790751 118 148059
95338530 33174146 50 532059
33418493 34136058 565 809704
59536773 40654587 884 953223
32196954 57286676 187 949529
36034254 75875078 419 139177
68602740 35715114 41 2729
37131931 21136107 519 413162
83879321 76948552 406 453713
96761030 40572971 149 198354
30799570 26088532 109 448643
10896561 58273292 514 846701
87113906 34195205 32 959316
62350109 57554646 2290 287796
36302983 31394030 722 476164
69697373 36206840 2 52684
38814878 77223844 78 298599
49199849 33100614 1576 911484
27657329 76609157 122 199987
31101225 26821340 62 769705
49469256 78254133 9 817833
31329782 75531915 376 843807
79758198 25981844 10 320063
87684247 40329209 268 226899
55746022 77653509 331 369418
29956574 40092255 81 442270
23131360 75178930 260 679418
17451421 57196221 641 671830
1273210 34242203 256 433171
37364198 78290949 54 592528
14204252 63851393 232 847543
55369225 12726620 217 374812
25672851 40356664 1371 861916
52670701 26822197 115 871353
86761760 57171447 1376 432310
44209575 26821647 193 736076
94397383 56254147 1617 154868
22175231 31395542 718 833444
49919659 77312960 272 716251
45014466 33080568 146 73200
55098752 34206003 11 843942
20477924 40605199 457 554137
80249072 32787211 429 347545
12435853 63876267 887 636411
2065526 75873369 617 65627
26003342 32964700 1239 101356
7601352 32017329 48 639933
18729957 40604240 38 434685
68237653 25911705 297 351739
86063511 32120525 208 932546
83034214 602716 537 101333
78671787 40630873 1753 761152
30394974 40301706 503 714151
11090 56297472 2065 49057
71067629 56491191 135 762211
77412331 40376978 103 638168
67791581 76945094 1243 769788
51146490 26969957 379 773628
2380787 56490701 13 455810
26632943 67039503 454 601141
32985123 56251813 220 712668
54303827 58215392 925 855122
90588724 32278424 2259 660079
48034964 32143551 10 361134
20895505 12602427 38 282382
92260883 77858827 78 184531
3105911 75869495 457 225891
35781102 26993099 133 996933
72702227 40524282 1239 183762
34232211 66923796 174 726818
35960732 26766485 1 522025
20638057 36742124 52 628570
91788382 33446393 91 505116
51453292 12869589 213 990865
16565864 741302 1334 24924
30092287 26991640 42 95398
38230734 12910724 836 155322
74410956 40652624 39 98441
18621353 33421061 462 658661
23133063 26997620 752 232139
79576951 40099261 582 40442
26672172 53899396 32 307075
73446080 928454 79 411424
64792659 40566149 37 676315
40940687 64259878 192 801913
79985593 12558053 506 634505
86614293 77838932 23 998693
89329056 33381471 332 286799
34300199 697422 56 758586
27947403 40344399 500 221119
72567184 21143280 447 379784
33226858 32223399 633 763094
22440481 31397095 161 240435
20549082 63859226 543 244247
23201991 35713044 521 979415
44554005 57183963 468 950443
63478418 40377175 42 110062
65684189 76863620 1046 892440
99807500 76617039 19 807280
71324985 26853634 5 819691
90654517 66924642 645 707391
49663559 21116398 314 95020
35954720 78252010 148 189280
49534369 57258701 686 580056
99173123 21140439 743 39811
65319546 35751165 394 160244
54147111 40574531 569 598645
80479019 57264005 25 867152
26978849 25924332 592 528696
121758 26194839 99 853467
85556620 26863518 25 529810
41855297 26206104 79 667302
1431825 57453124 52 306725
51800215 26949327 133 563561
90710670 77746010 963 765875
63396662 67041654 525 696514
17694103 56898166 140 470917
40235942 32007637 594 249704
69554053 32779569 593 503517
80165317 584725 137 877572
43820655 21091180 64 405411
12078071 26028922 245 141002
74557884 12819548 15 376037
69848989 25961457 300 209112
15249070 35714903 23 410175
31008557 25935746 77 138433
26169983 34286484 27 795600
73936699 40180397 1244 545445
73844154 35732591 997 547765
45451509 40388968 187 212047
25614249 33376685 2412 491513
21171036 40302703 315 924681
39538267 32238665 804 479556
43438004 63546008 15 394848
82999882 63895908 381 66754
69013811 40101621 825 567500
31523244 32110764 64 398440
21148898 56883637 1058 755954
18428641 75148979 68 805733
99894572 26759097 760 180450
18932817 58232861 31 916707
26129318 36742068 2 756617
49816917 25929903 996 418109
30374276 21111637 337 562430
1603253 56624456 414 614689
20151768 31424989 2092 919473
42987831 739785 91 113890
39536804 57217307 170 784711
66983258 58227085 50 108314
17544902 12750571 26 240333
55292619 34198207 664 765583
453719 77869020 1 673171
89976213 63559056 2 125212
35919460 40347737 44 192850
4845695 33444199 1283 857681
51712142 34267326 335 737378
4680562 27001765 1188 64884
5175951 26265041 199 584157
9117622 74507108 944 682187
56907199 57325299 147 979870
35205491 34290267 372 788568
18505433 57218603 1039 942199
74955441 12831700 2954 132498
38354938 56877056 140 644304
1436686 57286069 10 319702
4943728 74378382 19 865398
99420973 21136757 35 792667
77547333 77223942 13 757787
57879496 12868385 336 328074
59518077 26449001 59 790610
22169475 40766929 222 599419
39837855 31422059 256 44934
10697986 76775837 606 393437
70726068 56255883 18 502139
84362539 63558829 211 544055
64015487 33087076 33 614402
20479405 32222654 6 909007
15803249 33453047 312 362772
57172811 40108457 70 440899
72535463 57344527 226 105129
39731990 74369748 187 445703
96732478 21108226 1491 386416
86479680 33181404 213 422311
85260135 40576453 474 187099
29599875 26482947 394 833295
93274410 77227317 113 771096
41373219 26926932 148 885289
44605053 78346562 291 775778
70997229 36666008 291 149260
41117740 78252443 75 628197
80140495 36668184 469 289128
7591428 36240192 49 470335
1380865 75413560 187 367529
6269545 36741910 3 170540
10690749 26950575 124 171947
34579385 77556270 946 594189
32771208 33429478 59 626991
96983542 34244175 675 663771
55161453 26823826 10 658173
46991189 32114031 543 138147
91063853 58226552 50 551390
3003039 57542527 2486 49013
7599907 32289305 602 656938
89893252 77190714 919 118779
2080694 40098084 64 973416
82056441 57267323 8 781459
40325158 77836660 205 215513
8952951 74404795 145 804729
14864561 77192635 230 134053
86268832 36667704 9 707413
24205727 57528151 47 488167
68362281 32143206 166 848004
68132584 40399091 459 984007
23548117 57275773 581 870710
54969300 25883857 54 293061
19806067 26490411 66 208949
51228311 40671569 210 609134
1983597 57538165 357 481302
91551713 40393457 348 642874
91497710 78304069 14 94856
67884458 26029199 22 356201
4492177 26202405 150 1168
82771199 64261326 283 399810
56586839 77743418 115 699827
55552933 32790399 496 886566
16506963 34194979 45 590721
44015833 34237737 2 497315
43447553 26490609 62 399683
2279857 77855992 95 742056
2806358 33125014 175 718813
42616721 40303551 397 982805
44985230 32198312 181 674673
3203130 26024499 6 70456
45913562 35730949 97 347801
3023005 40495251 212 950872
7297121 63547398 378 928745
29587840 12670372 13 666580
87292693 921140 656 749402
20562404 12739139 35 129867
26377299 77810398 628 431814
9760734 32291100 481 771641
38590312 25926707 1502 677222
54548888 26492912 13 413662
51345360 67038008 232 471777
13132567 77869114 63 981327
12258253 33430852 106 30378
26960833 33462782 657 57843
41333834 32262701 146 884363
32797211 57229939 188 29361
63878280 26194568 1 667878
88294924 58205594 2782 645774
65363227 77316716 435 535586
52437496 12939936 250 100954
31663142 57183225 11 646671
25076098 859954 144 436768
83257513 33116280 10 366448
81840021 12710573 110 985394
26624926 33379333 191 830851
27183883 33084634 446 763102
44087297 941814 19 921433
79536729 33125852 206 200576
24267036 937062 1037 164870
27953424 75432903 754 445608
35969883 40384247 828 22847
56759531 941510 198 656961
21345196 75149553 30 359886
76429739 57343318 233 127392
85055464 26823337 47 677583
29720241 12835377 380 89081
38071059 32791886 215 779392
71339114 32196228 1021 536067
44594565 57196984 57 419112
50523899 35729552 465 221219
11773929 33106350 314 966037
64329665 77650363 107 784043
60178722 12870774 559 813984
26706531 40378772 11 157442
69704270 53899631 146 292305
102678 63596078 53 318603
10043639 12908268 31 668298
30812691 77313680 322 234066
87664767 40575765 27 317144
59372343 518119 214 723726
32608415 32016357 47 267433
63634997 935835 99 646036
63437735 33382908 464 582990
91207946 57168884 1108 459306
46639774 26211577 251 537721
4027016 74403096 1013 406113
23566008 40768937 26 305095
69136614 26927413 60 483254
22026569 75426656 203 299037
13981623 12918847 63 202829
70086255 57531115 2605 243625
20245902 58245207 2634 424113
57670506 40557196 143 600614
76459652 66940269 999 745941
94858915 77802300 790 190411
49658937 26024572 62 195325
49276575 57176171 604 998140
54343887 583349 873 490620
35106693 26436766 315 360300
84175986 77658977 1482 135473
83502620 26210709 341 847684
881814 76770596 103 343531
22116618 34112842 63 725846
81268050 36654301 104 704622
49258239 33380104 285 11831
57379692 56492065 580 646697
60635424 26819969 317 326789
2129661 56897333 122 263236
58324264 40377840 265 541162
93716757 40634949 673 671262
7830419 56876889 10 900746
26451241 32233218 142 348578
36474997 75433882 48 208975
4991121 860390 244 776417
88233973 75448956 87 383626
80681390 57573970 13 32995
1701310 31374782 107 500629
55160267 58238244 1814 868110
70018401 34126526 28 555250
98212756 33453772 43 359329
37262359 76776635 180 628225
74980649 74509260 258 696024
19512989 77569364 434 318690
22641292 57174300 17 538458
14684825 76609590 141 618981
11708394 32986718 50 117119
79892186 36654980 522 898270
80591656 36240863 451 150048
11078522 77852898 200 710637
90937210 57346714 149 391502
14813752 26933423 538 787958
45150354 77316079 154 297821
18882076 57265638 125 898713
10327584 77225342 9 102692
90435445 74377349 114 560481
88784830 78281932 339 991503
92254235 12838625 174 314607
14636317 25762246 34 93687
95437268 33029637 1410 280844
69402099 53906559 292 989042
61026799 57234709 255 847980
7303286 77476588 10 31199
16361012 57183352 75 893139
87538014 57300864 1 606505
11029677 35710207 366 988685
77757807 75700229 3 664387
22645302 57537202 325 163592
35148382 58252762 328 715164
17092921 32115100 110 841684
65592787 34109255 28 784868
65740072 53905552 310 557996
15300609 40303034 15 238937
13611368 40612203 401 650113
96549890 75871953 467 715540
93535910 12899594 182 614536
47220080 56882569 2 199872
61392009 27000426 132 462480
15448288 36239710 79 424601
84511290 565534 37 40608
562616 25766779 48 771093
56311467 738910 719 241504
30450510 33461261 9 890933
71560595 53906248 9 378961
20855727 918379 347 191570
26153873 36665600 90 366501
10673132 33086019 586 25216
8468758 77340519 402 583220
87745250 36243184 507 893971
73277778 33098341 667 662918
91393040 63587756 21 13380
92882529 77797938 868 365052
99772036 53906073 104 298676
43576780 40100008 22 123699
84521912 40108916 18 492858
54603478 34245195 261 769720
43998778 78280020 3 798272
1938067 33369094 19 63019
50060844 76862500 37 780312
72098162 40659514 3 243331
60496984 33185120 9 315957
50576305 35734662 715 239700
67219421 32940311 195 786565
87052370 57550590 317 850390
84728141 76869823 95 49183
44643880 31998305 42 499048
95150991 27006513 28 551039
7930443 58301841 105 143891
54461274 21128103 25 290293
51391107 63556272 133 766774
65146383 26265314 69 699449
64643147 58233528 347 381816
78652608 57327244 110 996700
35425200 77331702 179 798388
81464955 40628476 51 481510
25719486 75428149 609 380154
95957260 12715990 28 210628
286439 77831424 48 955737
96282342 31396458 186 577046
29065939 75542657 7 142862
78690457 26968877 543 63218
32246685 26470766 456 420065
60536046 12948405 618 678028
86178838 34099799 75 489503
53261949 77807792 405 559787
30831456 939254 858 546489
61578205 34289823 5 586220
88890744 40659017 110 944728
54848291 63855404 61 952501
33063824 33176490 495 899424
23873541 35701812 594 440064
329352 74421049 141 388306
68513519 12751676 166 999950
49160675 78286142 221 976410
61286413 74406028 1087 214542
22750134 76609014 19 86086
51664583 565857 221 78021
15841616 77790481 106 146900
61673321 40111573 376 225396
33522776 57173684 365 87791
35254265 57321111 106 728544
20299349 21059813 95 841126
38705000 12975322 111 706668
1783178 74370451 353 194634
30382373 58208538 120 698267
49881014 77570209 71 741657
18664175 56896955 254 739032
85023795 33027838 334 159469
3916210 76870161 243 609338
75657105 75396334 442 817121
62448063 33446234 61 940068
266545 63596512 1 573987
2799633 77744980 44 687761
74431182 57176948 56 654315
5813360 25914350 210 368067
12828957 77798824 11 578348
31742488 57290358 278 186157
35904986 57270372 32 557653
52791450 32288134 25 523363
98705729 26824172 42 494447
18968717 75437672 94 810631
44799768 26819183 227 181946
8273423 40527628 66 6339
14783953 77226584 82 822321
78148537 76873440 46 142764
79759954 67035142 41 84391
592990 77863809 67 581626
69527111 77863532 116 356065
25378329 78305251 10 819027
66592438 574810 187 574854
7075437 66942184 521 897511
81846620 21133680 81 12125
36342611 33087126 8 300204
94252215 63948531 34 182273
18137577 40395224 286 931395
33564868 34237862 36 422285
70894553 26972201 159 322837
17475869 75482519 211 17695
62217662 32197809 229 555462
62892926 58208707 45 118337
33111235 78291126 50 638883
88615489 32015286 59 179584
85897167 12838984 80 637533
1182473 57263356 290 830863
37618171 26983449 8 345834
75397455 25769009 157 865678
27340735 75448554 38 136231
64809665 33183506 644 797712
92257500 12711147 106 20788
4753249 75534159 804 623485
2048700 40632752 44 541587
66656399 56896564 127 896851
53479411 57545149 14 434088
39415389 63554875 109 851129
4297173 34206386 205 683392
72849833 78306363 134 78354
43750664 75437434 128 184977
24465465 78307808 643 827612
77570947 33022631 1896 296719
41163688 56876902 1 337278
50068852 40126421 14 468127
49636518 57270852 276 619432
97789846 78291774 51 295879
2365713 57534165 370 711401
81396153 595131 291 401959
52799562 26479373 179 525471
6811241 57230159 23 323221
25227988 34126422 3 394492
98293359 58275741 113 39455
68974450 33083678 143 258570
43754992 944392 1237 983142
74606828 12685485 79 565474
4302900 26987761 736 952554
12067789 12713636 1733 334889
80408041 77575400 718 258493
59764273 77321540 129 478932
43322964 74377752 133 298420
17400586 26755349 65 281388
51834554 75430492 1374 354636
11029818 25979340 20 384495
46384669 76820650 598 290349
79125141 12936099 81 214462
22612845 75436682 322 227516
24836939 53913313 136 888326
40386356 839172 4 48858
62505046 57536523 330 153167
99731052 26448429 29 285642
98208733 56299990 425 555893
4564904 33420108 120 214846
64440094 57549451 5 993202
5041119 12563449 7 532384
35984007 31367625 4 14327
81861082 31419150 34 808360
50741892 75531325 54 181636
48714337 40604323 17 210554
34430155 77835686 71 412363
85001858 26985960 9 493966
87774326 77336868 757 122089
33754711 25961907 111 997240
82728226 27020908 9 17813
13115438 77749236 29 30775
58148358 77353175 27 380986
51431171 56871478 489 300010
7505274 40652810 56 451829
97815886 25966117 120 963832
73511968 63856666 233 187340
92350387 63854452 314 382344
17506117 77330623 209 217554
93731606 26967873 51 314789
18170157 75606392 118 678055
84524540 77650162 24 498098
7471253 77854045 939 297237
97486112 57174513 25 78957
77759687 74510059 35 20123
84430446 40127237 11 979201
6432121 57267514 43 169826
66317840 77748352 96 162060
71022588 26470153 8 761494
21509664 26853352 216 258270
53656326 77329258 167 409214
49930894 32015569 16 22714
20485187 63860702 13 398804
95099162 34289392 208 890159
13220471 12687395 135 870210
34863284 31357567 246 693668
36950314 33437188 53 754289
2610972 63585978 313 55567
31131193 26823847 6 220592
9727642 63861800 327 934930
88229211 58231820 20 647710
21486325 58250732 150 647493
61241332 75437217 11 912338
99294096 25973407 220 84445
66942916 67034769 182 552588
2318318 21135222 208 722548
33638248 26471281 36 32429
28782431 57217520 6 508562
97689023 33025886 1262 610028
93005405 77318636 26 989959
64932453 26993674 133 835481
77772516 26494474 4 283266
16771981 56881979 359 534698
4355435 26928258 7 466169
15763022 74420750 46 613373
31376676 12861889 187 54451
11212098 40085145 10 377285
85867493 57174146 56 607534
4028838 26765078 82 360806
11591318 917409 142 63915
24037553 75180506 103 339336
57983580 57345726 226 592592
14271831 26469384 14 793039
33478691 33117541 385 191704
11575651 26257537 1944 738647
7281189 32987208 413 857991
43574804 12734138 485 630941
81735155 40127479 104 690308
70863694 67013181 158 74664
66504077 12834794 81 45130
98122470 25935104 124 608294
8024676 76769260 247 20320
40415576 12946508 69 332001
95544444 32258470 314 214500
23022922 57461857 6 6253
75593660 56897807 90 184668
79906028 63548460 672 478015
2928428 76608954 32 320674
75306803 26469306 6 286698
51858935 63893223 666 611006
18847829 33083213 85 33010
17714018 63549282 48 761332
72645549 12734886 213 385943
36236982 938220 20 801698
42524213 33158616 30 371516
57836706 33421588 3 831131
98121584 961502 2 439130
7459673 57262602 30 318223
81199881 27013199 387 393861
9427863 26862430 139 73570
62878951 63855795 93 244534
35453663 942486 403 171765
36426563 77570356 21 319694
36176237 40604290 10 927729
69290607 33445740 124 238593
15175541 57203972 1 847568
98861806 12836998 22 441216
83228828 63894381 33 489364
19873110 538995 900 833322
62107923 21109843 91 59718
46167666 40108544 9 352482
91079994 67035542 74 850696
21401908 34205940 43 763970
4641627 26445910 513 199201
30913992 31364738 325 557381
92551720 940174 44 677394
5101389 40400951 99 509773
38343108 26989657 87 851774
20121169 34262957 844 427015
48476985 77334877 246 937391
91736209 32014360 140 867532
44380671 12820628 911 344373
14135887 74400393 60 681470
35315965 57194969 17 108508
45002350 33077413 42 166397
4756141 26986811 180 757198
59853726 40669486 23 917582
60075218 57535274 472 134316
79366913 75179302 54 24513
57837176 40572801 9 905681
17410485 34108146 372 354810
55001165 67040856 158 116164
44431709 33077352 9 954573
79629599 78252788 5 552170
69618871 524386 12 105232
93513462 40108772 18 695758
62975255 25768126 29 448063
42730323 57206508 41 113927
92124603 25968939 146 12219
17597374 12679103 205 274439
4098466 78348292 227 904248
31635686 58226465 14 996868
37943126 34287553 190 482282
9915221 12559043 199 829399
96469648 12819511 8 986422
20979552 40353421 380 475666
19718966 57321366 15 596119
96887634 40628831 127 50282
9601381 57266172 189 999137
56443456 31422802 6 155443
41996436 25912514 420 245642
15345056 33115911 196 503347
84354271 40573477 303 447223
42815140 63592434 18 761651
64960663 12872062 403 442730
39456585 40664306 263 713605
26548166 32145449 9 444356
34383928 33441695 491 585778
87762055 40655835 38 895909
50446371 27011845 270 870943
55343833 517902 2 328301
58355576 12716896 528 910511
46266523 21112247 2 924089
38295374 27004838 57 638614
83651773 26445251 55 893414
37700034 57534562 5 62821
38741363 40634216 29 763030
23515351 40569663 211 187882
94544286 21112003 24 502326
14857161 75830634 187 71620
14811488 36214567 39 442936
82124228 36210574 362 315580
1783986 58226289 34 406921
93264169 32290267 287 547824
59892198 31350130 5 540582
41835389 31399810 11 856478
55387721 77221187 2 724005
36841429 31367928 14 19210
45402005 57276734 20 293004
99456942 32261825 112 936341
95471186 40671339 8 430507
34182530 77574496 111 731246
60982263 74510015 5 587134
27165990 31350879 420 446286
47301260 77555294 9 827377
48445935 26824686 11 962683
6572543 75870788 363 475137
19028248 75178667 3 349331
61378676 12752720 232 493326
62132916 40399832 277 908696
44022782 64263099 150 247642
26922157 58274931 283 976438
18703273 32983813 142 761515
14291713 40557897 259 746963
39554709 32197305 5 270686
78343863 63552449 39 631588
11500828 855279 271 71634
27896206 63855592 83 819403
29650800 34263849 23 409793
58705276 40108892 5 28358
36530162 40300687 200 754761
48855475 26999940 83 954520
91603349 77788024 37 513867
8801158 860936 220 314759
71551900 31356739 4 181652
65630452 25908989 255 253754
57800283 57220899 364 532992
44700606 26754668 50 746416
86389810 63857136 65 618715
79895765 58234333 427 493947
43022338 540450 104 121215
14636214 77836222 70 536290
43833744 40182103 194 591315
84695418 27015164 162 76897
26359347 78281041 411 54176
32125387 57517082 37 784314
5417910 12909867 16 741863
32811910 40358066 7 196769
19274134 67034317 59 25401
19705421 26764943 42 646629
40607783 77555246 13 533104
82887832 63860385 220 872145
78755731 26259783 67 870275
37549551 36211938 816 251086
24704028 77789575 48 657637
60889722 26266740 136 708693
37559555 78263192 60 231823
46560608 31397961 26 417414
5963788 34197470 40 762769
39182722 40084806 12 145774
32042474 40100084 19 510545
2569731 26269909 115 114647
97592341 33457320 131 435005
29718191 26862858 64 601294
59468412 40343538 155 632450
38902077 12955346 60 7501
48627242 78305745 3 486338
6131047 40358039 3 129235
63727229 63897010 110 1495
70217205 26988750 32 165012
86198835 26996295 19 764378
14046769 34105891 1 496023
24175790 33102604 128 336307
93014709 33081610 224 496364
26953053 25976583 79 692387
85435992 33184331 39 571318
95378024 541341 7 917719
51121145 76628459 39 799191
78775033 26985804 110 117036
47609293 36206644 68 653053
54275441 26985636 46 768827
91204247 77804038 36 708811
45069691 33383435 39 141757
29053250 27015442 10 778581
88129329 32237046 769 508046
86144055 77344213 9 662421
3959805 56892944 111 274483
60092152 12563176 257 643398
98321446 40625565 56 578828
40093177 26819630 20 708815
89980870 63585270 7 212865
36788856 572752 1 567062
55228737 76616394 446 377504
36765708 63862154 17 30641
794351 40658161 35 821302
88871276 56289708 181 284472
58726882 77343528 639 90467
65813287 26757981 27 925813
5567987 78299510 1101 797285
80546393 75479469 273 636854
22915062 12727455 148 86734
70466052 56291452 51 135468
78252807 78286600 179 472640
91464692 21106437 49 327627
41738487 76865254 123 266163
57912889 33181012 43 436563
792720 57299689 130 916719
36894056 56563944 49 629158
15014842 26445344 31 661989
87998180 26973057 63 397651
21610430 75480117 299 996154
39188653 33438341 83 121922
16726099 34126993 292 325233
18297021 76943191 25 889689
82956526 929100 145 335230
44465805 78281523 60 91457
24539680 77750646 169 261746
29113083 35735850 1 355903
30784917 25761961 42 49644
84603907 58216423 10 683040
92429813 35703523 11 327162
60350601 63595819 45 253152
65076415 541304 13 908191
47301576 26267968 53 889517
37310475 76914529 46 240421
83584074 32198811 20 897398
79092698 26978409 7 945161
44607362 26927288 29 58542
24796668 33007420 70 323827
75607525 31376341 215 228006
11054072 40404672 86 744211
6896496 32008350 91 884482
39446387 35749267 96 288260
46925814 26988610 58 101713
65581306 33068117 457 311530
14216917 12580664 161 353904
38734522 12822185 413 497130
7205978 57549872 37 262777
20857648 63923479 51 193455
71705765 76628519 21 356544
77007098 58227577 15 1698
40363357 63566891 196 605235
27966497 57288273 11 909886
25289937 40304041 93 607072
26353554 12670673 208 362661
51777690 40655607 34 68992
16117450 25934852 93 962224
25014243 77749448 110 171425
87155978 64262790 2 857423
60315007 26005307 236 209108
68589969 31418392 12 527288
62867392 57320534 21 816749
46525855 12899932 50 913236
98646371 35727345 83 232381
85116739 75413292 10 230025
35643436 728933 212 476066
7049952 25768337 67 701267
84807868 12839521 28 125199
78878203 26262896 33 638546
39565783 26978150 193 668757
11952063 57232196 172 561431
98377068 12690622 69 787668
53261830 21096017 15 198850
76426042 77317535 12 948578
3245124 75481982 144 764599
8602383 57545094 34 813802
54563818 858612 89 913237
64940207 63567179 48 750756
9786054 74399570 585 844520
11754277 64265263 6 642495
95938934 33437488 116 765120
7911920 67036616 130 935631
6217429 35745538 154 632572
981298 31356754 4 577603
22487688 40185625 46 636384
22351757 25913714 205 248092
48713258 35748923 188 141959
66837003 27003852 32 445639
26343469 25767110 187 133104
19061124 34107458 216 29950
59110023 33382104 23 830094
2285987 58240523 121 443218
83299817 40633278 432 906822
1102053 524895 11 232882
13854388 12819521 2 925869
2402772 57257350 309 59687
1363544 78280224 107 542173
69460864 31365766 1 476344
17135513 26205876 11 297393
7677986 76779950 22 448048
1648422 40304148 3 464878
75932856 33166032 543 982177
4419187 78287158 236 756075
97458403 63556413 3 256478
77891337 40091541 294 115620
16512694 64262258 373 592219
3862937 76872058 965 59899
54688969 67037433 89 824687
50467246 53903960 32 179271
68530186 31997943 107 379635
48751467 76943694 130 691390
80557963 12869173 50 986111
98952300 31997019 16 429178
26802095 77845318 239 978413
37580874 40391642 30 635149
24380641 35748060 132 717285
95404566 76813429 76 277792
24949405 26490783 9 779781
68013972 32985135 338 223010
89410241 76611428 391 975540
87871239 57203003 68 506384
76257341 63857208 6 838220
41043356 31397622 60 104606
61019023 33438185 32 863446
66835763 32966594 151 257618
20061988 12747212 25 280993
57766127 35746467 77 977179
48616820 33463997 137 875210
48826128 36743779 78 764879
1249729 77845883 142 995431
13865090 56885360 24 801178
64454001 57558037 51 944052
65535434 677297 1147 658585
41469997 12872801 77 6829
29878548 66928209 80 622491
26649706 12678586 39 609296
35001914 36742033 16 696156
15676053 32014637 57 592588
22718688 75592870 28 130602
91304956 26255585 4 785416
50599410 58241911 221 488334
38609096 78309370 32 264402
17779982 32111201 338 340499
84536021 26861613 77 569838
26448029 32115405 92 435056
6980205 12580141 38 938456
51054648 25763423 42 755189
22558373 27004258 197 168382
47992091 26444953 93 940896
56742773 58276431 54 311035
48010429 58301979 32 554318
65031957 57170030 1 597346
70396222 33175597 3 454138
18591881 77329498 38 593923
55365109 12863207 874 81730
13228908 32221880 691 64665
85453351 12950050 202 748095
56022391 76866318 5 383212
89233389 77796397 298 422008
45038964 25999737 130 898260
57206539 57274307 17 708198
62396883 36208543 5 904432
47896162 25928424 80 381394
57986120 63567385 126 439935
81678362 75397378 347 93118
82708515 40181749 24 915779
49328856 728365 320 30099
38905432 31354871 30 206108
23719750 25897197 42 566025
8063483 35733613 8 682416
37238634 26998622 79 662002
9523404 57574177 5 465453
89056527 78347776 14 587208
62216301 77330401 3 530231
22823001 12975638 108 42059
3162085 77784142 22 693400
39133828 524855 8 516043
93925378 35726729 324 15954
4979287 12946680 27 955664
87734153 33006843 224 569554
45932274 57326892 113 765102
79713738 53913608 43 142449
87208364 40578072 162 766399
95287702 40378599 81 850010
58996070 40564856 571 815909
49904288 27011081 361 80418
72285613 40607671 78 266757
88386588 34099899 6 401615
89460425 40301168 33 112357
24650615 76858285 14 536076
40538606 57535916 14 45779
53514331 35701182 10 942759
46263280 12557513 1 118861
46623660 26950900 9 384405
11026703 57331956 8 43576
84677011 21136686 6 637723
96752473 56880765 89 112864
13951665 26765164 3 389776
22372011 12558687 3 607696
55059941 77335944 93 254777
68168620 33379586 9 515949
98447850 33083104 7 169526
80170975 33118075 141 984499
30993617 26854042 20 995753
97750014 31365369 140 54924
52880237 25963132 59 292524
47283488 12736052 294 68485
57750600 77328680 51 805854
54317083 57229461 188 424808
8934145 77633987 11 298961
97206378 25933272 7 174908
66328295 58301330 226 81981
14012705 57518040 895 974072
77308519 26931601 21 602195
80345904 12603165 40 78526
96670887 56511122 32 44168
39825499 40383124 19 160615
69577767 77346476 165 273540
46931506 25980122 28 994201
29823965 26266264 110 877685
21569576 40653541 146 54428
65831561 40568882 550 330389
1410678 77352630 157 846358
68588148 31422329 2 380775
67408855 57284497 63 439303
66777176 63875358 2 998077
26908061 40102712 41 599168
67466685 34243213 239 21969
73704499 77787736 65 495779
24060073 57230972 76 396369
8614192 32112068 56 129915
30322336 78287792 127 545807
8406766 40611616 106 212047
56252486 32788151 318 635796
77963978 56894783 558 832492
5192734 33382220 46 986373
12211675 78304043 3 422326
38769742 57344072 96 102219
29642924 26209985 162 81489
68926423 40090515 75 872349
77754337 12684830 127 683514
59096763 34105846 37 282234
48493665 21047146 94 48025
92081984 26999216 416 224468
35212133 25903527 197 384160
89000008 75480792 373 279644
35504172 40300942 24 272917
23968636 74398607 33 449229
83685190 77225780 94 613525
50730550 74421213 19 961468
35440122 33084163 10 68231
77750415 75529176 31 363953
17751330 77774756 9 711800
66821777 12670024 6 757841
82915249 25935473 79 172227
98322927 57167085 45 852320
91223486 57167235 8 241458
44927284 40610469 3 876850
30330963 12869954 38 113479
82823581 75875971 2 244127
72947289 860714 2 857130
12949913 26253566 99 205486
69903133 26494168 223 843876
77856750 26982771 13 323532
88428421 56486472 41 685861
53192943 21115087 294 270853
69630365 58241636 47 128233
17669824 78309014 240 257444
62125207 21100127 48 170667
36211523 26824244 1 886287
86714698 12869369 1 765848
80561908 32191693 103 335307
14845967 32002377 10 2228
53954539 63588599 253 178667
78997651 76921467 2 357616
16137152 21142529 1 450826
57030238 75427471 10 15754
84733739 25995207 35 484906
98770162 32235509 13 853427
82730530 57452821 4 363145
65662975 63948496 1 598420
99910153 26755193 57 41686
22593738 26263197 49 53713
36693847 40400385 92 577303
23710166 67035442 9 971266
74176620 21093734 4 983810
62962218 76813955 237 693899
65696587 56876609 146 860265
34771248 32016445 34 599757
28329328 76628710 88 386996
96966223 78253698 316 865924
45674616 76608791 48 886384
7643497 26482405 148 964012
85437084 57528245 27 972761
26909537 33115574 140 134208
37917895 34135400 22 125369
53536797 57235582 102 556028
17249327 40185815 88 108609
32610074 12525928 16 446343
94234504 31375120 14 361539
86794965 36242125 165 126518
35647950 25966415 160 917117
36347607 75492585 146 809077
67145810 25965601 133 899774
99223637 77832614 69 594493
73280473 40633896 83 254250
9810359 12728667 117 18682
37316087 56250686 30 585027
97267668 12726948 21 919508
12398678 40394314 389 603451
760282 32202292 51 728840
61906814 35711177 166 552160
27878996 56656066 22 877563
12398893 76857986 262 818812
21011125 32791007 72 320492
28691166 34286637 84 239823
91320534 74421743 115 478806
83854388 33082662 371 560765
56905894 76921849 1 657518
62285203 33119101 100 181408
79180778 63949362 544 226193
68804460 12677651 160 628396
27980720 32142516 22 402615
60561597 26206185 2 533315
72707873 40558193 28 329309
47733585 921924 3 46848
41390312 76606289 129 440369
22262316 33102841 15 784821
4391223 40657825 34 565892
47632854 77864277 213 245588
77802285 63894315 18 859410
26824228 12710941 91 141353
19085982 25909405 2 443822
64560245 32145797 2 762531
6558745 32114626 44 927524
46338298 58216770 41 52104
99861984 75607018 9 811587
74021061 75874248 28 361709
48405996 75415847 47 941790
20979256 40098559 30 535413
14067046 32119952 80 363405
8776104 26824074 29 414604
48879823 64251935 338 3640
73443311 33430057 131 904620
24657823 75591837 56 654499
53971761 77832250 78 243419
54737169 34110490 69 802233
24822678 31422854 39 709288
40970363 57256995 35 223729
21222083 57324965 169 713881
11284604 67023687 1160 697766
51091010 36214757 132 616259
57712431 21110482 112 237229
6703841 75591931 33 962473
29032846 25980154 1 172782
83726421 21093679 10 687277
31874420 57452490 73 529865
1483662 40393895 12 515488
38458928 25967653 271 183399
39901472 35716831 20 629230
84092840 34243464 2 994120
81739637 34135377 1 462675
56550918 74369477 7 311588
32349959 26868001 242 349132
23475395 76946974 143 154349
72880239 77834564 13 704625
59450935 21116011 3 688680
29443104 75428971 66 943892
31172398 25994302 111 374235
70719755 32143034 2 599962
5990175 12751185 117 153327
4423060 77228110 35 689258
82713656 32192357 216 238122
91772971 67037227 83 859487
692128 31375004 88 600540
73309061 949537 276 874892
33472358 36743962 23 973260
5662006 25979491 86 166652
92744556 12727725 1 281719
54792119 33384156 36 908446
3818062 35710966 7 417869
82789277 57262535 10 67715
73552037 40090247 189 555252
33419695 57551722 73 460997
18046793 78287509 83 597219
95864339 31397752 54 430709
56907310 56893851 8 745269
48517680 78344178 55 764022
68359839 58272017 12 464412
11542558 57205690 81 67474
42456841 56654944 475 644988
56191316 40767263 2 673796
13670433 32217382 29 746965
63140169 26445085 30 729801
35316938 33446155 8 189788
14015110 26493525 189 299157
97606996 12749181 75 203018
80032811 25932232 1 830990
59971080 40526647 44 54780
72837061 77315768 42 141504
33864695 77577611 32 15859
47666810 40671127 14 809325
89733066 26823781 13 253750
80909219 57325826 13 2136
85425429 12867107 176 578759
27183936 40527707 12 38260
55169635 25768480 10 486360
56881883 75876172 15 366871
77724601 76609364 49 532813
34035131 26437408 7 421579
13757511 33060849 44 237597
45072222 77748133 54 253105
39967360 12527422 17 646215
77551761 76823474 306 564404
59949473 12603375 169 922349
36020513 26931498 1 238372
76610854 77560723 5 486498
91284716 32141938 9 369223
37265124 78253158 44 438626
49483446 12736858 195 293447
62366186 26950170 147 413545
93628108 40324959 4 164732
10636860 12916141 278 799766
