2000
31434077 33531053 53894594 267505
63847838 59976492 47336241 960420
65467728 190783 4601148 657656
50356182 87439223 8601 288665
37281043 11101828 1286282 455530
29236545 88982970 862726 166502
25199029 91264674 331915 479937
65348985 7674784 1930616 132401
17546656 98854842 5439502 64289
81346330 90575269 249399 415542
3183545 90124944 58933 393115
20105876 90866627 7860 622432
3221273 88059548 19849 996231
99801018 12563895 56484 895802
54531923 4799938 6661 852496
5984884 91805329 73180 734905
36586944 5605466 90400 247933
69660515 5042015 35028 352495
98448055 92985178 188043 660823
40582322 90023546 8762 438575
5012911 87734569 99241 747550
26173766 5465878 28713 469321
40592152 92644480 146103 964481
62704087 90230684 6452 697013
74561626 90887552 160 419149
7993469 90320218 2000 74795
97875845 90000244 7783 282351
96062842 87634924 163 718258
88413701 90198750 5595 401350
53546850 5088641 4444 478903
9947354 4855013 23179 970956
68548720 87516977 20632 777024
61918250 5744145 5 189786
43700857 93333406 66012 809263
12282272 9655943 29803 271619
5331281 92040003 48093 539059
23676897 92261704 88233 871657
5196215 4962193 41175 491202
50771955 89939408 6215 989554
27555819 91704072 8002 526676
7928606 89956654 6716 326874
89691547 91628258 6491 821246
28325926 88035156 1529 927654
68036640 91655537 16304 927317
27935039 91675583 1244 510495
84000460 4920113 61 678726
37718479 5147553 50941 186105
68348495 87570232 26646 213690
39017131 12455107 33856 762959
95601187 90284247 8853 410984
20128093 87979620 40189 46599
46605394 5264020 22059 408877
93372480 91882907 2330 643
72648486 93252370 7868 335688
68619786 89906359 3408 863668
63547166 89927917 1047 716524
36584906 90930214 2099 994360
96041029 5290620 1468 841816
74426238 92133413 17905 771269
49174665 91974629 14486 557176
59810978 91936408 18390 737114
76260769 12408012 12433 24846
16459871 12626963 492 13566
69214496 92409754 45600 4114
44441772 5006481 328 928897
11793946 5708037 8598 391851
17238348 87901427 32509 24773
19340508 90239348 1166 212953
13811234 9755192 45040 580982
11128688 88020513 86 113126
54947077 92479349 10684 986344
66860611 88038229 128 772342
45778790 87450713 2622 478552
57590702 90903393 6111 357474
88542159 5225356 16485 910585
45826538 93217542 18820 813674
74624808 92466593 1152 422542
2787469 87854868 3189 146448
80572709 87622349 766 579124
27158783 90827922 3092 998143
6647930 89948910 38 967461
67076403 88112737 5553 882889
93336547 5360144 33280 167690
57809579 87466280 8673 160823
50161658 5200618 983 466868
3384386 12391198 2636 340601
66129818 12395443 68 643475
99094895 89870703 12505 910880
57769273 89949765 122 635183
36088687 91598499 119 379858
78487237 87606021 7437 336006
47961901 9690744 4424 50713
24328869 90043284 6293 575392
31466410 5319869 3606 415692
50770308 4912123 2882 994721
72081320 89964668 603 332595
99147344 90246476 146 897323
75749370 91885443 47 661123
52100524 91713782 853 414940
34352760 5079103 1392 545530
21890935 89966457 1088 450040
95171242 9621864 3720 986649
29349155 88095928 8969 246568
65165220 89948576 295 289742
35700373 5202940 932 975875
6749927 4881595 2372 293959
79052546 89854109 519 886052
74859034 12388337 97 751460
9566627 4916772 1601 633571
47185132 4792479 108 516131
76177263 87860333 2223 337409
75285012 5497849 1333 938468
94379510 12632303 4813 979009
29578400 89978124 7384 684293
26037800 87494688 1564 854877
83673499 12497385 111 6540
18010268 9612164 4443 723577
14557042 92110100 4582 781533
94357222 4813590 3627 817914
68417526 87631768 1082 975825
15846117 5397186 1017 366283
22318888 87426704 285 805889
88648424 5727556 8549 278572
62543718 87624182 501 300048
90826866 92101910 3376 557336
99559378 88082591 1883 131515
89168026 91689280 945 234511
16548316 91602527 1477 530209
83416792 90890324 360 67752
70627748 93243047 1025 850471
21703647 90306890 2562 433419
82676004 91639208 21 1682
38771609 90896210 197 165086
74917092 90249567 1032 945153
34487462 87840279 1237 875073
70199070 91599693 1010 710640
53024511 5306904 721 635492
479432 87847385 594 273820
26160063 5204437 553 679327
92615585 92362291 390 51057
84967108 93406581 216 253877
18636346 90190625 1777 880029
67557783 90013854 44 964603
89862280 92360722 317 969523
80202195 90917705 206 201133
51766225 90272922 2337 361153
69492900 87478336 2310 411064
72604145 90840870 3742 885740
84764458 5504743 4091 27241
74261790 90315385 2493 641010
57720357 91712528 85 278550
55875495 12421012 193 662682
21153564 87454962 1049 253871
62889485 4904098 4625 883793
92006642 4885265 799 975391
1426730 89884307 670 606365
50341652 90874936 265 925295
41177745 9706733 1276 398921
13628233 87540323 1875 164474
78269851 12505613 861 216277
40164073 90216045 2601 135772
92549145 5428135 7505 385481
93293198 5406118 540 552039
78996795 5303465 1595 506035
44051938 89933078 9 411149
23725216 93197837 201 450460
76793924 91896701 7084 396200
28849423 9696229 994 313233
56996340 89948042 39 614091
91790434 90205303 468 619575
95102765 90890859 42 429609
45415700 5399947 1167 191347
33577492 89888996 2288 747681
38399270 90223800 401 219715
62737991 87865819 864 825713
53181193 4825293 2676 138715
96269480 5740595 418 917173
35970060 89898225 281 246132
99335767 91690285 46 838774
12693035 5206169 771 273692
18487036 93189872 5456 29818
75091236 12489172 7 198753
33035274 91911135 2063 170590
78332958 92088398 199 806732
12305336 87481404 499 988135
22789485 90883179 1155 102234
63778637 90833751 1310 765318
34502966 92154404 2084 528521
19833209 90874572 39 94365
43121610 90922963 937 959862
81480365 5412789 294 793271
41603938 5293690 667 210299
62344836 92795997 155 298028
53215167 92352975 2915 433080
33685723 12624785 1409 269834
85031736 5413240 85 543025
90218338 93178707 3226 222340
98206063 90845544 710 786511
5544568 93238450 1906 96221
39433605 9605609 163 487684
7191456 5308059 344 930162
51043213 5305498 393 408577
27822593 5004599 998 94393
97310790 87488395 3462 446472
52512765 4828723 532 985345
67156768 91682408 3448 666540
32736856 88030552 1267 661538
25679517 12489897 273 287862
46023901 93414296 917 354285
33434647 90251991 432 453334
70129671 90012444 882 582570
17762792 5402884 550 811559
31953761 93402083 1701 613955
95962224 87619663 1874 810949
35760731 90325461 321 869341
62004485 92159685 3178 528117
92380146 5093889 75 316955
97996971 87624753 34 843135
3890137 91712867 18 224368
13004203 91723492 7452 99781
37167571 87838411 129 429475
61601856 89847619 466 358930
24406351 9803333 1915 276415
57867059 91612369 6455 651382
92902753 91604247 164 542969
40500715 5095124 577 968145
28642636 4895705 529 37490
21291669 87426234 43 226959
69367262 90061621 3853 868310
67454650 89968394 122 147017
82716610 90879604 1354 797433
51312546 88023450 136 176592
43842765 90885779 569 889476
71210380 89930196 780 25352
23975150 5496313 56 971066
77963672 88032122 160 865674
74356162 93261448 162 520074
68536656 91672985 408 449500
19823010 90013647 90 902741
28691074 4893603 1566 338721
41427349 91886267 711 782203
96929126 87456070 11 57231
84296790 91687155 897 690401
71019092 9705344 34 824160
97607063 5512548 1360 730614
48957704 90186894 313 831430
20095137 87937471 920 164264
73671383 9700530 1007 235331
77041165 87844905 1360 912531
9695166 89915656 3669 661462
77249418 88105138 72 267097
39815414 89919574 178 472445
96964266 87632885 34 960199
76927010 93404181 176 862989
92128009 90033834 662 13944
78491642 87627306 621 558249
65355047 87429411 735 384005
71502448 92356134 84 559967
49949436 12501850 1226 927285
31470140 87862688 103 862927
33873586 88023000 87 744142
20546534 5394912 322 913863
71615894 9815256 259 779541
32796110 92151604 207 199536
70408080 90919643 1492 591132
36966446 92493668 614 462364
82220650 91880211 154 457607
35451926 90304003 47 819656
56908021 91955013 151 266896
33724195 89931315 215 384948
31556114 90928066 29 729171
14820928 90853425 4777 335966
41777961 5396030 74 91369
86140873 89989878 1026 331446
6253926 5301454 120 912320
74316976 90056323 100 787023
38832079 5292880 114 465000
13699336 4879161 60 88526
4188418 5314170 460 470393
35571926 87837619 113 644098
36228607 89894612 2661 134284
59134772 89985520 7 551710
69695551 4831754 42 547862
66547952 12503157 31 335231
65057251 5717165 241 619418
599851 89898945 362 928577
84449673 4890540 1355 749467
88656645 90260573 6211 940043
39802518 92492402 534 485506
44298702 87868540 234 994142
85784787 90304116 46 132831
78428038 90185673 299 172412
43783738 92362905 216 33273
12040161 5288068 723 316766
69427618 5096431 133 529916
71545813 87634409 51 230969
53750280 87849328 1212 204348
42208096 4898385 573 204032
15113071 89910455 539 587168
49782235 12621026 258 130796
44687072 89991312 51 252775
62637757 90065989 19 651571
66189538 88032786 376 13393
32209916 88021181 137 358394
61198395 90322303 34 274286
13677421 5510410 312 268536
46678981 87863710 147 823841
34327863 88026651 2492 275793
17901532 90050366 288 445877
84417455 92361787 38 760938
49807048 4889184 1 19077
91521029 90302447 1133 159086
2321922 88106711 455 162361
43560240 4818167 32 261698
33507257 90244199 1147 781480
4131006 87841879 139 796976
5732907 91887854 822 448223
11024727 12639906 95 621086
19638858 90831946 73 805166
43080292 91959120 371 306041
80269225 87838814 176 98324
32208983 12493679 1845 923318
76755610 90847074 532 182149
67278909 12388168 50 873429
85362128 90924104 121 664409
7571119 91915142 348 811160
38887576 5510763 41 169334
34906322 93264580 1851 86658
12988366 90011429 46 740951
24066497 5315438 179 890647
96938379 91989200 81 480610
50320663 90896011 1 548937
67523197 92170486 477 82910
37138091 92497311 609 473344
13840957 93403844 12 871557
61263742 5743641 272 588060
52111154 12491616 134 210870
15486468 90014637 117 604157
58522070 91907160 305 600855
19509708 4918943 246 801067
10768582 4828111 28 438442
29488636 91913554 63 937531
98164703 90894471 170 799027
34881517 5436634 455 756097
78913343 90915894 183 86018
47406138 90296260 1921 395451
44260169 89901039 280 416767
74218902 9686314 4 325476
45672082 90912601 976 446399
12979586 92457894 625 578008
62263086 90914804 29 128429
61568009 91621165 59 525391
55837758 5405207 111 448570
45210263 4818257 38 495010
1894979 87484708 113 667569
36779220 90924979 625 889645
55184164 5301603 29 756822
8699097 87628344 179 267105
33709896 90208088 120 210184
28812399 90247183 112 209956
8933650 89848365 218 783820
28541463 87475065 15 17944
22690244 87447926 74 954748
20119381 90237746 242 978735
78252089 5743316 4 431848
38980647 4887710 70 301913
76728662 5416765 2073 885710
39760132 88023280 19 540648
69561310 92356513 170 78530
55354037 92151962 41 150353
63595099 5500023 217 381035
9814379 90311011 258 468384
79215842 87628775 108 874527
58039078 90055261 812 139449
94674399 90303949 4 132910
4634308 5420214 96 218120
79290236 5495860 17 931885
28181674 89968101 30 300065
49019533 87836352 418 640106
9106556 91638832 304 148749
94194 92457137 12 575811
27837691 90876260 423 377364
94280247 90223288 4 932084
28583108 87834659 531 999283
63815217 9703220 344 909236
5744752 12499401 962 939894
25078196 90209221 733 200043
27782049 9808070 1301 142654
34644213 87628537 8 482778
53909536 88020080 197 177444
12001077 5080784 173 615722
34920297 90916598 499 35739
93731287 5311603 1752 909400
9240706 91715394 29 574978
42059072 92495191 840 186642
76935417 90888796 160 433942
91663071 89924562 1627 838266
94687131 5201676 61 961862
18320556 90036929 61 885611
40128731 5436135 16 537932
39551055 5296991 1384 632756
95886775 4830763 597 837542
87991357 5736898 743 753830
18930070 91955604 13 116044
76885140 12497962 11 702234
74982040 88023596 9 84237
17916446 93183340 684 114879
15752608 4792838 198 114745
24471954 9806441 80 246213
5402145 91715654 23 974595
97694651 90889125 90 67922
36436153 91636441 1309 840745
364337 12639388 365 182859
9950721 87427218 198 989960
65862859 89854656 17 609038
46340218 5404929 98 977883
52060074 5407510 197 584820
44795429 87542704 296 474808
8040763 5093444 163 677821
62592630 90269846 546 960885
76212448 12638637 62 754878
84086918 5495564 20 611841
29482172 93409186 568 983963
66082595 93196133 706 762160
90071568 93174750 282 372172
70047322 5739262 365 591797
96714251 87616039 858 147601
48253282 87936319 89 891274
54700949 91674044 107 585307
16655243 5696277 39 177675
31975284 88021736 267 503696
70741826 92168502 360 630500
20775451 4908926 148 667787
43123386 12504451 171 121906
13566902 90917918 2 822190
65313984 91715308 24 581285
83084554 92165726 2065 926235
62150013 90914170 497 523673
57512496 91906727 7 826496
54899221 91690715 192 984018
96000174 90921918 58 590751
49603445 89920803 683 227195
60466961 5414261 249 515858
76929025 90887144 67 716465
15484232 89857467 686 998296
20592442 90052477 314 362537
98868997 91908369 128 594646
51150462 89885481 450 285496
23300702 89932837 53 848178
52736394 89967663 32 682865
16050412 91904694 725 98685
71153680 5494910 203 563233
10855086 92463642 420 819793
27578034 88022472 385 510502
83319814 90910185 17 709749
72919071 92089698 593 331675
96219382 90311831 193 23543
18515366 91991692 28 462045
39866878 89931716 114 536659
41932980 91905649 91 172278
56069218 89919864 90 239559
97548362 93241926 46 446297
74083980 90915670 1 231476
40002980 5199251 106 875975
20629438 91693669 1596 342218
40143146 5697123 758 77734
52597874 93266498 31 36010
68300126 5509192 242 55780
97579005 5083804 148 962832
2788956 5408958 833 542397
19501962 89901466 24 248505
11781024 93410262 508 877829
83966868 12620491 35 608421
60107091 87626391 6 92766
24703725 90013458 77 358502
83256752 92357965 1220 371062
34668970 93261947 132 228284
55856400 91956187 425 221906
82136323 5411863 431 579669
54499406 92492995 36 300773
78415624 90251410 41 110415
97254278 90184009 111 806981
34505383 4918571 62 965382
3826547 90035180 604 398516
43181717 90858732 17 705640
9942284 12498207 22 629462
72887897 87456145 14 863798
8447157 5083971 2 607499
11447051 5299134 658 337399
93140689 87868103 151 468585
64240584 88106120 94 42370
24276060 92496581 76 992277
45721979 93240904 334 297556
87092398 90213158 23 640636
60855042 12623042 297 950823
55567160 5309013 394 203373
9024281 4884118 94 485887
85749 89853382 129 979891
28595342 89885994 61 419437
8026225 93407345 487 818072
86622746 90237185 39 99918
15556501 5395435 200 828832
31245459 5406732 35 887763
25662078 92094352 3299 184843
49504907 90009321 135 593597
63567103 12496857 331 635621
5259707 87598000 19 985655
30305456 90932680 76 216561
50047422 92496455 10 1337
71267867 92172052 485 699622
64757378 91914726 3 828264
6318208 90299073 683 84791
42772476 87863178 257 613309
44058384 87628145 13 179123
12667740 92792242 191 215793
65751150 91688137 20 49432
5777189 89848116 31 409742
97511398 93267047 339 836913
15696973 5326331 93 158157
68424673 12496340 64 305155
36692808 5403860 416 117011
78817741 5738728 7 291262
18612975 93241529 214 977075
19187087 89985624 94 578464
12741826 91991046 558 438314
29033750 5286688 130 859586
12421405 91596765 117 493587
94907760 5514986 35 380386
46272936 5742637 95 343394
56643729 90206969 250 194982
24424902 9809517 59 77996
46969468 93184064 18 372137
53334884 87846590 39 520916
763030 5509924 6 798169
71907267 4808039 633 64059
39210128 87537852 217 849121
50682989 92098447 77 291730
52167158 9813719 878 387040
40912625 91619652 91 833672
61591199 90895729 222 12919
26557281 87493099 5 2643
81182436 4793129 6 498595
11130748 93182115 155 410064
45231268 87867435 458 836964
75745131 5741661 429 86906
51518496 4888318 410 946837
67837055 5207930 441 890452
47252193 9708989 183 410097
80708638 9800654 177 701721
40506944 87614443 553 827139
94229686 12621778 463 970841
10615895 89901654 79 853012
91376973 90245488 122 457885
73187250 87629927 271 518833
3081585 92461848 1201 881211
95156926 89911423 384 859594
40847423 5413121 15 122206
81838173 4821768 310 594640
92462547 90875234 18 88774
59484360 5718305 15 603033
243681 93236460 10 255093
79869743 89901913 87 70802
44625845 90312267 168 208675
8163526 91956839 65 861197
18894311 5082645 385 80637
79195667 91619236 204 270824
19279914 90237342 91 576672
95629367 87425651 1 339177
46386190 91916610 906 424790
23615433 5294714 356 512108
56672550 90187518 60 433601
5900030 5419708 148 756604
67117276 5323893 135 742933
23489194 90008884 217 986992
29534199 87430213 62 586252
4111231 92171480 60 162972
10045998 89851629 1442 664345
32146152 5083520 9 734736
91409419 90251268 30 486619
86912505 90300425 484 711248
10232119 92173358 9 566656
81287527 4884256 4 931320
23754321 90832418 12 598548
23808973 12496250 18 731919
88425220 90881645 196 297625
94570038 89988460 302 80851
30258889 12421246 3 820672
30546191 5315691 10 41647
40185742 90926728 871 711977
23272418 87617388 367 303761
72882951 90011282 80 200564
61161666 90892842 1441 319173
181793 89897408 50 829805
51103827 87835734 148 134422
2827303 88037189 476 216838
67856872 90014455 64 860957
77897345 12490781 96 814565
40252261 91695269 4 303096
61478044 12495670 45 45420
48392243 93182516 77 671258
4390339 5326091 130 657954
73794741 91917823 153 798322
21130775 4899023 29 766636
19031583 92152190 116 632410
452100 5081054 74 386155
8497815 87864117 49 190069
54363465 93173837 216 36121
84629313 90238083 70 795282
3597701 90241316 640 386436
78191320 87597359 458 315952
97598237 9810505 389 664191
91250166 12637177 43 682088
64230158 5077495 62 490672
73062843 90010273 349 798673
69164183 90010741 21 605852
48357769 92152050 19 680174
17528540 87626524 127 663776
61662054 5292423 312 866896
47376916 92455608 235 671621
74251188 91903962 2 470847
25718460 88086271 380 838686
40977201 90193150 4 744950
76362483 91605407 28 905733
16854290 93411329 420 920614
74584000 89987479 86 584153
2719996 90876707 20 452684
33203778 5315808 92 470813
68089627 90010935 163 872153
67350232 5005812 11 598849
73101300 4820901 462 203936
25663116 90248260 183 395929
23623430 90884517 120 802914
70765182 89855177 497 495122
95524026 9812776 49 918992
71771441 90322803 379 204473
46789570 90875260 4 417358
9599132 88080217 448 946679
86007417 91714728 50 683497
95269513 92458742 88 805629
4726615 92359484 212 37433
22656003 90268863 422 365839
35848031 12496057 8 741104
16055560 91678528 386 238209
48143412 87634318 21 67562
18613049 89845722 22 651745
19068021 87863896 24 212653
66848219 93400115 237 573017
64130390 93174061 5 496002
87067489 90877579 18 27900
81309561 90910503 189 731758
87449876 88119695 62 202322
59309866 9705233 11 224897
90159442 9809885 41 64231
72427085 90875461 159 286788
90799043 90837020 22 167423
60029871 9616878 1 751062
33216146 4830066 85 442326
41216520 90220818 856 859643
36016358 90835192 49 313913
22890316 92169470 197 499831
46781808 92361591 107 671825
26160557 5743113 79 893054
53977353 91955711 12 580550
87084635 87867911 13 934294
8198565 5494704 1 329398
56935824 90310483 190 980675
38165498 4897496 279 670908
63460680 87456790 15 779693
68405138 5500421 143 652129
76592359 90184219 65 661372
43272067 89897629 168 340963
81904965 4817482 212 301359
14421370 5696053 44 957735
98587432 12388514 36 901904
8166394 5407027 158 143589
36311488 90210709 663 87798
15724037 5500598 4 497299
77345325 90267227 148 403667
90768930 90187255 6 548395
17817667 12489239 46 607285
54945059 9606383 161 957708
90137430 92496422 1 858468
29246067 5300304 510 779394
73550382 5696153 43 557166
48109412 87934851 35 983725
62365978 5287143 45 239015
39029423 9626091 16 948019
26882088 90888192 325 250193
85155639 90192661 225 875082
39011940 89970017 81 922751
16160862 89948172 90 567523
35892845 90858241 25 275727
61078463 4808741 8 527842
84288411 5404545 130 201455
44813581 87427961 169 624817
86505535 92088907 47 572370
70562682 90057664 69 870111
57757910 4919781 177 762620
28802896 4809581 166 772312
84499979 5742274 84 290654
67216077 89849370 311 412560
62508040 89886136 38 485563
68418577 90186003 15 178385
39380828 4818637 167 542086
29340720 90218743 51 253895
61234720 90054337 20 999438
81329341 87538114 37 149088
42322378 90836395 359 830262
32361496 91880510 40 739344
74953520 93260423 122 945386
42219555 87842425 364 471400
35500098 92167989 145 754387
45499999 5420072 11 642908
66921535 90253761 347 194430
28208260 90300959 41 945114
60656199 89900397 164 491494
11179456 90318069 68 570158
20390104 93413106 89 635984
41472843 92460418 14 166948
12279870 5514921 21 96378
28848484 88105423 150 654762
33309653 89853539 23 127564
93382477 12503118 6 822807
2520468 87629481 82 766902
97399930 90247347 25 731013
11554498 91678058 71 32660
69280340 12506603 52 164847
56794524 90911126 417 191309
35368330 92114975 215 235756
46344233 89853583 3 540727
19297511 91690498 2 240268
48603932 87426040 137 655097
39663315 92791851 161 477093
31013831 5419128 244 55776
93169345 90242636 41 677354
86154554 88039082 396 268834
26835393 5005704 75 515294
4304899 9811231 225 9541
39249249 87483023 986 684602
72462497 87862841 17 832368
26544526 87628665 1 617598
58956284 5738573 19 790367
84317371 92363982 167 268309
66921552 87480842 15 287900
82603926 90267796 392 576333
6065507 92361125 8 830623
34959204 87837023 48 152130
78005506 87934511 86 638239
5074994 4831485 78 824990
42911902 88118331 13 128010
77605313 90052117 33 644386
58696529 91914238 389 250078
8018868 12495573 47 407132
42040997 9617498 533 7547
11835259 9616633 3 802771
21286892 9800883 24 499930
66592091 92498087 150 524830
61032065 90205860 14 835937
3541160 87851139 106 455942
82640623 90293640 103 25484
23529959 9607114 195 214690
63551893 87864018 21 904167
10506028 90889484 112 806937
24208364 4830155 4 675711
61893788 87542392 9 837768
5263631 4807324 60 748032
87537027 9705419 9 492474
22375612 87933972 25 132629
96689371 93197433 156 340789
69975489 5306015 122 370190
1746569 93415332 1 688519
53690278 90009169 8 1109
29228682 88105937 8 712487
30326441 9709500 113 943078
66858920 4820307 77 590744
48504300 93198319 99 247056
29170143 89992189 267 306952
1622123 5003583 14 854608
26701629 9809726 30 716857
1880944 4918379 4 455940
84740908 92468479 110 186863
94206081 89932436 121 887631
22951459 92098055 311 28746
86758599 92163136 252 674644
71794519 87484342 27 927513
2255378 90051858 149 572879
35051942 5420521 12 11413
39805204 90206539 141 938063
94712206 9704143 102 173509
84080600 89945694 20 936318
57834123 93184126 10 169795
16288766 91989685 202 81478
28933340 4822247 12 147193
23487279 92791063 56 233372
2823540 5199043 12 330928
23144813 91906597 111 30855
5920878 90187850 138 986613
82109124 5393799 167 981576
22478274 90252672 59 791140
95782112 89922764 90 281105
88804374 90186580 1 81030
40058168 9704380 48 941447
13316198 92793822 92 517737
44725950 92456962 140 744109
95864040 9806270 48 503335
6469275 90323494 205 505797
25701452 9625773 48 531628
96531803 90245818 95 103243
58964278 90877820 149 201862
39204856 5205240 63 996598
42411065 90218910 6 821955
67175019 9704874 175 385605
88149296 5324139 40 656133
48720950 91691818 9 435547
16082977 5514235 261 517889
3560348 90910114 47 359436
48811851 93266622 37 511095
59143143 93173612 3 160207
39443689 5083465 9 718235
2614104 90312528 19 852499
77567156 5314742 100 351339
40628044 5413669 172 166536
28214818 93412147 361 865071
29553073 5509973 29 459187
3346683 87934660 1 432832
29857586 5499755 43 654711
7737387 5420445 55 659392
35268593 93413283 70 230581
54723239 9805959 129 847669
30729146 91621503 107 799964
9190074 91601030 7 960017
70134736 89963728 236 841292
32687762 89901355 28 313244
41801237 90206165 86 679724
92851302 92458835 3 451610
46383822 92494334 7 950899
91548015 90310254 35 327516
92042433 90928102 7 437393
77757541 90222579 403 343510
27662045 93412834 116 710292
38957601 90219340 416 327889
35406460 91889404 20 238279
59387310 89932208 50 766930
69035879 91955691 3 67181
43306689 92173203 99 907271
16572476 5739924 217 378216
56202665 9616809 2 156205
83860934 93174250 139 996206
25745436 90294131 9 429158
93692816 90891088 171 537530
92482518 89986634 307 921215
48810031 90054216 96 505623
10174022 89969627 82 47349
7328761 93405102 163 93727
45219956 92790914 19 867629
71147256 90915465 202 236352
92276717 87480792 32 971296
31375666 90917497 2 491897
21157421 91955304 115 786211
25624918 91888824 80 592098
11492482 91715335 2 620945
49199440 91605123 163 839941
57372111 93262727 2 693817
73855441 91907485 17 742035
22184946 92172797 96 632829
34713904 88038577 28 802692
30195541 88036694 9 867628
56762765 90242802 22 615612
47870737 92490883 201 161786
87186173 9703717 45 325024
58333100 90323253 29 215832
14479988 5404828 3 55180
63525294 4878805 237 534360
78695839 88033624 1 937767
11288709 92791621 1 863671
28717363 89970697 35 279614
29242490 9814718 45 73730
49806294 93399430 8 516431
8273171 90184727 14 224471
39588548 88085365 116 202762
28490254 5082204 23 695209
34944737 4920461 136 121756
51200921 91621086 15 472013
27336840 90836803 3 277205
89221702 92163584 48 69027
80400734 4820426 10 735282
86153016 87426362 38 753107
53127256 92457160 10 644047
62212706 91674208 21 329390
88504187 5410312 199 400126
72871417 89969117 392 113417
49897708 88086736 36 996915
65316712 90008156 76 325424
1068012 5306141 3 823567
14093909 89926796 58 46437
12364594 90011140 11 345295
14481800 90205804 30 310541
31361092 5208863 6 780657
51099678 12626367 8 107094
25943700 91620338 230 934443
19395467 92363553 86 919156
65124930 90925608 3 908767
17468655 88105855 22 855797
57843911 92793226 265 457055
31819801 90294001 81 462299
56097823 90886819 171 839618
16550150 9805318 51 111897
78356334 5514744 47 861118
51921610 5003455 61 894010
22799020 12503091 14 655600
836096 9699303 202 265837
24012828 91695783 18 190258
77900252 87633643 110 594005
62639336 87625825 399 786092
54116055 89949927 4 387524
57814887 90246235 77 588573
7201455 91915608 50 726695
6021373 89855965 170 541123
46655373 90212771 105 487559
67902259 90832106 26 170948
95467399 92464757 530 3335
35997153 91714817 31 352621
83804658 5205036 38 459730
7193869 5717567 125 422549
41659975 91957254 151 622520
17560535 12497676 74 4306
58485413 5514889 5 258555
81789967 5398315 85 917751
75768500 90247048 22 54446
61313732 91604460 24 522564
53531898 93261030 53 528127
92381418 90894693 6 162147
65845373 90831040 25 994818
54445210 9814974 17 771918
40829790 90309646 169 388091
37605890 5738751 11 538061
92576217 12638520 7 854510
7681846 87851346 54 932654
33460155 89886231 12 483550
63907015 89901422 8 263868
21005735 4829962 1 866409
96560822 90032611 21 788587
92449011 88031898 57 649219
58530979 5398738 1 408798
9258646 90204802 21 888018
83737360 92363794 12 559530
72158779 87475630 324 922519
73706083 92088731 124 388409
33798643 12394955 114 671262
87733337 91715113 144 659626
99605452 90325108 27 497493
94659469 5510020 4 789626
97836789 89945794 20 355073
3851407 88105634 39 386274
47019220 88119148 206 662621
55418149 90184537 60 569896
4533534 5301814 30 830211
53790161 90896860 207 718972
88717535 4818464 1 491372
36026294 5741072 30 159738
62907137 90242565 8 512830
71347619 91906756 15 432704
8602010 87629173 17 598676
46058678 12503637 358 743139
30761349 92172664 8 959304
97380737 91691057 26 327846
70387446 90304319 4 598988
84175151 89883469 61 469277
8417981 87935530 595 414788
42441315 92363173 34 212815
28354645 90056204 15 99278
97800485 89926334 127 538366
92620698 89946977 652 828040
23404313 91908148 48 815432
54861716 90886522 110 368630
48354338 90311359 26 495071
45350625 9701546 3 940907
58546073 12637122 3 713820
11816336 91634759 3 637341
74273180 87848081 24 737485
29811455 5401974 49 970577
16840507 5288813 22 740043
77492490 5513922 7 384021
67719108 91637894 130 302025
69252497 12640040 28 880766
13853632 5718892 20 566221
65146287 90831556 297 744600
43253154 88119831 43 971831
1368364 87939171 229 277805
31541252 90013330 2 942031
13012659 5411069 349 669804
78898934 93403985 9 32825
13082497 5326737 8 967196
51380975 9811860 248 804973
15178764 87492858 119 948331
12185587 87843129 168 964484
96280626 87624849 24 625137
38491038 91888980 12 626113
51274072 90303643 8 97656
38753997 93406017 128 685961
48188047 5510076 8 786192
77653164 92468122 199 560178
59505424 90270479 23 477297
42745166 92459339 494 117273
22345102 90065859 98 229432
43874373 88120039 131 621192
39332848 87629255 58 965019
24536234 92464119 1 283722
26607256 90032677 26 430410
18734042 90921843 2 447861
38747814 92169670 1 534990
10241513 91596627 1 161030
31354958 93399572 37 61684
54626297 89970391 160 426701
6973130 90014299 42 639913
72668238 89855702 25 48157
48407757 9705168 4 217674
14269815 91908504 5 333085
38883608 91913691 43 255576
37420613 93404794 84 362173
41692065 87843300 3 228100
42913836 5080556 10 368817
82342624 93244417 8 213600
6112053 91690432 8 924157
2062276 90247437 46 650338
6730591 88037897 71 282503
81194886 92359882 91 896385
13254093 87457539 63 735603
44883540 5208416 24 831114
92273479 90049726 79 591884
5851930 90887248 32 279545
47096555 90311500 102 648398
69566151 91621035 23 914192
17220520 12506948 74 512729
96143469 88085153 73 359787
86072950 5326808 42 528772
50093878 93198430 9 224580
69508427 87492379 315 758111
79236198 87484549 12 470370
4341571 5495718 67 84939
50449729 89922305 25 343647
55280347 90035936 91 25296
75917384 5698916 397 30661
67657705 12491033 52 64321
4801016 5208620 134 393552
19783200 89987248 115 116610
77790997 5198884 141 150007
72421035 89949159 175 982577
4872880 9814950 7 609004
27130564 91676968 138 981198
47571247 87430477 22 501261
67629802 93244465 3 727135
30325714 90894981 179 371567
65261270 4819661 400 256521
10792042 90875796 33 910109
99048020 91600872 89 570451
62462845 90056865 96 315446
4665935 4915068 31 888723
35071056 90324693 129 194788
42050272 91695652 7 205751
47613093 5077069 10 166272
85484630 92359770 9 969145
39200975 92794148 45 556434
8571409 92359709 11 588759
676750 4896774 284 886043
50276789 5698197 243 588266
37017882 89900738 13 458314
96708397 9685871 16 488024
31527596 91889037 43 791298
41294043 93244133 47 934608
25167788 90924294 22 556129
38957177 5418851 6 757812
86763696 91619532 26 455099
19803215 89921966 187 142634
15487092 12489353 41 396423
20864410 4887624 12 728596
19109227 89963451 33 267700
68911910 90051517 13 292231
23767808 9607680 17 226306
86066940 90877524 20 489312
67890931 9607520 51 151731
87596276 89902816 9 288146
94596105 89853079 6 426145
33747586 92456090 195 709946
58727593 91878658 81 496914
38732256 90253047 155 238784
94894841 91691912 20 761530
10083027 90275292 31 231008
10778998 91731249 97 504826
25508155 87492010 22 489462
85912788 90293895 4 170609
52227232 5081730 306 140329
53320252 90921464 67 163825
59304707 90250867 207 181530
48424956 5738002 208 569553
46927028 4918436 20 244786
83730868 90909686 64 13083
31743360 88020892 63 846548
39761170 90212665 1 246899
36055276 4806887 219 806840
12190209 87838079 64 611376
42410424 5005968 139 727419
15500123 90050066 4 462759
39823233 5288958 54 521977
40015679 12638710 7 65238
13425863 91677933 7 243114
72520254 4829838 34 161174
15920040 87864449 43 848239
75513242 93261809 1 113466
18353201 87543093 73 114842
62995388 90252430 5 332579
70121429 87613855 26 213443
68639855 92791297 34 751016
59667083 4919194 4 358666
314584 89909887 27 621443
50099484 12394080 18 331269
62954760 12395094 19 123477
99733878 90847893 183 464840
66465909 91957092 6 432991
89804168 87615177 1 148163
76933620 12496202 22 684943
94555566 89919336 10 118086
68826717 4878301 23 337733
34852599 91714662 14 706047
50476458 90065537 7 901289
67262685 5325321 382 417529
73621992 91691188 102 913678
44402685 90009544 82 265302
32119261 9698258 644 915105
49713710 89968051 7 487986
7692455 92795150 324 356377
15358282 90835789 9 91175
94792018 93198506 22 158145
74298677 92168949 34 140003
12723049 90188332 320 905932
47507368 93182379 45 179444
19608113 91906080 199 290545
22020681 90932459 119 175802
10738985 90009145 7 392433
74970696 9697558 11 106932
65719097 9606127 12 888154
10381255 5514589 15 220077
68785554 5696099 1 789904
61502306 5295600 4 797476
50975988 12637816 410 881004
91611739 90049843 21 341486
86735228 5077409 8 119588
42821353 5716725 27 761708
16190470 91674306 10 286622
94124843 87841729 9 737513
29650778 90917355 117 630757
47489462 92456645 22 323731
1152127 90052910 56 954299
12705115 89847146 2 88207
99605953 89945994 4 428102
30845942 90915044 10 207804
88356246 91685873 2 23767
60413709 90894295 5 129809
92081931 90036222 126 409983
81109326 88032353 35 480858
47228302 87475088 7 465607
80020493 5495830 11 183846
22377835 89849790 48 48452
22891262 91957462 28 948850
4579428 90184945 31 156917
80941227 90318217 1 198197
4206794 87835278 35 891556
43772434 4920737 23 923169
63239298 9616919 3 941969
48492878 87628607 40 682132
67522719 91677910 7 977413
23993013 91885545 7 407087
86942495 90858523 82 407409
22014179 5313395 31 863135
89634169 92360321 4 319167
71764399 5402251 30 261673
34857224 9699080 17 386188
58708363 5316119 15 206644
19830680 5420590 21 373016
86588919 9606700 108 355578
88573244 5717819 62 40891
99794460 92356276 12 355265
51128185 91956637 4 21047
51943836 91686196 1 719470
28090357 90917174 50 329263
81240104 5402032 7 785920
11191425 90208452 25 161004
65254289 89899991 121 72985
34099603 12393960 97 457981
5157441 92115281 35 722406
1170064 9701700 49 721061
5332427 92491186 24 587147
6972230 9805561 49 585595
21998809 9709254 8 816942
4531251 91905836 2 989061
79582633 12420747 13 213025
32383683 92456799 13 468694
9359964 87835900 16 144963
59012021 89987584 16 338970
14832127 91673510 24 231537
55624592 90207675 161 536043
95325953 5094304 223 545769
92387282 87457270 65 900201
53489926 90848565 39 133689
79809424 5325801 80 617888
98110121 5718082 181 470934
63330435 91990470 11 198365
57087981 92790697 8 832995
95526411 90921201 57 787106
20142626 90909931 58 404678
99480840 90051069 139 485952
79960377 5295095 15 414367
39400460 4896373 37 536630
11476662 90831126 29 336723
35781459 4919535 20 595010
47995604 5510910 93 58969
10541326 9708484 132 223945
72104710 5006976 11 974811
60451734 5511062 12 69888
93072244 89855739 5 911069
86134109 88086940 15 656984
76115838 9709887 119 813709
71824001 87457111 31 916431
79825833 92491565 156 842252
61286780 90889790 29 76774
40518031 91712247 129 519421
25273629 87842903 6 999287
95138885 91731482 70 384895
88021393 12500411 37 929663
32835934 89987929 88 872627
89207500 91597454 39 89242
63105102 89968269 1 357222
98315738 5395947 3 547462
54419754 4819106 93 748567
45728435 91634890 14 408000
19593979 92090813 69 427350
12326017 87934168 155 816145
72355369 90186448 9 900
28330790 87633873 82 880932
33885841 90053265 258 461211
46972206 5309803 40 273528
2722721 90247987 70 96216
20817801 88023911 210 688225
27697233 90242217 167 227414
1842700 91714892 1 724931
94853521 91597266 147 577482
38637125 88023249 2 585082
20718192 9605403 1 364604
34041336 90246686 64 424938
16371423 89902055 52 40602
99375524 90050790 18 420518
2426201 87428584 59 214134
43940911 87833939 128 858709
50630285 90293165 46 371885
87467852 5395846 47 151871
99628951 5495530 12 772482
4943835 91991804 55 834541
69752078 92090634 14 868071
59552299 12638438 34 868908
64968383 92796685 27 469190
84926058 12420639 27 332298
63308026 90211395 4 594574
23925005 92790606 21 902607
57834754 90207892 52 536815
20733002 91677209 8 897721
48163808 87634578 44 307887
29887475 5077156 33 998240
34776671 91715350 6 495550
76935916 90918029 69 872689
39385926 5717725 3 216061
54152384 87633296 60 188659
6323183 5500267 3 134958
97435856 87866899 51 960079
58418274 91885270 15 309596
30573417 5084170 8 935565
14312273 4899386 54 551552
2271806 5287003 3 923421
54566329 90878035 21 441568
93739589 92090446 135 967223
8038642 90294163 11 33904
28969100 89846942 27 245133
55849235 89967870 151 512499
77601361 4829893 5 280327
92148721 5412315 1 774418
32711441 87634483 13 822156
11629231 93405549 241 579184
61202668 5326553 94 276974
53926680 91731756 30 511527
12374679 89849882 20 935578
71218478 91958316 178 659418
54617582 87623215 90 139075
56301872 89886592 57 25403
37416312 90927741 22 22692
63317169 90187595 1 192915
57518182 92361889 6 314064
46147632 87850945 29 864926
55400650 91619837 50 337340
28066612 87542345 3 305982
16839789 92793958 14 813938
14494009 90211589 54 70648
87997946 93175337 76 752511
21607565 90242397 1 773891
25400456 5325709 6 204980
75565729 90913586 2 575474
57554260 87633404 1 877317
39938252 90056140 37 787502
43653793 90889844 25 344456
65595151 5093643 13 460978
1033409 5742166 24 486540
96251697 12498164 3 745115
18050903 9705051 1 475611
84213465 90033164 7 266380
84999307 5412400 72 986263
92519317 93406237 68 850019
51551186 90212642 3 717580
24370754 89883325 65 458579
70567491 9708083 21 700763
89759373 90881367 49 32356
9881478 9606090 25 197446
79565211 90895380 64 490476
77912158 92791393 16 975861
10983704 12421234 6 131929
2539797 12640227 21 640398
27543985 90209991 3 1640
88001635 92361378 72 289411
38698566 87480825 1 319803
70075535 5499530 45 456079
35466734 5295561 6 253902
9976548 9702475 326 325592
85207027 89909836 13 289138
52918417 89901394 2 886114
55009666 89932652 84 837268
69571285 5509886 10 869326
72116532 93408144 105 125852
93138074 9686282 24 167301
73956691 12420595 11 940551
29340502 9708779 7 751066
70550042 90212427 126 537728
43569216 91605753 141 653349
49396082 5500584 1 122631
4853484 88105751 31 172516
19740861 4920180 4 951385
37560927 93399526 4 66931
75603639 4792290 20 445607
89903226 92796615 34 672491
33773433 5207406 77 186191
90767741 5286152 66 662500
73214387 90894647 4 693519
87623283 91990418 23 306210
60260074 89902766 27 239396
45614475 5309750 7 239615
15176734 4883989 10 781598
18699316 90848315 203 846818
62670647 4822138 53 402463
66766036 88105917 12 605710
29299034 90014113 124 164843
24745069 92163429 16 24562
22491932 12626408 31 62637
91677702 12495905 79 119920
90648321 91596994 58 354785
4477156 89891329 29 603530
61578900 5309639 34 71748
46507015 87428321 24 475841
84337406 91957798 247 418791
99485422 87474971 6 792937
42120755 87846300 28 348911
95454456 5697906 7 642334
2092898 92793585 22 944693
58035068 9810915 19 334569
23327841 5394387 4 955826
23229762 90831855 2 647639
8061093 12504100 50 785594
21934414 92491100 15 433121
22170627 89846982 1 837421
63722491 90251551 6 397505
91883319 12498352 17 576016
56743606 90324416 128 982403
32960298 90254128 9 266399
24558074 91955173 7 619585
92365904 5738504 5 356890
7574438 91597560 14 261087
9414951 87453585 50 410038
5927940 89921541 18 408031
56863754 5301058 73 491424
35902059 5295325 199 101370
57071257 92363447 15 777247
32997028 5394307 48 249074
49265187 89922413 48 494909
23609044 90303781 61 873826
24789453 90057318 185 802380
97634591 90889706 18 628382
12849619 90051702 1 885985
72299850 4792345 19 572989
88884927 89988055 31 490673
790550 93198624 84 291716
87042617 12620676 12 751060
98253861 5324801 67 531404
89664543 5738655 24 74843
19437372 93261221 21 198992
34165648 90923962 17 841283
22938275 87453427 37 204635
25850219 92363739 25 466902
66039535 4919470 30 426047
1050715 87538185 8 559399
41337313 91688061 3 577982
69205503 91731073 53 974764
41835384 90884973 19 776212
76151619 5309575 10 141613
49250633 89965334 33 909873
12844039 12498318 11 751322
27713964 88085573 46 634689
65027990 92491252 24 180894
12748734 5309468 54 605355
96215175 89891677 108 904211
63104352 5509727 145 345150
4538769 5198624 70 438158
21014892 90211665 16 154880
8869447 90053554 28 705158
32845021 5737717 62 207958
14584945 89856456 232 569093
6131026 89855788 1 167758
48621640 90887847 11 727206
11026067 90293876 11 93781
30379600 9685822 25 49428
15600173 4884242 8 532307
93313602 12637281 53 653955
13981982 89946154 74 84435
85396211 90293531 5 862226
6091084 5717420 4 403541
95002152 91686015 7 283732
70809039 87938584 87 507761
64791039 88119390 15 218441
78392580 91908844 224 913852
44440466 91989911 23 778083
5183847 4878268 3 696129
46638255 89931906 72 679472
50783532 91634973 48 712523
51061525 87427007 6 698006
38737680 4887157 45 93454
79724274 91889605 8 375527
61848811 91879008 45 699210
33625266 87866731 33 54368
11909971 91691306 15 111710
81048174 91691331 5 720569
53244027 87537610 1 735936
43142932 92089011 17 603041
82160703 90927979 43 30399
26054939 92460255 46 781153
17460605 91989947 4 724690
21931491 90247748 23 868985
33246509 4879065 8 576283
32819325 5514511 9 583027
48247649 4919412 12 412423
93689696 88079422 22 993501
92382899 5743986 68 262228
76454060 90036526 77 517738
81739938 89945643 15 235582
24899315 5199489 74 807779
77519368 4889131 37 984967
14703607 87850975 1 477512
58526173 5286245 17 634019
83867594 9703666 3 516883
53161450 90913650 11 140069
37608018 5395685 49 11637
99115491 90036717 87 900149
79655867 88086878 1 671752
10608715 92490566 5 226432
93492822 5289040 12 10390
76764230 93404417 36 456787
44891966 5207185 12 567059
506048 90887734 6 334773
30472402 91990278 117 50230
91779107 89850080 105 213618
53576104 90009666 19 580442
21934972 90884787 42 543299
97215607 93261687 63 418099
47897420 12491774 6 837319
26859032 93174450 6 237182
53197014 89846736 90 828375
595623 93260663 21 179811
57952651 93198067 12 977393
4807483 12395313 13 937245
65178533 4792049 94 231414
72722819 91712416 21 595476
33539959 91889480 32 93996
40513036 89902826 1 579221
25540239 5717711 1 529504
56019462 4886425 345 235420
21215432 5207100 63 403989
75163608 5289108 29 121375
28526481 91619480 24 195698
82449628 9801289 11 20945
94553293 91673600 30 109787
51848861 92171209 2 260147
44257903 5083386 6 717591
71940622 5395922 13 508051
47994350 5402099 6 917830
5399778 91958118 17 253941
79290623 91620916 90 23914
86683958 92090728 4 382614
76037783 93408498 35 898339
43439874 5325900 9 852516
4860396 87613499 27 457888
11259238 90213059 8 990612
8224070 4920291 5 105005
56752146 5393449 4 981718
65394638 87624708 1 351554
80507555 91637753 1 404936
53325151 92491406 2 166810
8794063 89911820 10 477897
23636220 88119619 6 471843
87420626 90881080 59 913127
12357118 90885053 22 242619
9768087 4920650 41 976079
65828209 9705304 6 827855
64050644 90844717 61 164812
5162435 5081247 62 340853
88711010 89900609 25 253839
25916425 9801416 2 949360
91500199 91879071 13 786318
34588523 87867931 3 396203
57433912 5739685 9 67090
95609409 91596918 11 770955
13248913 91690915 8 397751
51758869 87493081 2 91009
2709359 4817892 41 242561
88917734 91695679 12 848685
67646225 12500613 3 804655
5260069 4818450 3 327151
99211889 88033404 152 987667
86949097 92169834 61 185694
43917808 91605551 41 759993
95485569 90011477 1 824578
76065437 90831205 13 334345
10202718 4920769 3 803621
88253569 5496420 21 523989
22402029 93182624 22 509422
10147372 90246977 30 286475
9794600 91917611 26 267108
21344842 88105019 39 283442
62200046 5496190 15 15916
54468811 5435873 196 519783
66275496 88079473 12 144695
50432014 5208762 2 513201
77977035 89856206 10 266727
32701994 90875273 1 250136
87398395 91715734 7 265122
67564650 87635203 36 809050
1692038 4918691 1 883342
99814199 87598117 87 240779
33185242 91677199 1 642335
24451837 12626269 68 130765
94891482 5398674 40 569172
81634892 91677672 113 709434
61199268 93415322 2 315258
75138173 4818923 12 924851
646810 87457183 11 268529
54750702 87835346 11 110840
53240547 93244346 37 898208
8697375 90310046 60 986896
29623835 87634232 43 725913
7297251 90889232 7 504521
11301130 89968207 32 551398
39697310 12490614 51 681134
97831331 9812282 77 900417
9169591 87425787 17 744742
47229266 5095852 64 626239
2981096 90052992 2 56743
53865874 93399683 27 597261
50116070 9708059 2 18077
24260018 93399450 8 602852
98415797 9704441 13 601082
98497181 12637393 3 40507
37149433 92088159 21 83581
22952286 91903818 10 780138
59211256 90877629 5 85249
49742513 5207240 34 223779
25244282 5738462 21 134625
44292776 91690482 9 156822
69591095 87425716 40 362043
49910507 93404475 18 246173
56619978 88022884 20 72243
20487311 87493113 4 533657
23569577 90205965 40 116147
42007858 89931062 35 470679
74309579 87838566 26 526255
46178194 91604728 51 937936
41777184 4888858 129 210609
70138710 9811514 2 218566
59163390 93262309 67 73704
75670654 89921682 95 640070
76765276 12638973 10 76718
76663602 90192961 7 50045
20536124 5208462 20 651435
80304465 92162869 4 559528
86362350 91732005 20 701921
2210764 5499317 45 220647
66287596 4808812 4 364188
17029945 5308584 24 8527
53979507 92163403 5 406518
77369831 12498149 7 715322
45829126 90293319 94 162829
45533274 5407302 1 475910
78962097 88021420 11 473301
53210618 4818031 59 486959
96187891 87543442 45 220145
16443470 88118580 81 226554
8588694 4884316 35 192854
53341626 90212588 23 196102
43976283 92463218 2 432585
34792347 5394555 35 693910
66119560 5407862 130 754003
70578875 87846778 6 984771
8713341 90253388 1 598157
33416978 87538369 4 92700
48309688 87623570 16 499984
92352465 89853107 22 776512
34856063 90219773 14 449771
2676767 90185116 4 844507
91185547 4889027 16 204089
99277461 88023182 21 397975
36589619 5495370 68 766778
13642888 91712679 8 343648
50533900 90036822 18 218636
7634570 90053597 8 668543
5279433 87630236 7 803297
54324114 4891997 20 687493
60946092 87628892 3 257229
55977437 12627475 1 139571
48741134 93174107 1 581791
69296800 4918658 21 393408
44763841 88084979 43 652374
59978776 92794661 9 941590
31921221 5514670 2 898275
68930157 89886489 24 232081
37206877 89987735 95 826610
32535008 87484568 5 209235
34657333 91691981 18 115544
31243211 90921820 13 72722
46041622 89969791 80 873762
48032707 12500562 27 19678
89523486 5398467 67 649186
60566490 93410899 2 498187
76748082 89931542 1 814990
14367388 91712614 1 803756
93234826 89901750 7 177144
30975610 87841695 21 731373
2808215 88106234 20 934225
74830501 5405548 3 234691
37979411 93198534 6 281376
19858360 90324946 54 992054
73949933 88079761 8 470611
66831606 9686205 44 428147
12246415 87543383 6 529471
67741085 12420809 4 41967
43689756 90186079 44 611250
81003850 12637402 4 710806
84405834 91691784 13 464894
6978357 87427679 36 219142
20804737 90299892 40 920007
97406429 91672402 35 456005
79390961 90831069 3 922943
59866298 90835930 24 154832
82857459 91688245 87 375046
77863718 5412486 9 241159
75615775 90275328 1 666333
9462133 92361159 23 821603
71020401 90891373 14 558779
91715498 89931559 11 653478
70203587 91695430 56 556386
36690539 5324488 55 725275
47500750 90221736 13 450585
79903546 89899642 182 156909
93713897 90317969 22 441250
97822255 92794299 7 353759
40172333 90301047 5 408973
84769010 9703987 35 584804
48855531 92467915 8 603646
28673892 90246843 71 360071
646699 93260715 30 610994
6531745 90294243 63 437769
67454752 89963414 4 556931
97383556 91907653 6 671955
31716346 90897189 38 374870
59979876 4889051 7 144082
25923023 9703889 33 345729
24191581 91690936 11 622966
60430832 92796765 26 86607
37132397 91604587 90 479629
71854840 5083255 22 995847
8903911 91671876 9 709043
23363846 87456105 14 199718
21010080 89845919 9 832188
55141232 90184621 6 238496
32453093 12489132 1 787683
61075396 88085242 3 286433
88055583 93404886 5 692836
99497208 5738685 3 514735
84393992 5495992 7 162074
47783338 93184173 26 675849
93224154 5744078 24 472053
94480116 89929013 22 959461
9879996 91958658 36 222920
27320038 5398605 8 990739
4952624 89986070 254 784378
14325164 89987051 69 382333
78271143 91620701 103 430625
71358214 89932760 2 113397
16314921 87864932 23 776680
65342457 4818835 30 166950
70547767 5698467 13 126452
59385322 90890732 46 903473
31392264 91913832 6 728153
65923913 4793068 24 222406
1882553 5495901 17 708358
35644445 90213027 18 825543
1086076 92490043 10 895333
56625946 92363273 50 134432
58088823 90051683 7 14915
9067448 91879385 161 612468
8113648 87456082 1 553731
90019784 90223386 2 123601
11042977 87623474 75 836190
54706016 90267399 4 355027
81788530 90050739 9 472048
69909731 90910224 7 755853
55425740 90053736 13 509436
44519863 9625694 10 946833
80324204 89922549 84 367841
37338704 90877409 24 397446
29735925 90185300 35 101553
49837650 12496067 1 957594
66188270 90267072 5 984609
80979406 87633070 76 652061
85525621 9605895 93 124804
29037515 87623663 18 434357
4592056 89900162 40 301295
20726133 12420714 1 669856
29255705 93174391 2 708300
86558388 9618073 36 72229
56247650 87484525 10 859626
96347587 90921262 1 699041
28567507 89969533 3 527812
29140271 91672000 58 721131
51451124 90891393 3 307304
52585991 9698947 37 745737
57885458 5301717 61 118438
21919471 93175471 3 106890
31536855 90054428 14 869619
44465813 90921679 82 52434
52996865 92167806 9 112801
68900317 5437107 12 493136
73404430 91913469 10 250523
99047074 90251501 4 912584
16460244 5298445 10 843047
1011875 93173429 40 523842
41837536 90065643 94 544099
47342254 90246129 18 276762
65682768 87492724 1 73862
92096180 90876939 35 521062
23443076 9605422 14 337035
28988539 5718825 30 994126
86286050 90242980 15 969496
63757872 5003558 4 390571
2153430 5096087 167 694087
37586075 87836805 31 812363
60729720 90251140 47 81238
62559328 87430395 15 379264
72146935 5408025 25 844166
29884317 89922346 7 404742
81411576 4809257 31 806745
5230636 5742939 42 419353
94859168 5315119 72 401709
68414449 91880453 17 675049
84076497 89902425 110 880232
22470903 89968578 4 349982
86431082 4792251 8 904459
12124677 90192411 7 73372
58371675 5410052 11 648920
29385127 89947754 33 994092
96141275 90245628 11 653902
83833962 92793550 12 108371
89883525 5199388 5 60667
84607499 5314891 49 168616
32716646 87456213 30 558336
22739052 91695871 62 201128
87673972 12497542 40 669926
34727206 5738720 1 567920
44511131 12504662 38 876096
4219387 90835344 89 543668
27135294 5716911 9 662244
82763370 91677311 12 204165
10760695 87633976 15 754708
871634 5413367 35 391020
70579798 5741147 22 399904
36859047 90252473 33 721881
69386718 90293774 3 914114
56163202 91604780 1 70809
14222970 87627957 15 654920
79654187 92490075 4 384191
71542170 89846498 116 611521
84363812 87630458 48 245997
76366350 87484450 48 716360
35736785 90207951 1 206242
50839458 87456336 32 27923
52462290 89845829 17 748173
87621924 5315714 2 937841
22191158 92172632 21 22482
21749844 87864043 2 338540
39922785 90009738 19 235002
93655043 92467897 5 976752
1632263 87613677 42 260001
83521335 5716818 59 840298
62380649 5742489 8 868063
16214823 90325822 1 151310
74628670 87542350 2 296664
80868783 91677790 4 921391
58311534 88038382 17 837852
97315937 90253342 36 372364
17801957 9806756 8 75994
73963299 89848807 82 407925
54925383 87624945 56 915538
52165857 90053804 43 878332
44083171 9710043 24 275383
64219675 87838262 15 57314
50968086 91905454 24 222642
21091466 91878928 5 15282
35223496 90009836 42 132374
60919394 92468343 8 604607
25594029 4878409 41 388806
58789855 90248507 13 331405
65391006 90887028 17 792817
49740496 92115369 20 492389
52054512 93236487 13 400224
34593147 92791488 13 233854
6182682 93198087 4 163483
8211629 92360114 36 475251
72518348 5738736 1 540253
69964099 93240404 26 899385
70158975 5718572 101 819547
54088336 90304243 68 694810
5771795 5414598 58 603211
11638971 91639231 1 689339
75096914 12490920 16 675505
82126129 90032712 6 417037
29986900 92105345 18 875676
55497074 92792834 111 356586
6078728 4829903 1 230610
66513249 92498330 21 460404
20509714 5313701 2 475430
91226165 91597541 5 944653
85585245 90909506 2 382985
47581909 87843507 24 318311
57675618 90185085 27 25149
88565919 12507346 27 298169
77109229 90250638 8 458781
88607181 5324339 17 206299
71974943 88118671 6 197013
20883458 87634052 44 543107
56988679 87938448 32 686146
86410197 87630581 8 767719
98090475 87630558 2 886388
45401053 93197274 1 420752
51437506 90245930 6 30202
23558855 90323755 12 424025
13641443 93406840 3 646659
63569320 90184358 73 823175
19825607 89897306 21 670749
87355796 88020672 53 621434
44898959 12394494 159 108465
24395641 91955736 1 38675
77458013 91691598 141 400510
51272494 89891838 13 769051
4100632 88119426 9 400760
4658173 89883391 1 777786
94130536 91913303 58 315744
75802532 92360199 28 613763
12401592 90221780 13 872182
88848554 92456725 12 810775
98448830 90927854 79 360795
52776756 5514640 2 663599
11676103 93197267 4 104227
20322240 92359982 4 57954
99833712 88023682 9 685339
96067011 90008065 8 855234
43750740 89897867 10 741279
79612716 87934757 17 345870
54843234 5324241 18 633564
71728681 92163517 6 392896
15240580 91674332 4 697835
9316729 90915022 2 489053
49228651 92796887 85 177730
84686521 91712693 3 692403
53815982 87543249 66 996989
84012603 5742860 30 380775
16061884 87491892 21 147260
92242005 92490382 148 774591
5678771 90050021 3 336258
42742490 93404926 13 741243
7127760 90876790 27 966729
18831871 90889316 31 314655
51989185 5324317 1 159801
27204070 90050659 1 245879
31321518 90186506 25 623265
43370837 12622348 77 433197
1074754 87864331 56 578238
86956935 93244266 25 375367
41223014 5287061 29 720147
62412592 93260879 91 301916
38229585 90310218 1 670542
21620518 91671858 4 934238
99203737 89968596 11 430752
65946274 93415335 2 538798
79157054 5316080 16 377119
28210155 90056468 17 431056
27533180 12488998 3 836975
60312869 90183896 2 329690
75889421 9699513 1 363892
80429205 5402211 5 885506
95641391 87456770 5 207996
42813558 12497911 27 494602
54950470 91677891 4 245066
45470027 88118398 46 425609
50201020 91598002 225 689929
82334522 92465347 45 933950
44115180 90299765 2 35281
26972511 87430326 41 448026
1199532 5083214 8 5021
79869958 4820223 5 533233
11182994 9695180 7 888081
68639714 89846985 1 843553
31005782 92171239 8 47528
53707793 9805453 36 836994
3099417 89949565 32 611253
38477055 12620401 14 301965
4974530 90193132 4 401599
25881700 93412985 6 823717
45401800 87482032 2 984314
48779692 91907669 10 352982
30240793 4820438 1 524827
80188381 5083069 15 23528
87177644 9618116 6 871044
60323970 92171273 3 304952
13520112 91888962 2 303333
2869515 90213119 6 2074
94006458 5323615 96 488161
42609922 90211761 74 963671
30532920 89949364 1 580449
43531373 91959914 38 613778
52902912 9708291 28 110691
14374493 89883210 2 500634
15726228 5084068 64 367304
69031944 90268209 3 744347
23335830 87625206 115 260423
53443250 88022016 2 333457
75705463 87851616 4 146139
37710252 87837334 55 749912
58064268 5418861 3 827652
79396256 92794639 7 376093
18847531 90242702 1 620853
824020 4919251 22 281502
81583495 87633167 6 253831
93551134 87843354 17 62887
70336064 88023300 1 806117
34788943 5496488 6 970955
91487568 90057007 37 569751
28941638 4819234 19 557643
69373437 91908619 1 540772
56104394 88084800 122 215831
19655331 9814901 42 414617
31495507 89991503 61 483214
4168032 92151847 30 416044
85982957 5514849 18 857079
24555668 5324593 37 339311
87621978 93260618 16 81805
20690987 5739638 7 171688
65389967 9697418 68 95832
8272345 4920968 26 261447
58411760 87475278 12 313079
24393015 90050698 9 229013
68923794 9805409 2 676879
75979635 90881003 17 200011
73512716 87841532 12 342376
8808386 92089066 15 164976
57101518 4822590 19 71297
41008054 90222061 50 863846
9499612 90835128 14 453445
11964120 90844781 2 761502
85303384 90186380 30 500362
75900083 93404498 1 415786
1946031 9708125 10 296875
9451122 87425880 20 176291
39832957 4887890 15 710042
15451419 5699413 13 528160
18477987 88036707 3 944853
98130167 90878061 2 456615
66572025 5208767 3 894629
17627879 89946246 17 543995
16608655 9703780 7 513384
13353410 91879592 37 510352
