100 100
3843 23390 14875 25445 9269 17458 13215 21270 22442 23670 9258 25011 26200 28439 25988 4661 22119 31856 32294 31357 10816 28947 3314 20538 18919 14791 7458 15628 5770 22733 30335 15850 23642 24680 15827 4545 5785 30364 31136 31581 14836 17973 20242 23181 30996 267 2867 24706 14192 22405 19550 25465 7781 2396 24566 5530 2184 29601 10327 8991 14139 16386 7949 31672 1662 6473 18245 19246 4872 2341 9344 25927 1687 25389 2447 10475 32388 24866 21435 7812 16538 21620 26180 21931 12840 4360 31245 17920 17749 30009 5525 14169 20660 13085 16681 29984 1304 16137 19288 20726 
22 79 92
68 86 25364
15 56 22787
34 99 23642
22 81 93
30 81 6660
34 86 8
33 56 16
30 73 64
10 29 13137
46 89 28871
2 11 39
11 94 770
41 44 32614
25 36 5
47 61 31
31 36 31
2 9 6
64 83 7
11 62 14419
12 33 12077
13 56 12231
15 79 71
56 66 12
22 38 52
46 59 99
5 88 24381
35 44 92
55 94 1406
33 72 1905
8 26 25174
67 100 47
61 74 92
15 89 67
14 32 39
1 8 24994
12 19 59
51 71 79
66 78 19313
24 46 47
16 40 83
30 81 12
51 79 38
44 88 11
54 95 2998
27 37 44
39 71 30
4 65 10
21 32 93
25 58 56
7 18 2
18 47 49
31 53 31532
11 20 21
56 78 7499
26 72 50
28 32 62
8 21 76
11 43 90
45 100 38
9 99 98
45 94 24710
2 3 33
49 51 72
52 55 5129
10 29 5832
39 64 29768
69 94 52
9 60 73
25 66 8399
27 68 80
61 81 32
23 49 43
70 88 76
14 25 29266
11 83 9228
52 54 40
18 90 31
9 55 223
14 59 6
86 98 84
57 64 21339
44 65 89
7 58 49
40 69 45
30 68 26768
70 86 22888
10 55 25122
43 84 36
20 54 17878
36 82 9
67 86 15557
56 63 10
18 68 56
8 94 9961
19 87 95
8 92 13187
7 13 1
61 66 69
53 74 6474
