500 100
3950 17639 14569 334 21970 15968 17622 22974 10268 17392 4377 26465 3119 17411 4665 19762 22377 17297 27172 21239 27080 15530 7284 22644 9297 19283 22512 2270 7858 7312 31062 25234 24614 21442 11096 26375 8089 23091 18404 1793 20237 19696 24232 7944 30268 31959 1238 6169 8318 13552 21028 155 25070 15105 12056 12692 14280 15964 22658 21533 18454 10492 15434 23316 17548 1744 4971 17680 29872 30551 23872 15002 11070 23917 8191 23706 10954 16741 4739 22287 15783 6487 4942 3075 1288 27579 4302 27327 17253 55 18143 18235 9760 4790 30098 17880 21097 15546 29996 12113 14687 2291 19314 16623 30583 25872 9764 19709 17186 26069 24264 16252 11946 4462 27560 23320 16733 9219 25118 16986 11246 652 28175 8478 7192 20455 25270 2632 29572 22567 18595 23987 26093 17968 3331 19050 17026 22401 13857 16667 27788 592 16685 27336 18256 16860 3389 30656 6455 31999 30609 23246 10796 15106 3355 17584 8518 6838 30014 29642 26023 16320 31191 11292 1700 10805 20602 27506 28454 11367 2302 11738 26703 29438 17723 22107 12129 21322 7698 4068 8924 21463 22958 14979 19175 9026 22282 14551 16625 29004 21171 12744 15000 24109 26832 6773 15306 29739 30815 7278 13354 24426 19393 11300 2997 22534 10873 25502 25253 29279 14385 30061 2197 18868 17661 19425 28391 14580 29412 10365 6755 5584 21661 22441 22560 8725 27030 19623 14760 10041 6971 14792 7255 28723 8052 30944 16388 5520 25711 22519 12516 20420 27041 7745 2218 17342 10759 23889 19187 32191 31666 25225 24802 3691 2178 23765 30727 32289 17458 2713 18566 2696 916 999 1653 25194 6430 29942 645 21446 6822 23759 15845 8224 13418 9290 30051 27420 11603 8505 26581 30539 123 23011 23479 9541 12268 7348 10261 26872 13483 16434 17580 10559 12277 7987 9548 15799 16840 9549 25728 32462 10405 32655 369 7196 3733 17774 13576 11511 10090 11778 8787 12097 1095 9587 26154 26757 16482 22190 18962 23874 27401 32092 7777 21127 21219 5140 32675 3520 5753 13007 2877 18128 7668 12701 18256 96 25128 25495 16864 14966 9426 32277 11062 13129 32286 33 28546 10836 25453 11819 5061 22953 2900 30206 23022 6536 21224 20210 28739 25136 2105 27235 12291 8181 15900 18531 12106 3475 3374 1196 10804 2242 26133 28632 1861 5386 22793 18645 31497 217 30356 10899 3831 24787 11669 511 3995 21865 19083 8245 9717 20141 31760 15601 8220 16996 164 32071 11558 2141 25004 21141 4172 20738 24506 17845 3914 27181 29711 631 8197 17981 2911 14158 6512 31080 24020 7497 27568 8531 2133 15429 9087 27359 19207 16226 15566 10822 4372 28083 2222 14696 9644 6970 10864 4191 14922 9747 28683 19545 8761 21487 2495 6311 26454 9156 25848 11793 7191 26563 11893 23661 3788 15243 16297 21104 16933 10908 31586 6083 20213 6926 23976 27993 4917 20611 17128 2049 21068 7002 10834 22839 10894 2085 30591 23104 1026 9053 30551 3446 23656 9557 11314 10720 5242 6765 9533 9477 8819 23432 25888 3842 19918 27328 7133 29915 22608 2136 
131 331 5
337 411 85
1 91 42
314 336 47
258 383 14676
109 249 62
72 467 9777
313 364 31905
231 397 25154
132 168 28
432 449 77
193 429 13
6 163 21
103 149 13847
116 208 33
104 304 86
398 449 15540
129 238 32
177 494 52
76 385 19
15 262 11474
8 289 19849
227 312 16
61 420 13871
97 328 91
239 311 31371
112 181 17
410 491 21678
10 268 13881
384 472 14
133 333 6414
188 282 28
407 417 99
145 364 27663
73 107 8098
122 390 16
426 426 48
1 283 29004
380 465 12683
293 375 78
30 306 21
100 500 46
43 140 45
208 218 78
37 364 49
72 396 61
99 380 207
6 431 3987
191 284 47
44 424 24202
121 366 7812
292 365 15125
367 456 91
137 449 11
83 84 10306
128 463 40
146 445 34
76 447 33
139 396 50
38 321 32263
126 451 15446
223 319 96
176 287 96
82 431 20338
44 140 34
86 115 22
92 171 75
409 463 27450
142 206 18949
118 151 20907
2 181 62
145 427 11259
175 446 36
316 380 33
18 81 35
4 363 24
233 347 38
228 498 48
135 305 22982
320 350 37
131 132 90
331 367 11946
219 353 46
218 487 43
120 428 21716
42 91 43
87 251 6
62 137 51
343 349 18
348 379 57
307 359 56
374 434 7010
246 469 18115
363 376 60
201 306 380
301 313 61
370 456 28066
298 424 23246
18 69 9
309 321 20644
