1000 200
4195 4570 10894 2842 9131 15561 21680 36 3454 15039 26052 29768 25135 13202 30677 9399 2110 22933 636 16117 31275 29721 19284 24450 23176 29491 15021 25530 3666 28864 26757 4858 20865 17063 30132 25348 31198 606 1382 23461 23573 11696 27342 23957 1803 17597 24345 20638 18801 2370 21409 32000 13722 17178 13412 5141 6025 11781 11956 11313 4431 29865 20528 13260 20884 23766 4594 8163 6259 2318 9226 22939 32395 29509 3371 12072 12882 1253 29349 19437 8109 28693 7315 31716 13758 11835 2646 15937 16125 18367 11074 27474 32651 18707 3990 29098 3523 2288 9650 28286 6417 9186 22404 9551 4871 20742 7236 6857 28333 29714 21089 22252 27161 4247 30139 4713 5696 643 1554 21327 4364 8170 12734 15590 9647 10246 6305 5851 18230 9084 15195 20382 6497 6624 27324 32265 31666 16508 19327 9794 19140 1613 16949 17890 19422 8527 23423 27479 30408 251 1152 23687 4573 18957 10130 4277 21602 16266 312 425 790 15618 16725 6155 15114 9746 19611 14097 24243 28462 12869 11098 22846 9117 10761 281 11299 3269 11848 1397 31485 24233 1673 30512 2457 3504 22053 10887 24653 12712 835 9306 2699 6666 2567 28813 9141 30592 4103 14254 9779 16036 19455 22488 12484 10251 5573 1239 13841 29058 12927 13196 19080 17559 12563 21651 1127 26204 27359 8740 8727 5223 31915 1335 27324 13085 19419 21996 32010 12593 27625 31529 90 17511 30739 11653 27645 25502 13649 24933 22736 8717 4234 7268 4368 20429 19719 14841 21104 919 30504 25428 30313 29136 28502 16008 29906 13506 8504 6383 29872 27181 15146 4298 24399 18942 31211 553 10642 6750 23701 15115 18311 9454 21715 15045 32318 4433 18254 168 2012 18668 28776 11742 15851 18409 301 32405 15860 32642 2182 24160 15440 11644 31920 7129 31035 19697 30957 32652 3114 1107 890 18960 31071 13486 28608 23927 17850 3629 12494 5609 31954 19936 12295 5515 23876 2236 31768 1957 8011 10212 25646 7941 2449 31271 21349 21406 18501 32457 131 9077 14958 19846 17894 23230 10623 16340 13755 10049 7979 16233 15985 31491 19834 24061 29549 547 15645 6737 19968 12290 13823 30320 31382 10150 5660 17204 1584 865 2710 17677 20 16301 24325 5630 25538 19803 22287 26856 24363 3821 17978 4619 18718 17728 23037 30922 23555 12142 18973 22190 2251 25074 25399 26542 30247 6413 8088 28590 32760 2665 16981 14661 19207 31229 10393 29123 16631 5680 17721 1651 2168 24385 31374 26397 19901 7654 18051 20943 28463 11571 29933 3037 25187 7102 19483 11303 25929 26625 26542 23194 20391 23551 13739 10490 6342 19499 18895 26846 25964 15749 31523 8956 12809 14086 32720 5030 27957 16958 31539 20629 5722 24380 12852 31718 13486 28590 22996 10338 14949 23881 13318 21250 10276 32619 28352 5554 1208 1023 31057 30550 32008 24482 17397 32011 16456 2307 7591 24751 27760 912 9270 4259 7917 32079 31387 23759 32150 1033 14730 29927 19425 5550 20039 7149 24663 4085 15291 13560 3653 17219 29127 3379 22453 11470 11992 1832 31644 7170 8124 2879 13397 18212 12724 24961 14926 4917 19146 22690 24322 4889 23652 24127 21543 504 1050 27748 29480 15589 11973 28753 6357 32701 29144 3710 26970 26962 3828 26588 4205 2761 21942 17502 20940 1601 22484 18104 32231 182 9064 3431 7897 27428 30603 25841 29085 26351 10022 28526 32639 18818 7685 25927 27600 822 15405 21310 18910 28022 31600 31150 3876 17442 4926 12564 30141 20016 3774 30671 25375 31129 2333 3364 9989 28275 1063 15749 9901 23898 3348 17427 18500 3349 9124 25953 12959 27511 5998 10107 13611 9602 20340 19239 27687 2771 12284 27242 29968 16442 4763 24654 18269 1448 1171 24035 1389 4942 16223 20612 22974 20995 3979 32091 13407 29414 7625 30248 31912 10821 20034 19261 2856 4542 10794 7885 32735 30116 1943 32103 18605 4517 25491 8126 27659 169 8815 31147 27641 25596 10843 14965 21815 1456 3124 8783 20152 31293 11933 20770 15700 1387 12113 29325 20413 18034 28344 27435 1716 28511 31160 27412 3453 3001 17869 2470 30352 6757 29532 20101 12433 32455 2628 19424 18306 3370 25783 11766 17976 13922 15432 25561 19467 5807 3396 17778 10962 27621 17478 23238 8463 14026 27142 10359 1126 3008 16754 9614 28756 22180 3072 15991 19741 5621 26690 2381 17158 20793 32443 3929 28101 20124 28913 20437 25654 19419 16067 24565 26703 15968 5629 19496 21334 24239 16426 7835 4689 768 8873 12030 18111 3373 1283 8076 24453 28623 4476 11077 15915 3748 17384 10622 15432 32309 15040 27292 9531 26293 7797 21021 30748 3627 4868 20952 1523 19924 26571 10885 16423 30402 31131 5503 19257 27082 31502 15305 10673 26269 5915 7759 4953 22069 8679 21359 19626 5235 19422 15800 4740 32006 2819 8178 28194 16270 11908 12894 1356 16129 20626 7487 15054 78 6767 31896 13098 27713 3785 20792 4490 26791 20038 756 248 3250 2656 22580 24017 29855 6771 1713 4983 30869 26388 16764 583 19153 8101 26691 459 16640 28198 15312 21296 19692 7502 15314 6138 26715 25819 4576 8438 30772 20518 11707 10608 27364 29434 30419 21159 5632 24742 14093 29566 5932 6481 8900 4212 15419 24974 8718 4054 13976 14385 16192 32308 7652 24160 24244 30481 1504 9709 9161 1502 11150 31203 10028 4906 32147 21854 25174 12819 992 7328 29782 25088 27281 3170 9169 6290 13333 13160 16967 10199 22160 10840 21655 21697 18557 32204 9414 12759 16536 32422 8444 4651 11515 27812 11215 10380 9607 12084 16836 9980 23941 4233 6163 29285 22669 12014 6315 16007 26279 6234 24438 9781 11185 17477 7390 5057 13825 24507 400 3509 26699 8111 6016 15299 15044 3473 11309 14335 6023 547 12326 76 22072 17032 12237 7188 6888 29597 18779 19005 7225 22413 17444 19288 5315 2464 11549 7195 25526 11348 7323 13329 8384 15791 2397 7312 10033 1491 19661 29676 23645 21459 15491 12522 13633 31941 32011 14967 16234 20761 29160 10138 12563 31785 28376 15272 17550 528 3674 29367 25317 20416 20846 12884 25024 4431 27804 29305 22665 17042 26167 29369 20687 11757 27107 20414 21992 
37 817 3
903 986 1
635 845 57
654 775 41
177 270 83
76 327 10
268 941 9638
111 705 10101
692 947 2562
250 682 19902
236 265 26478
82 251 32464
111 373 29
53 494 22
19 645 24489
669 822 67
5 686 84
335 776 15
203 822 25619
843 967 32
729 851 38
508 968 46
180 322 22434
808 885 52
301 973 13973
121 321 12008
236 640 14993
945 993 18
201 925 13
747 971 42
664 707 35
229 549 17998
299 377 41
216 982 5
98 428 15
140 381 78
114 890 71
713 968 19693
248 390 94
78 679 73
360 705 68
575 725 1745
526 641 9271
197 807 52
677 831 9956
415 918 24501
730 822 13
83 970 31
252 381 37
175 675 94
272 438 15
694 934 72
35 852 19856
799 955 52
649 737 64
265 848 17243
150 605 28334
82 663 18362
40 981 5
147 366 13117
33 611 23
504 543 23
372 757 93
638 932 100
334 890 5813
140 390 86
514 865 67
622 645 32092
311 854 16
98 99 74
749 908 75
98 606 1515
30 523 14003
254 676 86
710 842 34
124 790 49
227 629 29
78 135 53
422 904 29
123 232 20
99 408 31
47 349 37
551 708 5
107 626 100
12 763 9724
635 650 13459
34 953 4
224 715 67
280 458 22963
397 698 65
335 606 18
358 831 37
26 902 15470
354 900 82
616 982 24
584 848 91
127 483 11333
500 646 21152
320 597 79
511 652 7
259 322 19602
513 703 60
816 865 80
623 835 86
28 490 14
347 739 14063
26 276 65
629 928 32747
89 91 26162
858 897 54
111 291 7134
103 258 94
88 572 14
832 876 86
304 549 88
497 891 9
293 529 24
757 810 76
240 874 84
580 856 80
18 851 27045
280 938 93
406 644 232
226 237 1033
170 225 1
40 563 24793
711 714 63
193 971 428
72 946 17219
736 809 11
149 409 16
417 591 83
1 897 45
299 469 59
62 529 30243
96 417 16341
379 390 87
286 515 20985
411 887 30
693 968 18735
762 827 25372
188 963 26344
527 597 19764
37 830 9
742 765 8938
672 914 15
5 831 23764
385 471 56
491 720 5338
187 907 1841
125 827 70
228 870 42
106 390 28
252 895 53
130 563 2847
655 713 35
180 439 2
76 746 20998
742 980 8
399 863 69
126 898 19885
410 579 71
107 307 30347
288 476 8
133 560 14494
105 710 10
359 909 22595
394 741 23574
79 180 37
813 988 1793
802 850 27
119 910 16271
503 996 76
442 528 31
96 812 83
551 590 24
472 688 51
145 844 66
219 871 97
236 631 67
218 835 16
366 533 99
732 880 10496
298 661 9
259 309 16464
66 313 19
308 747 30563
245 385 25930
805 980 7088
740 971 3
125 244 28294
4 754 39
303 973 49
91 654 12072
405 957 34
520 941 10
575 576 1831
516 872 91
349 474 36
165 886 7
