1000 500
4496 10383 15998 21211 7799 16372 13113 25639 15192 6473 12445 1053 30296 28136 7972 31639 11766 14117 5222 17699 157 12175 24392 14433 23161 31091 9328 1197 5515 3746 7932 16126 24568 23924 22899 1806 23719 14093 29435 1980 12810 29407 17613 22190 31548 27504 31719 30522 20301 14430 31488 1159 21210 18848 6337 18159 2016 18446 3634 14504 20433 24356 10611 15780 21480 21507 6316 4789 18362 3512 24902 14325 14863 29377 22364 23141 26607 16333 10604 212 17920 15300 21587 3 13327 27911 4984 31238 3820 13305 8519 27885 5243 28350 23521 5284 19976 2627 8721 9240 29915 9342 31875 6555 1292 9207 26416 12938 29337 26759 20253 16941 13494 31071 6213 28638 7012 21581 16339 8302 9029 16955 28309 3780 15279 21753 4014 22471 13055 29244 16267 32127 15664 4070 10008 9590 18604 1415 5939 5733 5473 5924 30817 14604 16920 7480 25279 8290 17410 28153 29244 23790 31892 27612 11014 8053 24981 23899 578 28373 27510 29174 24320 30001 15841 6264 10094 10318 16020 2683 11851 20797 3696 12590 5279 14139 6349 18262 29610 29141 11537 23699 25370 9808 22145 7653 12161 13383 26199 1902 21765 5526 25620 25466 4698 30071 22551 15036 10221 17131 9327 6618 5986 16988 24558 20525 30529 25216 26494 3010 12012 22656 6584 30372 11989 18266 28851 14685 30957 30340 28186 1722 3424 23506 3458 5327 3967 31897 12538 10043 14077 27157 15331 3757 24927 23816 20482 16807 22446 13476 24787 29314 7279 23723 4384 18099 21973 24277 3795 4940 10292 9074 24841 17094 5305 9552 23655 18429 12377 7391 12721 17020 18183 26259 19096 14331 16170 10378 26836 1830 20814 31599 15219 30624 26649 6814 24177 2888 15489 24456 30856 29883 573 3161 27465 22298 14457 10713 18796 13069 29390 31888 1893 9479 11889 21806 6712 22732 1963 16426 30861 22065 25481 22696 12807 2851 25044 17056 4306 14059 11075 4157 31099 6832 28656 5763 32005 4926 10761 30005 20793 6 30920 22006 9021 7013 10149 9902 30824 10281 13770 21295 4437 6225 29127 16921 822 4372 32135 6394 31595 28709 20098 3002 24916 13878 32309 15159 19043 31419 32463 26412 29813 19696 2094 30551 14946 9757 20745 8155 14034 20760 26735 9443 2387 27404 17264 392 29097 24954 21274 30197 13669 4477 13991 16584 954 27730 24052 1980 19339 17687 12341 13189 14280 11219 2792 17148 17915 31159 11527 22908 11038 29348 25218 3212 31408 8173 1004 13502 17416 18525 7796 17879 6632 10620 22552 29231 14421 22030 25621 7515 15526 24029 7074 25098 9180 8888 3805 12077 817 32444 8710 16475 12020 8146 2795 30067 17299 15481 17059 19843 17658 1478 16255 2280 18459 31400 2878 14007 23246 113 2432 12636 7644 25746 638 20097 17750 11174 17911 17970 29484 20915 31342 5438 8186 24492 27794 24288 1573 31290 29438 4510 17191 19899 14882 21362 8999 31628 3201 31016 19149 27779 27422 3335 13140 11456 2608 10419 11489 13478 1565 9810 23315 17188 25766 27886 24539 11577 13919 23578 10382 18103 27747 6873 4408 18503 13893 19899 21044 22189 31818 30793 27641 3917 18901 3491 1335 15854 15394 29800 28451 8127 18743 470 17422 22423 29464 12339 21565 30593 15163 5227 21749 17272 27195 22266 1493 4463 32720 13324 16489 27285 24319 18147 9723 20950 2702 9338 24492 21413 1467 2408 9412 17145 11566 7942 31559 18325 7211 7124 26313 8589 29196 17177 31106 17926 3055 1994 31653 14653 1708 22189 7406 18891 7434 19390 25722 4391 13874 22226 21212 23916 14435 4986 27245 26716 29672 22570 4579 32677 14919 16539 1318 612 30140 14189 18527 22504 21733 17169 20817 17336 24255 6630 23276 15063 721 16802 5919 7750 31143 15860 13039 32459 2434 4712 24774 19953 846 7050 23821 8272 3028 846 8444 25870 1329 21679 14257 13990 11399 29335 27008 10472 16370 30207 12683 14402 16574 14167 12690 15933 9687 1832 6156 3914 4736 23032 11382 9663 25928 27502 30187 32285 13114 7350 12277 2196 853 4647 419 21449 24124 21539 10971 21718 1582 30527 7154 28818 27447 4004 11130 10772 12200 29622 24155 6770 20678 4595 30246 5582 18367 24093 14757 8596 14050 6555 11191 8189 30478 31517 9306 21720 6507 31103 10 10121 12633 15856 22858 18002 31398 339 128 3793 12292 22757 9733 24522 9658 13856 27261 14375 31897 7648 18788 18237 306 23237 4586 21073 2886 11992 25089 4955 29054 18545 22452 29961 25948 32344 27834 20487 19314 5930 12363 3454 25554 8190 21298 21211 22213 5705 14884 6865 31168 26879 2640 24481 24723 5371 25655 15001 3812 24737 16574 7386 24028 31426 9345 1375 27168 191 7531 22587 7683 12274 16004 15138 11258 17993 3593 6955 3408 22068 6594 16340 22810 4546 9616 3911 1902 20743 10310 26588 29904 22464 2745 13022 14829 7738 23835 5266 11148 8559 30340 23925 5825 32370 13010 8390 3427 23822 17075 5188 22209 28074 16896 7481 22673 32368 2125 11959 3113 27567 26558 23842 21490 28541 19996 19182 17689 5280 31783 21162 14727 20655 18222 4670 15892 2420 6366 15217 12535 2453 8536 19886 9345 10355 28550 7431 23052 10579 25518 19066 26926 5564 12359 4467 26418 5919 23820 3731 8904 5054 80 25520 18427 4806 8849 23837 100 11198 79 31787 25501 1317 7710 2799 19449 9815 25339 7494 25458 8369 11484 8983 31971 21493 5003 28632 3448 20976 19891 23380 23138 9562 27707 24491 11983 32765 24532 22682 11801 5146 31950 18428 5693 7432 28976 17297 1680 23326 24839 28671 7853 1747 7422 11542 2482 32548 10031 22360 18860 14134 31289 17081 22351 10045 18067 21155 27115 17564 6688 21309 31643 17742 9731 30701 24000 12932 5812 8988 29101 3727 12883 23353 22948 4609 12605 4352 13826 17423 1246 6908 17078 29242 198 2634 26871 19247 6654 15521 6455 8427 12444 20367 338 5666 6037 22789 29452 15074 20179 2326 3770 23668 9095 6396 1599 3203 10945 11100 3130 9087 19006 459 17278 16964 17280 11152 17091 5879 29988 4523 155 26929 18033 1047 15271 12640 28973 11341 13066 16234 7604 2313 17182 13459 1355 22352 14950 21664 3761 3250 31428 29244 
125 391 31388
522 770 25695
311 796 64
94 389 82
130 931 7
260 328 23220
333 398 23713
115 781 98
410 810 49
74 944 24877
361 420 29382
674 676 86
65 429 43
488 694 73
941 960 58
245 375 21693
51 927 21844
9 931 82
476 909 48
261 466 22878
277 639 76
455 700 17441
418 782 95
43 780 40
893 943 582
30 538 38
252 626 5018
358 794 54
547 875 8395
72 538 13051
183 220 5836
183 986 57
189 374 29
2 901 5
569 907 9199
161 646 84
543 679 76
164 976 68
597 803 17
796 870 94
401 782 1
428 933 15882
415 932 15853
713 956 3
379 704 27078
9 745 92
341 759 23257
808 841 8
399 665 40
453 857 39
302 772 16858
698 824 1318
429 686 51
692 790 59
101 502 29
433 598 22
280 389 32
209 396 78
217 513 15
75 171 74
767 922 61
306 395 5008
150 268 29
127 390 98
44 995 14858
682 838 44
92 248 12
677 692 15
160 964 29
329 482 4585
381 396 1
631 826 22602
547 924 14
367 911 12244
266 844 53
859 976 25
537 923 63
293 639 100
548 854 13344
717 743 67
132 848 84
500 858 1896
48 921 13965
851 992 23
521 632 55
682 686 38
96 98 30848
471 847 12697
598 630 72
403 485 25650
164 633 61
724 822 23698
483 896 8420
466 604 18515
349 896 47
94 609 68
728 947 1
651 836 92
86 340 42
818 926 43
123 143 92
405 843 11654
690 902 22138
141 241 24988
413 472 8112
82 565 80
145 726 29490
87 175 52
668 992 10621
698 898 49
331 433 97
177 524 19604
160 757 29905
180 784 8106
204 898 77
100 238 57
20 809 16
706 985 9526
49 424 24
198 597 1
329 985 60
380 454 15136
371 738 65
187 210 60
62 692 25500
18 348 18
444 939 26302
239 672 63
88 411 13
22 661 5301
405 593 96
529 822 99
154 754 26355
26 304 25
198 680 4
644 678 50
227 695 20087
385 503 4
548 811 35
344 719 9816
669 742 27011
120 739 87
546 676 54
85 167 12918
653 792 3424
23 752 3418
131 374 17002
728 855 21
423 680 22
162 939 75
471 767 64
429 912 30
52 65 15086
436 885 19
348 584 33
30 647 27
151 929 5490
725 974 2
313 318 98
233 484 87
22 757 14954
570 725 87
362 957 52
83 216 12185
554 995 1375
741 966 7880
662 700 40
17 907 21
351 493 96
609 733 1
122 482 29802
553 566 17
77 666 23
519 616 28829
565 703 27493
93 132 8
211 312 67
2 135 14
447 690 49
595 935 45
26 517 65
539 706 33
111 874 46
718 887 20
471 736 8
711 752 83
313 910 7
190 613 2362
88 762 2148
276 441 16
255 998 79
20 981 36
119 120 48
38 625 31598
161 726 8280
592 644 100
213 239 81
447 507 37
363 480 16120
766 997 38
272 877 3997
95 564 51
358 513 94
457 619 16055
597 788 17384
650 887 93
520 650 84
599 669 8
202 981 32659
17 448 44
368 664 29756
27 959 22098
131 977 68
325 909 16
2 439 17277
8 228 3
637 673 52
187 488 75
714 840 61
604 748 35
358 973 99
529 542 19742
718 723 16085
403 544 11
99 584 50
220 450 16749
232 501 19326
65 979 17708
7 873 91
93 161 43
237 814 85
188 372 227
361 738 15
324 394 7
495 626 87
327 720 62
670 700 581
393 784 16394
523 666 21273
192 301 17
762 927 32057
117 754 19190
62 391 32
244 893 3945
174 658 93
118 832 10440
135 737 97
475 870 9843
124 568 29309
197 871 32281
907 975 36
510 764 76
76 943 31135
35 835 97
758 773 24
213 918 78
63 236 90
289 674 11226
459 893 61
255 579 15177
48 283 10835
33 688 81
723 757 43
243 649 16694
220 739 74
572 593 15
45 107 89
61 387 30538
200 760 3776
165 537 16
328 494 7630
382 935 13566
46 259 51
381 390 602
386 742 53
107 522 52
466 511 27695
100 171 13789
292 785 3945
294 517 26476
331 516 34
556 967 80
28 213 9841
78 837 32087
282 894 44
881 882 98
823 892 36
739 998 70
509 917 32255
460 962 44
83 391 28
78 943 4338
196 640 67
320 682 37
473 690 31771
82 324 28501
10 984 30798
14 102 28
56 173 40
208 647 15
19 633 92
591 708 11307
648 917 33
336 513 57
293 698 66
121 156 18730
146 943 59
11 797 1852
118 155 98
38 810 80
319 695 67
104 411 66
181 627 18221
118 571 91
180 481 50
10 910 11130
114 954 55
473 621 59
433 592 1297
530 811 51
259 764 37
516 643 19
118 548 7133
738 981 30761
213 909 81
77 131 89
475 891 30539
192 789 81
21 910 6211
473 743 8058
272 577 5316
718 735 24593
263 679 23053
320 685 10751
406 812 15088
213 760 3089
768 779 63
766 966 4456
623 744 90
774 780 45
121 630 7594
805 984 59
147 572 2634
105 769 12
613 691 60
938 970 396
12 324 36
11 393 28843
18 938 22
110 706 97
154 340 13215
298 597 57
459 663 60
44 546 67
915 974 3319
72 735 8941
604 851 67
478 511 91
76 505 6456
683 815 3
699 870 73
245 566 22425
301 437 25
210 910 4
300 795 82
304 469 63
227 514 12637
124 209 61
185 284 2928
412 678 30
363 561 90
125 155 10564
418 489 21075
562 951 11
34 652 22
687 776 48
175 191 9
611 754 46
701 899 76
18 229 32488
123 216 70
131 603 26897
320 528 13930
451 524 32520
568 883 83
191 636 10704
474 930 93
13 919 17214
918 948 14
514 710 20090
462 844 29666
346 492 129
385 484 32708
337 746 10
599 866 3538
59 910 16
265 875 73
768 947 28461
251 915 1286
447 598 39
812 977 90
83 611 2
473 551 31
456 645 14107
101 135 12697
503 859 52
225 954 38
90 375 9041
527 962 26
361 579 21
758 888 76
362 501 99
270 443 59
542 726 26005
603 981 50
296 933 5
373 669 64
107 178 30814
500 746 29
228 517 2843
470 612 27351
799 994 1
237 569 74
89 327 22997
183 449 72
378 768 21663
489 734 1
912 969 61
280 760 49
165 314 92
397 592 13
101 652 22
20 447 38
317 875 26286
637 827 90
180 716 7
170 602 52
786 968 1130
128 333 24
482 512 23
294 644 27369
438 540 4
489 785 78
398 968 10
281 827 45
401 662 38
219 283 83
617 688 4278
208 415 18726
31 512 77
195 947 24369
653 933 98
403 734 5064
451 660 1510
149 730 22
164 643 1
26 558 57
102 776 33
122 456 53
644 858 571
675 920 1
130 280 8
355 655 88
117 224 13777
473 830 62
812 884 100
409 798 30473
80 232 33
417 592 14332
138 893 397
301 497 19687
362 566 26
324 654 28929
657 700 20081
216 229 56
223 411 21487
32 990 20
189 811 49
104 226 5
124 191 13440
27 735 61
308 937 30913
597 759 87
366 740 10
613 913 83
355 633 9631
419 533 51
627 802 30178
275 484 55
314 846 1368
216 507 34
158 788 14
113 186 55
187 967 57
675 746 25457
784 901 70
494 531 55
222 632 26
468 815 53
494 969 47
