100 100
2 1
3 1
4 1
5 1
6 4
7 4
8 6
9 3
10 6
11 5
12 8
13 11
14 13
15 9
16 4
17 3
18 12
19 7
20 19
21 4
22 16
23 12
24 12
25 7
26 11
27 3
28 4
29 12
30 1
31 9
32 28
33 14
34 23
35 14
36 35
37 31
38 9
39 11
40 18
41 40
42 38
43 30
44 11
45 43
46 15
47 45
48 41
49 21
50 26
51 22
52 46
53 14
54 14
55 26
56 50
57 16
58 22
59 18
60 30
61 42
62 35
63 37
64 42
65 4
66 50
67 64
68 48
69 12
70 13
71 59
72 53
73 31
74 34
75 35
76 5
77 60
78 28
79 66
80 48
81 40
82 39
83 67
84 80
85 31
86 77
87 68
88 62
89 37
90 5
91 88
92 90
93 70
94 29
95 4
96 31
97 63
98 9
99 96
100 51
97 32 445
43 14 946
100 69 858
1 49 217
77 57 257
27 28 520
88 17 58
7 38 195
46 42 255
56 8 329
53 56 612
98 51 225
95 50 246
52 2 494
21 78 103
29 4 582
49 91 50
58 49 888
53 94 881
59 1 440
39 53 848
51 2 998
75 48 347
72 52 148
18 72 25
20 52 780
1 52 270
51 10 270
90 62 15
70 72 15
61 11 619
8 61 273
5 87 920
3 59 771
50 76 394
26 47 46
5 47 597
26 49 458
47 90 471
61 11 243
75 72 805
94 79 417
18 36 303
37 38 413
8 40 240
53 65 886
98 22 285
47 99 485
4 46 375
27 6 185
69 33 708
73 78 87
89 95 374
43 31 211
8 90 450
47 43 467
85 92 40
21 90 790
5 94 635
31 72 293
68 40 425
75 64 2
13 4 648
38 98 930
49 5 620
50 4 814
68 88 557
59 60 447
49 64 292
35 47 563
79 14 854
55 40 969
8 5 324
55 42 221
85 42 778
56 92 881
21 11 120
77 70 131
23 70 46
66 56 592
80 35 657
33 89 949
53 97 553
76 51 546
97 87 788
26 42 431
58 62 293
29 91 414
59 65 935
4 31 491
96 10 77
4 95 765
52 47 613
56 23 916
54 71 602
93 48 996
75 5 909
67 85 899
33 43 764
67 46 146
