1000 1000
2 1
3 2
4 1
5 3
6 1
7 2
8 6
9 4
10 9
11 5
12 11
13 12
14 5
15 5
16 4
17 5
18 2
19 16
20 7
21 7
22 12
23 17
24 13
25 13
26 18
27 13
28 1
29 22
30 4
31 11
32 27
33 26
34 30
35 6
36 1
37 23
38 9
39 21
40 22
41 35
42 20
43 32
44 33
45 17
46 2
47 29
48 14
49 25
50 27
51 48
52 15
53 2
54 21
55 37
56 5
57 2
58 3
59 17
60 25
61 28
62 46
63 39
64 27
65 59
66 54
67 12
68 52
69 58
70 46
71 29
72 58
73 48
74 41
75 65
76 17
77 28
78 69
79 2
80 28
81 54
82 41
83 3
84 63
85 35
86 4
87 61
88 72
89 67
90 72
91 28
92 50
93 51
94 12
95 60
96 56
97 84
98 80
99 68
100 93
101 18
102 54
103 61
104 39
105 70
106 25
107 16
108 98
109 41
110 50
111 96
112 41
113 11
114 28
115 43
116 15
117 36
118 1
119 112
120 63
121 19
122 56
123 5
124 75
125 25
126 93
127 24
128 44
129 88
130 21
131 72
132 19
133 23
134 80
135 127
136 106
137 131
138 49
139 72
140 94
141 78
142 80
143 109
144 9
145 9
146 34
147 91
148 92
149 1
150 1
151 3
152 92
153 61
154 141
155 20
156 61
157 138
158 65
159 158
160 10
161 4
162 95
163 145
164 39
165 39
166 20
167 40
168 157
169 28
170 99
171 95
172 39
173 9
174 140
175 16
176 167
177 158
178 88
179 25
180 85
181 68
182 19
183 117
184 147
185 133
186 169
187 104
188 41
189 156
190 44
191 12
192 28
193 105
194 150
195 54
196 46
197 110
198 54
199 107
200 152
201 28
202 16
203 95
204 2
205 149
206 13
207 47
208 194
209 176
210 202
211 96
212 54
213 44
214 205
215 152
216 126
217 203
218 37
219 68
220 27
221 7
222 124
223 45
224 34
225 197
226 56
227 55
228 132
229 93
230 98
231 99
232 123
233 115
234 84
235 222
236 12
237 163
238 194
239 1
240 150
241 176
242 43
243 201
244 104
245 159
246 207
247 15
248 106
249 35
250 58
251 168
252 31
253 198
254 119
255 155
256 251
257 32
258 214
259 62
260 174
261 133
262 114
263 56
264 215
265 88
266 170
267 151
268 153
269 106
270 94
271 193
272 151
273 216
274 144
275 42
276 180
277 187
278 53
279 134
280 176
281 5
282 85
283 235
284 122
285 126
286 129
287 82
288 160
289 57
290 13
291 97
292 78
293 260
294 169
295 117
296 268
297 58
298 277
299 83
300 203
301 104
302 230
303 51
304 158
305 94
306 78
307 277
308 142
309 219
310 247
311 247
312 264
313 301
314 229
315 31
316 101
317 297
318 195
319 23
320 123
321 274
322 316
323 7
324 230
325 38
326 248
327 297
328 38
329 282
330 202
331 41
332 259
333 84
334 2
335 15
336 243
337 113
338 182
339 307
340 4
341 61
342 233
343 274
344 303
345 16
346 96
347 217
348 31
349 277
350 99
351 13
352 60
353 103
354 9
355 310
356 330
357 88
358 144
359 184
360 169
361 35
362 307
363 237
364 54
365 144
366 56
367 225
368 281
369 150
370 40
371 145
372 337
373 216
374 52
375 138
376 306
377 205
378 210
379 10
380 124
381 288
382 89
383 374
384 271
385 151
386 137
387 29
388 235
389 26
390 387
391 310
392 158
393 123
394 340
395 357
396 250
397 172
398 325
399 298
400 347
401 264
402 11
403 182
404 196
405 143
406 38
407 119
408 82
409 279
410 332
411 385
412 148
413 136
414 81
415 360
416 395
417 350
418 166
419 309
420 112
421 94
422 297
423 200
424 414
425 113
426 134
427 129
428 291
429 34
430 23
431 101
432 238
433 64
434 201
435 413
436 420
437 161
438 128
439 233
440 110
441 201
442 428
443 70
444 407
445 179
446 181
447 149
448 272
449 97
450 423
451 219
452 195
453 10
454 240
455 235
456 56
457 415
458 391
459 131
460 93
461 268
462 358
463 437
464 198
465 403
466 30
467 281
468 233
469 302
470 43
471 284
472 401
473 27
474 55
475 73
476 419
477 324
478 321
479 93
480 17
481 135
482 324
483 410
484 282
485 133
486 283
487 343
488 125
489 352
490 351
491 387
492 164
493 486
494 175
495 178
496 338
497 191
498 60
499 1
500 303
501 138
502 500
503 330
504 459
505 271
506 186
507 33
508 408
509 395
510 53
511 439
512 211
513 384
514 176
515 233
516 89
517 42
518 495
519 368
520 32
521 50
522 303
523 369
524 155
525 4
526 501
527 261
528 161
529 140
530 368
531 187
532 482
533 373
534 412
535 333
536 265
537 324
538 298
539 180
540 113
541 386
542 28
543 86
544 543
545 38
546 344
547 230
548 510
549 231
550 521
551 75
552 462
553 330
554 446
555 233
556 408
557 394
558 83
559 6
560 1
561 358
562 455
563 50
564 119
565 352
566 359
567 420
568 92
569 239
570 194
571 220
572 417
573 319
574 386
575 355
576 8
577 223
578 566
579 489
580 310
581 522
582 108
583 160
584 335
585 119
586 482
587 467
588 451
589 388
590 558
591 73
592 47
593 21
594 347
595 57
596 255
597 424
598 568
599 584
600 468
601 213
602 526
603 594
604 158
605 478
606 507
607 462
608 468
609 179
610 72
611 454
612 524
613 427
614 377
615 296
616 517
617 145
618 357
619 362
620 444
621 535
622 375
623 163
624 610
625 8
626 478
627 265
628 449
629 136
630 394
631 452
632 502
633 405
634 575
635 362
636 30
637 184
638 305
639 543
640 78
641 492
642 18
643 437
644 226
645 550
646 305
647 231
648 200
649 45
650 152
651 314
652 370
653 98
654 8
655 491
656 170
657 420
658 546
659 193
660 304
661 191
662 240
663 173
664 559
665 619
666 382
667 556
668 665
669 628
670 75
671 245
672 263
673 427
674 44
675 664
676 378
677 548
678 395
679 424
680 478
681 434
682 180
683 134
684 52
685 633
686 457
687 471
688 566
689 541
690 325
691 102
692 158
693 543
694 263
695 35
696 280
697 286
698 276
699 553
700 636
701 363
702 281
703 205
704 60
705 204
706 42
707 183
708 695
709 237
710 298
711 555
712 548
713 65
714 436
715 159
716 638
717 642
718 316
719 262
720 483
721 388
722 598
723 631
724 415
725 550
726 74
727 64
728 598
729 77
730 25
731 88
732 442
733 641
734 131
735 714
736 31
737 217
738 99
739 734
740 496
741 578
742 471
743 612
744 626
745 280
746 340
747 311
748 301
749 637
750 56
751 443
752 345
753 160
754 670
755 753
756 360
757 553
758 55
759 729
760 398
761 414
762 588
763 28
764 229
765 742
766 506
767 731
768 115
769 195
770 752
771 408
772 194
773 418
774 103
775 414
776 217
777 761
778 689
779 155
780 126
781 556
782 175
783 306
784 404
785 95
786 692
787 670
788 476
789 398
790 105
791 229
792 588
793 132
794 140
795 554
796 370
797 122
798 93
799 257
800 700
801 373
802 311
803 492
804 12
805 519
806 710
807 688
808 786
809 556
810 691
811 778
812 658
813 482
814 642
815 172
816 473
817 555
818 453
819 200
820 600
821 669
822 74
823 62
824 117
825 206
826 682
827 330
828 601
829 536
830 63
831 305
832 667
833 274
834 99
835 468
836 517
837 342
838 173
839 401
840 211
841 194
842 302
843 60
844 810
845 698
846 150
847 638
848 437
849 149
850 25
851 256
852 653
853 6
854 13
855 710
856 304
857 470
858 625
859 658
860 7
861 473
862 515
863 737
864 64
865 661
866 471
867 696
868 195
869 14
870 756
871 295
872 66
873 526
874 719
875 763
876 43
877 182
878 821
879 467
880 557
881 872
882 655
883 627
884 607
885 330
886 276
887 828
888 670
889 77
890 757
891 304
892 184
893 681
894 480
895 813
896 358
897 662
898 589
899 249
900 292
901 780
902 260
903 715
904 608
905 330
906 757
907 664
908 683
909 518
910 430
911 337
912 183
913 395
914 660
915 66
916 765
917 692
918 262
919 177
920 433
921 298
922 433
923 12
924 490
925 1
926 150
927 596
928 780
929 624
930 45
931 159
932 474
933 895
934 574
935 177
936 291
937 902
938 862
939 249
940 517
941 771
942 715
943 868
944 754
945 773
946 570
947 677
948 828
949 6
950 620
951 718
952 488
953 432
954 643
955 509
956 431
957 949
958 203
959 426
960 400
961 930
962 877
963 442
964 187
965 196
966 336
967 719
968 374
969 686
970 493
971 818
972 371
973 235
974 565
975 317
976 159
977 744
978 201
979 879
980 198
981 907
982 221
983 874
984 803
985 335
986 178
987 893
988 189
989 788
990 780
991 766
992 460
993 221
994 828
995 678
996 667
997 678
998 875
999 500
1000 813
171 196 4279
189 511 4195
300 942 6647
458 103 7013
183 530 7322
429 517 8518
195 728 8768
792 180 5980
706 943 3343
268 545 6399
842 67 2594
120 607 4104
666 906 5397
664 363 3851
28 898 6380
349 326 6897
219 873 2976
986 664 8156
318 370 9450
660 989 346
58 182 764
3 654 1723
458 319 628
207 983 3343
57 10 6592
437 711 7917
333 281 141
660 266 2805
167 935 7526
617 595 2514
314 4 1047
78 7 4700
800 816 371
779 22 4705
473 79 1066
64 515 6776
333 199 9408
473 858 5026
629 25 5960
154 993 5554
19 306 6558
66 383 7916
765 182 3731
487 313 5753
191 785 4183
257 201 2697
384 533 7247
792 357 8104
817 986 2480
776 139 3472
682 510 7778
591 575 6160
506 691 6694
588 178 6
340 368 2142
874 976 3342
922 360 4226
168 151 8583
272 319 1920
103 446 9058
575 127 1567
352 717 493
863 574 4184
556 162 5713
913 853 3432
407 727 8408
748 648 3767
326 816 5269
260 439 7939
179 541 1384
236 115 3863
155 818 5579
647 681 7153
182 588 8666
894 853 9518
326 259 6596
85 358 6244
203 35 8411
471 294 1201
761 472 741
144 60 3208
6 214 6377
937 212 6409
441 394 9997
106 639 9849
975 316 4459
571 400 7168
166 602 2203
576 424 4496
776 184 5968
868 680 2027
427 37 592
156 325 5803
564 765 4548
912 222 2539
112 197 6854
570 119 8606
738 284 5207
940 211 983
787 338 7518
754 557 2549
132 984 3586
723 491 8910
878 54 2027
777 966 5248
667 77 796
521 999 8914
478 88 2197
36 27 5407
18 165 9744
888 919 2301
436 402 2636
21 477 3478
283 706 8531
309 482 6848
556 149 8277
352 21 7275
265 498 7362
814 533 740
572 903 1904
668 790 3174
320 225 6576
955 598 5404
784 880 9109
314 188 4942
514 743 5442
790 446 7462
64 63 2311
425 876 5196
164 799 3450
419 466 8239
593 785 4815
520 91 412
923 874 291
31 540 6478
324 53 573
766 842 7018
579 905 1080
242 681 1307
437 196 3106
886 614 2571
476 206 4708
290 725 5798
702 999 2024
992 29 5563
470 353 9615
394 470 8808
411 48 7712
843 289 2744
149 77 1939
254 962 3552
177 437 7110
236 727 2834
385 780 8833
408 771 4213
322 592 3917
936 985 3386
95 748 2786
806 590 8074
549 738 7151
839 344 3464
391 872 8901
500 107 979
685 491 3758
869 251 3880
82 572 1472
350 860 9808
88 954 5907
873 112 4496
946 12 9586
448 851 4281
912 241 1152
164 740 7610
142 776 9452
251 645 8702
130 78 7274
953 779 1133
113 866 9086
19 738 1549
867 36 8561
452 483 8411
732 746 4651
235 909 742
844 402 9517
647 652 2513
349 134 3942
622 438 7721
106 902 3586
543 921 4324
92 139 711
652 590 7193
62 673 9939
64 907 4199
805 102 4601
673 748 7604
538 96 737
479 69 4527
199 174 2428
785 717 6700
460 808 1838
170 459 7427
714 872 4099
4 935 9357
203 739 810
803 763 7910
406 300 9357
495 779 2426
21 977 951
800 113 4019
500 572 6826
337 93 636
764 807 3859
214 162 4793
923 364 6883
732 518 9646
993 276 8297
350 122 4075
127 142 7404
77 941 1868
96 440 5440
273 129 7884
261 892 42
119 457 8204
912 731 6567
146 815 2437
143 807 712
440 156 4833
866 634 9326
621 711 6618
489 158 3410
280 782 1538
163 394 4781
205 513 3589
408 776 7320
326 921 3134
762 64 8940
825 855 448
9 720 81
686 341 8791
304 829 3300
65 460 434
954 622 827
734 178 8339
322 937 466
641 263 7739
774 376 6154
66 553 4008
513 561 8079
593 247 5771
736 902 8951
387 966 9410
820 919 5032
647 4 8561
337 677 5498
155 318 5112
893 443 9839
398 508 391
757 372 4304
835 965 4550
606 700 6803
556 86 8120
318 258 6390
349 904 6393
261 592 4421
758 746 8738
221 638 1533
60 387 5392
450 143 764
753 330 7728
654 287 7779
456 194 4216
927 511 7473
316 211 4728
60 472 4320
481 581 3065
570 802 5055
102 861 2793
846 662 3936
609 767 5617
688 420 903
818 228 5096
385 506 7607
210 822 9817
937 233 6640
608 713 7221
25 283 9374
79 736 6586
871 581 9247
158 541 4365
774 228 137
28 397 9716
124 782 1221
82 991 7394
898 279 4627
890 887 7339
110 911 6973
483 341 5061
420 563 641
666 721 3534
383 846 5113
519 874 9510
234 349 7291
806 430 2281
200 679 5559
826 568 7797
516 29 5707
489 863 7047
901 282 962
541 300 8682
426 682 4879
539 552 4104
48 785 1452
338 590 7233
970 141 1264
880 966 3831
29 834 1212
735 674 74
134 574 3356
95 466 3007
128 892 688
358 430 9239
814 829 8375
617 518 9316
850 487 9457
113 718 9774
295 746 3959
506 833 2632
932 318 7205
287 764 1023
293 243 4914
332 600 6695
922 413 9523
296 30 7040
611 231 7878
419 695 3947
545 989 3045
503 847 877
487 778 3546
43 416 9309
65 60 9551
330 391 5502
24 312 1267
898 959 4648
289 921 9230
518 692 9924
465 236 3264
861 90 4110
737 576 5239
634 619 3654
942 683 5065
844 13 7455
697 388 9118
315 638 8428
962 278 8349
543 796 1040
466 612 2627
82 472 716
543 560 4292
782 193 6910
787 486 5944
852 681 6308
306 729 4696
776 44 9685
203 357 1962
903 900 2109
294 717 7720
920 798 4543
636 341 7102
927 122 1646
188 260 7483
131 111 515
439 769 6244
486 544 8639
170 98 5995
483 353 246
592 646 4963
663 566 6112
206 201 1452
659 479 8925
305 18 2185
139 148 6295
654 938 1415
249 775 310
887 296 1408
233 779 5760
479 722 757
793 384 6322
904 589 5874
708 248 7352
632 904 369
168 42 869
815 47 5158
229 295 7933
539 181 5228
298 766 5358
409 244 4079
165 388 5463
487 291 403
360 998 9650
64 982 3905
784 149 7947
4 315 1345
162 544 7640
94 82 8172
673 379 8937
31 787 6532
461 303 5919
923 789 9562
678 501 8911
679 916 9244
584 699 2745
882 703 2059
226 864 8602
865 309 9035
389 333 4765
677 363 1551
209 824 9206
479 98 4994
392 127 3846
655 806 6761
898 389 460
642 270 8514
701 847 9729
654 64 8389
689 452 9721
453 128 5436
356 688 9611
561 519 4060
906 262 9187
752 916 992
864 166 3380
675 807 7001
188 859 6847
268 865 6910
656 553 1713
377 357 193
812 712 8880
422 624 2750
481 530 5012
667 633 927
10 496 2444
389 171 3251
741 358 4461
940 626 8325
849 633 229
914 9 8586
106 172 7649
985 945 273
87 778 4154
98 796 6786
376 806 1281
820 546 4451
422 287 1161
882 226 1138
559 426 2770
787 339 2131
724 796 8302
373 133 3599
645 219 9376
150 316 1171
935 43 9976
567 862 1874
18 283 1160
530 517 3737
19 75 6514
140 213 1205
270 937 8000
924 309 2132
522 305 6350
249 454 2017
419 740 60
747 306 2921
620 675 6556
131 204 9072
867 574 1498
380 714 4062
584 335 8998
936 258 6658
67 131 7314
417 731 8767
785 150 6858
844 248 164
117 219 5838
672 349 1394
95 567 4319
592 298 1032
653 882 2719
3 817 4976
660 235 459
974 3 2189
92 788 7690
950 631 3289
465 747 4507
654 770 5207
399 864 2773
718 807 71
101 812 8304
819 814 5472
147 825 58
957 798 2061
497 242 9848
187 543 9830
827 7 4929
686 12 1698
892 411 5562
17 480 720
87 932 8531
742 751 4344
565 249 7521
622 205 6318
682 701 4911
881 239 7453
711 66 6811
639 751 8823
688 994 7585
249 10 7416
969 448 9347
851 189 6097
195 105 5345
715 727 3901
384 408 7602
647 641 3192
99 351 1257
262 341 5359
436 28 705
20 629 3714
435 949 7162
133 799 5702
582 345 4807
926 411 885
179 795 9644
780 441 7284
323 891 9986
580 152 6326
290 587 706
994 958 2334
60 744 8282
221 877 7080
274 458 9425
432 735 2835
316 913 9981
312 44 5773
595 367 4016
581 298 5167
258 939 7106
963 285 7415
296 344 7159
929 916 8387
361 189 844
137 973 8930
323 640 195
304 951 2238
428 546 956
443 478 7605
962 735 7544
419 698 7828
833 345 8523
343 274 438
729 986 1978
924 122 7950
206 444 5590
400 99 4540
989 527 8437
297 321 914
901 634 1001
796 52 6698
975 237 9394
497 579 1019
934 660 5004
912 583 7125
213 140 2921
802 539 6019
694 528 4897
482 824 3570
748 76 7203
748 872 9255
445 846 3491
190 343 3421
209 628 1080
564 539 15
41 104 9154
961 257 5045
331 302 9924
228 784 4747
797 531 6174
351 278 9045
605 74 243
447 263 5585
220 823 4564
299 387 6455
665 779 5558
171 739 3814
215 421 2116
138 648 8899
236 796 7781
409 499 7058
806 103 2483
48 902 7097
984 121 1920
547 771 4658
1 788 8788
558 958 4526
724 524 6946
839 661 946
89 248 93
221 656 1591
278 461 1046
112 860 8299
208 843 6771
479 390 7541
488 742 9680
275 652 9637
152 375 1512
450 565 6172
747 653 7419
191 225 1427
134 502 7239
179 965 5099
829 172 3293
599 3 34
139 490 1776
171 117 427
159 268 6153
671 69 4717
194 815 7721
613 358 2945
391 491 3798
629 21 2762
79 849 3285
372 447 7287
405 937 2129
532 107 6597
958 266 5216
462 936 1285
178 129 8451
898 93 6808
194 835 650
991 464 4670
752 894 3518
389 617 3964
27 22 9901
155 905 1007
751 215 9624
319 676 911
603 854 1040
405 103 6484
565 297 2319
214 287 2134
884 391 7379
401 779 4996
365 157 1369
617 312 8273
975 414 2487
599 732 163
509 686 6016
900 91 4118
384 655 3766
54 220 6053
187 103 2795
565 856 925
912 572 4081
280 188 744
553 162 1158
39 112 3241
201 621 8279
568 520 8369
38 255 9375
803 308 1946
207 846 8049
353 763 256
277 674 9827
358 954 3014
101 506 3527
610 896 4639
851 449 3611
481 368 1482
201 757 4737
927 912 8396
872 118 4594
272 471 4356
527 99 5381
353 456 2686
718 557 4543
597 518 3439
587 720 2239
197 200 606
678 400 5363
766 326 274
514 198 7743
107 469 565
814 348 9664
546 700 9119
232 770 6027
774 366 1545
564 952 5264
802 500 1816
408 177 3215
122 295 7893
395 808 1442
137 266 8262
54 431 8609
717 976 2309
835 207 1430
214 981 6795
758 544 2098
373 698 4597
540 105 2125
107 226 9419
999 972 7578
440 460 1195
701 513 4625
662 229 9601
322 416 8807
751 629 3139
897 738 6035
994 462 9732
590 2 1188
714 108 9413
485 106 3736
62 897 9195
257 949 9060
233 610 6640
833 931 1055
640 33 1035
130 929 1772
164 922 1234
895 863 1235
82 929 1342
846 413 5799
933 826 9695
480 434 3995
539 667 4605
178 499 2887
585 490 272
619 972 7200
391 135 8474
976 382 2336
210 815 7264
903 13 9028
701 945 5206
747 424 639
741 314 2657
697 844 4508
584 428 4997
207 398 6320
406 788 5455
231 115 1188
567 324 8354
182 226 6366
562 278 5311
767 24 7086
757 765 4400
414 461 243
921 396 2022
269 602 4419
589 360 5559
395 590 6673
934 508 5349
287 42 2926
653 603 5204
315 721 8227
752 477 2343
151 890 5804
745 162 551
118 431 505
889 371 2864
799 765 8805
823 698 4313
171 336 5706
97 988 5660
652 654 9380
878 406 208
573 908 4450
376 5 6611
278 474 4393
782 362 7763
997 160 8527
802 335 576
466 505 5912
523 953 7251
182 956 9905
913 186 3662
120 758 6569
921 485 7925
532 762 3399
924 896 3760
687 892 7272
565 45 606
493 862 5462
756 384 4767
6 565 3722
262 829 6907
923 301 6664
844 221 5148
768 752 9262
518 28 3157
278 66 2400
901 630 9445
858 474 1306
671 229 42
437 587 4958
511 848 1787
417 123 7087
433 966 5307
932 85 9411
193 603 7438
701 232 3503
101 132 2484
897 341 4958
554 11 9538
595 800 7124
553 310 3972
691 78 94
777 862 8411
435 794 495
845 338 6097
282 39 5328
136 491 1811
620 387 6151
929 292 6514
466 887 1313
590 791 6974
913 481 403
358 257 8265
768 43 2058
262 888 3747
711 169 3785
38 305 3627
849 276 6365
351 204 9657
216 21 9895
880 610 5685
853 874 5165
256 231 1773
872 350 815
929 612 8054
675 322 8223
812 711 3879
790 911 7506
155 262 7709
163 477 6729
57 357 1691
93 561 2916
257 168 4147
381 39 6496
547 319 459
601 994 2132
175 157 6843
405 298 2753
910 452 6014
970 614 5843
50 22 3551
92 114 6111
8 722 279
506 454 4317
636 812 3953
981 943 7127
489 785 6883
786 890 4144
590 255 5465
555 97 3514
577 647 5958
42 758 4965
764 388 4470
569 704 6822
569 691 9633
873 23 928
351 511 2712
233 649 9953
728 238 3208
192 792 2304
58 720 1303
15 114 6412
331 229 1799
152 797 7854
973 718 6897
958 590 6919
885 941 4430
948 525 4430
901 253 8667
108 796 8810
763 853 1882
417 867 4995
828 549 3223
978 700 5019
184 25 5736
80 334 5678
998 570 1970
779 517 1494
208 769 1098
226 228 9894
388 343 4098
269 759 3317
615 939 8865
837 916 7917
207 99 941
295 530 274
972 528 6843
941 658 9711
786 218 8832
236 443 1059
481 182 1401
578 450 7512
894 64 9450
111 252 5365
27 459 5816
319 753 7697
944 76 5224
786 368 8234
848 153 8451
679 740 7245
90 220 3427
490 798 5228
1 43 1292
802 505 3895
519 531 5353
334 849 457
30 792 8532
606 929 4251
191 129 6404
993 159 5143
237 248 6715
15 90 8864
243 442 1258
886 244 2763
780 762 1293
485 447 494
941 828 637
825 433 4918
75 975 3046
830 967 204
325 556 7452
39 570 8893
254 164 9334
511 49 4577
273 181 6338
918 665 3136
763 957 9964
399 133 4748
316 560 5723
361 389 7689
917 65 4244
720 455 5166
612 708 9329
945 219 730
522 843 6910
211 760 5926
699 522 8234
662 273 2367
409 588 8926
483 301 666
524 569 9083
767 288 4537
284 899 2245
613 843 9815
342 716 3657
603 279 7769
880 329 2642
113 990 5266
831 750 7854
108 233 2506
774 108 3074
856 226 9713
744 510 8611
988 122 1805
154 815 3873
163 769 7503
283 648 5831
276 112 8820
542 943 3921
747 50 505
252 175 2612
677 382 838
389 126 347
351 465 6820
155 619 986
27 133 6106
529 415 1753
359 690 8864
530 231 9806
451 977 6208
955 580 2382
919 608 3764
756 996 4889
454 346 705
625 853 8323
610 879 6807
715 760 1221
819 470 3263
682 1000 1845
840 802 1174
47 108 3753
780 26 5361
543 133 5708
783 586 3406
488 210 258
162 171 6488
969 237 3247
541 55 9069
803 89 6420
