1000
62150406 51989322
29783590 8778585
42160181 22407418
66668945 77162871
72094800 15299572
38731214 13761028
22059376 32674906
14049328 87599806
27903222 35468809
70318186 49959662
12303894 93388416
61183209 67728138
19252748 84672607
78951959 6657910
89657345 92347191
82150182 61169097
14893031 5175285
55502297 32288850
69231361 36785351
1849432 43164745
26151739 19114666
28228677 97692474
5633787 60947948
32788622 95430077
90125428 5560193
24096361 87177261
83915473 99488239
17647533 99565543
86603314 55515521
86259839 54652621
48479974 42951756
51187832 79328217
24161394 11495882
45509602 22538101
12649787 24601483
73366794 31504621
7344049 68381693
85670187 85985738
75702344 69512289
35869636 7578917
14719897 80504036
88287700 18977331
14512724 31353612
23688720 72999573
11291249 76337134
42270951 21260055
82389287 99971153
46691849 78176040
16619811 16185851
8300875 54655018
84383189 82247727
94708773 52238248
89896670 53299017
44563822 7610862
90573091 91939293
34252470 95604618
63647655 72306274
67421176 11650010
79306942 78371875
36117281 68410731
84389415 47381508
67511680 13499313
43479194 79754666
46244338 52956769
4229351 78045087
73370175 2180176
36345214 12206897
3290563 81012735
51817376 98278975
90681926 96753080
7032637 66284386
30184888 60543305
86922182 75536376
95439995 10214990
92226881 91537102
36934590 64011348
40289906 2745659
1146983 58788097
60875038 58679411
99564970 49281659
43936377 79799190
62703079 67007424
80343952 91396978
72297276 61176718
10790672 57519671
50082339 55111833
98557445 39050052
92261381 39397714
40149219 2519307
79113290 80326692
20328881 97074406
67878026 10108534
58186178 51174328
73670857 95006020
178668 82069732
7947175 71812367
56883626 35111016
31669978 95821353
32659291 43419637
74399079 41270473
46240556 12890743
14177457 91388750
86893733 98475929
88188486 97918085
81695054 30845460
87670599 65840983
36040055 23696110
2491536 88942044
17406012 66201950
54001501 81495932
54900778 18833859
40138119 66624566
3043684 62834015
72084980 3810183
2224760 83150359
63109638 29348098
65288702 106441
97306439 70006779
3333759 21815204
6060266 29560846
57830375 61850168
641792 83126157
49768205 59067712
51596369 28587489
95573595 29814049
48785886 46254094
85628125 20595531
7087831 77303172
44018160 44220867
70641244 96540378
72694131 86416945
55706902 71445785
82214100 36607957
25664906 36702655
4021316 38451688
35600378 53528195
78044959 1367080
37884564 42846400
71492328 95316100
19350490 14261374
47157819 15928963
52054434 10581739
81723246 15196739
4513196 69640962
48817164 58569851
93869828 76060371
23810941 37303450
93391118 41887775
58329164 26645868
72073409 77875186
55922534 65993762
78848996 1453558
11411408 45212740
15141675 20202833
53200712 83400569
82120775 4662098
81036600 18498545
51827604 60899665
84404086 27241345
54884365 72751411
43514994 76682837
30005758 89969931
5318807 60245806
4150736 73918306
73444589 82959888
79336527 34626719
38727784 40145794
44063989 71786861
36543149 69816165
11787803 83773238
64314476 21822399
56134511 67096915
74668856 65499477
98195191 37816513
19925653 65519136
14048287 18469714
86946233 26578422
6305804 74099536
92592656 25521419
79607731 99905559
56019249 18919651
32343219 44657502
4005689 62311398
25649181 33577212
83316277 45511177
17691270 19591861
67610481 79971099
88195866 92666154
41200375 72393954
99881042 58896808
47880648 84191317
20442817 57795822
28444741 90134127
56455900 88532135
98810986 71487203
52619838 87594423
33511521 77098859
36609000 37749388
13397546 49300044
28011927 53913989
94672283 19989310
32564789 8198528
59861909 24732578
43636925 81087298
37757525 33669467
91544668 46435627
84123487 40561426
93217282 17154373
59411429 44835821
90583767 67433020
59487676 71220899
14916575 72914148
48855592 81539436
76906311 46831045
73205171 7880715
70682378 40314303
51158696 84950955
28383062 16511758
87758660 79393983
10877669 43538223
10595907 70006114
71746829 81204248
44722372 61616061
36066619 23037710
63207811 90217445
83384322 80595414
27574590 514999
80833156 68435919
64569595 7755815
43350124 95949302
36667937 43964022
54058513 98193883
10763686 15558391
10066880 67512955
66198343 17529546
34507438 77442804
43829686 19163416
72321310 16092410
95750026 58711298
382334 55124685
67261603 66045919
5950864 56519062
49655783 30315450
13062224 92190418
14747391 20616863
63399307 21493642
89721981 75955539
48322767 49025692
88466602 18828303
19173501 26378651
19080103 55859553
92590577 34330681
5095833 20843690
26027276 82209131
51449532 63541772
27527339 8327539
89557071 80562515
29090719 24904375
95056751 39136554
69178964 23069721
68131552 54896473
78511585 98867924
47460039 19351351
80048547 46282084
16375128 59651690
7297099 77427160
94241693 84304513
1606065 80759439
57869055 10540861
93577149 53003280
40523040 81324392
92137818 10514060
31807896 57911149
69402 40306215
61281213 56248369
58989327 29740794
9002992 53217355
55964126 91993299
13397591 4335967
65619700 6868194
165887 5196929
93258755 89751544
26503800 33380429
37659133 90146434
35251615 30796871
25173510 83887986
31283312 13573488
18132027 79882619
77143586 67391652
11158927 69443800
95543600 31514304
22971159 67265482
62761294 54641333
19658618 96939032
1851248 67254914
36609481 35851646
89515690 97992713
75757955 85237897
38075334 2006885
33609857 43069260
5913648 84254372
37580157 57587758
28021693 56808664
91729203 46364134
38836713 81961956
21317352 98982394
79657706 19729423
73371712 66889523
38628884 36061551
7160322 70230236
17669875 79153369
66051823 64462760
29712613 72865840
57145812 21185972
40760379 85017156
33398866 98281355
41004803 48897294
7195362 42809344
25396141 61522713
13110519 50720103
16030412 69289890
50661521 90795874
36504458 61967126
59687757 31220588
89240407 4770959
82087768 37612379
13513471 55765777
71750310 93582499
17437722 31023440
90623386 67747844
50833701 64899450
98523929 28670699
89973740 72975305
71276001 40240949
91186973 14999248
90372943 36742584
61043264 76205920
12032443 29783751
60510825 94703050
21506308 89015027
35053292 51619646
72817803 26063179
82264269 59895071
29561900 81173462
40618226 72359542
78433725 12155814
309584 3079199
12101397 99564641
57165214 2263502
5932910 7094497
5313633 87427781
91168596 95507149
91986797 83014206
35578139 83363451
79338647 84073439
6539159 57346580
42656464 2167024
41436528 32558352
97112910 87237803
95706872 53272982
14093194 9888553
1405662 24523111
28111006 72738509
16036646 17381690
46836311 90831457
36096323 55042956
71004844 76424342
20815602 34797856
93847182 74347724
29162841 54780045
65937603 99641365
243872 41522786
41643063 65211180
48374933 1182772
6508405 48757334
20198686 91594044
6397239 40466968
92582247 67655792
42832698 35831607
16773041 2616845
11973034 88897560
66810950 6553883
54577317 57538929
11646269 8432683
42806178 11716721
58617394 15965080
35968294 77365620
76126953 85760879
12288374 3197213
35173274 7796297
57098156 48209335
9516232 56172043
7071166 1036269
22903797 79943712
46861085 42598893
35560038 68764198
94188969 68377045
53369074 66640786
68277341 95259576
5795006 87859422
59080220 22908039
55302561 56816786
36015332 55512483
30129391 90123708
84217334 51820673
46181669 77412611
10815231 6628432
69329993 96779297
72165032 34813556
95474901 20739666
58088557 97018449
67384921 12200932
82455102 91894248
77549224 77077013
42399214 81901262
63063722 44053508
43469843 97731663
60296587 66296046
95899652 26538882
29433902 67552987
18380051 34371071
11914616 85257871
12707800 98091364
26683476 58830480
15078397 73846902
8526480 59043171
89997581 78012536
72630532 82755421
82122572 69356561
84452021 53427074
43405260 19364676
6343934 78789809
13072860 24259929
27182019 63654677
29619027 18712895
25950711 19057688
5333041 31050153
68141962 74956616
45124100 3589810
92447474 87086775
23624682 43835810
29896480 27808048
15150592 8211968
9386641 8150044
28683130 88274701
11331670 95579055
13873726 11368550
68329508 97874440
88156163 83036985
25712273 44642514
31836766 91044135
79526055 43700888
83259711 85242479
3467720 72248086
18453864 47463902
15924914 32251181
80174157 60725449
51198038 51627911
55044638 49944046
65155206 33743140
39076906 15919250
10428004 55160275
63025602 83498168
58024213 86228676
64432800 13921064
87616788 85055031
49817228 70720867
71139145 2523018
20795129 42803252
55702521 87576088
687481 34019076
13355572 44484119
43639916 14234435
76273638 47414508
19245600 31463008
6383948 59179413
91725064 18969878
96082164 47567882
94428291 64468303
89777204 31038490
85650980 98901486
94004020 91148012
33650249 76917837
37521079 54457870
9294333 74865118
77764806 37953610
2082246 70325636
85052858 80224682
94556148 91178317
78200643 17073732
73725371 6223002
3143052 31329555
34132750 7799439
37762464 75485804
77044533 42841333
75529789 20380157
90172769 6161733
13465014 45938603
60707087 48857690
3001797 84972786
55567090 3540309
33885975 63858027
76116871 69994198
93883089 4024347
39174546 84385395
53897126 37064250
23534937 61503777
63967042 49412964
92122031 85920902
45452198 49322460
47899627 8599930
97037649 45927017
88165973 66122819
450845 31512438
30803347 87716083
12666742 78763197
99330377 69770392
79954794 94552348
96413929 53652702
79418539 83868826
41166500 45805131
55468163 33328016
74143323 77743960
52339697 3333661
42907458 20462044
87202900 8688094
92601875 13597364
92544654 7638537
30857472 28680205
35497654 67968187
52437578 90092445
35143522 7123328
7647001 25193141
73748486 74076271
84950708 78814965
35499969 49107286
17669802 96508667
89227874 40752012
12820801 53038689
80575148 69400881
17169843 62165466
30776115 31357730
19907482 29539235
66014868 31428289
39506250 1269691
13681781 41825298
481398 2270212
18531076 46685001
15914631 56404543
33328091 27538751
96637071 53232107
70253648 30538198
4729563 50545529
83953196 48083276
30561417 70080607
22941773 24490576
65473381 83730392
26982769 56861329
8538367 8705290
39299025 55679420
72662992 14563152
89939705 63142176
9524976 27410951
21483938 41813837
21632771 90664983
8006887 6567565
95112048 32455390
36645774 72058762
72441069 82050895
91519366 88041592
94892257 9164717
52489295 59744207
35897009 76052133
72400302 13380189
63858740 76682128
33104678 81965923
87766415 26569993
65991887 42807740
49194679 19423689
87467942 36132773
43380488 9066087
59384470 63201103
97536015 61533887
2006678 5928225
88316541 48438736
74797269 71583586
59867073 37985665
10376987 40896472
16374189 52054504
75508760 28758710
68679762 27672759
32671689 93444016
48723512 33352106
15639141 83959085
33700099 77364453
26670896 84785329
884464 76665038
12845359 29682266
16122156 78367015
66783869 56297467
21419276 72949859
1166150 11479999
4691131 46833247
51270007 205695
34902746 74860688
82130725 70783486
39081409 90916084
35965265 89796805
84869442 21198682
58918183 24494606
6097375 87567792
66515757 30345884
65550947 53580490
45588429 28688706
75001861 20044877
27195340 1041473
69391979 72002879
63438339 26730181
61994913 42383953
15725905 85308655
14375213 4972049
20865323 79713764
91376442 3130122
12416141 24502923
52588662 77722402
87680606 46899757
42507100 44170815
4649685 25253438
79854942 75699162
6066433 89348006
62776714 36850693
30492212 11254672
21846954 47597678
36397135 92468865
97327700 22607181
46659426 7365697
38396389 71115665
11926698 59644242
8564384 55874916
23696732 34229848
35664938 15347712
80343590 25625238
78123897 62397450
24464509 28824746
63974820 94042356
7399777 26693847
10570820 68968866
39515384 4959204
35720658 46025672
52911486 81997819
27758657 87850227
40722290 86738251
49085860 5083549
88249427 74717876
98605943 84891461
30430029 81140897
55350863 7291924
69164130 55218813
90662622 47358840
67919345 81879204
70086887 42952734
26222813 78916422
42307397 95477046
28454652 81318700
42021828 43982574
75391620 63077716
1629055 27103163
14609023 15632226
70503531 26041500
12759233 18601169
29221418 26683199
32560012 88577546
77562972 52445813
61309135 67074941
29080563 26945306
38260391 29369462
19864947 94652846
37249220 65529350
99985843 37922493
85682161 16386036
41544598 64443552
25228009 88736806
71337440 94971575
17013701 61542062
22485666 81323753
60584502 86004219
61352837 58448188
26700717 25955583
84367031 15741948
4074630 56592394
52225679 71228451
9906933 64357768
84500215 48560874
84253602 84213009
65070714 57516123
89416237 19102935
36268145 44293338
34335918 29707111
47016846 63627692
69492618 82852648
34027136 47490155
60916182 23386274
10589744 12414884
60070688 61611005
77777232 72604571
77301606 22519961
60191119 59735591
40131794 50896967
57251685 18314849
59480317 16611644
20768116 25491483
10146249 64670329
9819364 18715789
9185387 59373091
58593344 96628952
14065407 59766542
95619408 62667643
70798334 49833684
54257768 24198322
81805148 10228377
61592964 73602196
66903271 17609510
1380497 47876595
26465099 92128743
85282402 38840355
24755436 52434480
83423675 97065806
93859365 23022522
13296982 29928407
59251912 36716769
42830341 47020480
42727480 95224128
97892710 28459096
6753464 67473679
81766466 72979127
55856619 92374888
41378391 38226277
82731514 17139326
73309741 3112271
32527568 8759087
912419 14659820
47798981 3496082
87022055 75097934
5480690 86416161
55144367 69075274
65694032 86509519
53205967 13899736
58094624 59581216
28114817 3320390
53482428 76561373
8937947 74466549
32316963 40185415
68269216 76565280
12093158 76481447
14549386 22221138
75689970 99589616
49161949 48967727
71259239 96375630
2569483 264188
66211299 24665443
82758312 26181625
32565459 2638353
434634 25247413
17239767 37389881
78064317 74992515
22210006 5299406
97494887 33255308
25505718 13307953
49462674 67770787
90445332 6712770
63502392 54992922
53364423 83008087
16850117 7530094
53589826 50344386
98417804 77787855
61986663 25307667
29799826 1433197
71473009 78197163
53823925 49319967
2975744 85614863
93231901 56909378
75455680 85997598
55889528 73764511
54734605 95018664
31627944 39048316
89850258 95846127
73610898 48478651
61248250 9195123
51448712 65104225
6870418 56492897
84497194 30862338
15114007 86454799
79404028 49655750
6652104 40346083
20733331 80801137
9303654 23221071
86604122 75468762
23044064 3465058
62626615 46691591
4841145 85910005
7828976 65724118
23361881 17946225
33074563 9476114
97856233 43024086
55137416 43945161
6411801 91212752
97255089 9962727
91987384 98583754
5931834 91586177
21853991 96060893
69356014 52874148
87996592 42136874
79025404 99368316
2835418 56159477
92377445 58025311
27149508 50371877
47220163 63156556
58643076 22636300
20719592 33672470
97412489 86104496
68970366 73504891
41852133 40373974
37178921 58003364
73581071 66782312
77094572 15623911
5357163 5828967
28915735 36764194
56732910 44773476
65768976 64582283
98450356 285913
67129027 86080148
16455258 26225183
21564751 47844001
38402751 28331584
41260083 33704341
16468512 52680532
79118424 22024821
32026219 69344655
34365301 75107708
1711371 81772399
61130434 2964957
79021003 61754506
58584926 81915735
24730024 81423086
67298639 81387056
76271280 87524068
64223117 76156526
47551938 49629222
89587949 28806959
15176271 1836613
92646537 52397993
51593296 95059035
89131470 39284343
25507205 6694849
29930336 36833311
99404215 9534611
49209977 23470678
71152514 90494011
96556474 31224385
61601535 23797952
63117506 90333349
34878845 41613500
80768251 65610856
78921015 37607514
88247256 40481598
44770789 72959922
23176218 42344366
54670133 69418239
40262849 86270836
74147224 74977651
26192014 27458973
46816065 95924995
42565786 38131428
8771619 62449320
75338021 25603573
17993526 27737020
91357700 24463894
15454693 38409836
8137883 76292666
4530692 13240379
7924933 66105369
32979135 75298309
5687605 87754079
13469505 69345600
79892718 18457703
36952111 38613933
27015147 89445724
2398764 27457993
37663593 93137708
90598826 27790212
63980555 16588157
1917843 92267763
21294228 9842499
95065204 70317625
14154015 42569286
74825835 38302928
78643519 21621552
64116262 24204327
54852988 10545972
73633044 14377397
43376254 59043352
86157778 37015524
65084324 32747626
92968609 15604238
37020933 21675954
52799721 99973528
67605748 74149735
6689059 43054680
43827054 18351971
54675381 99596068
59934517 43237463
76655975 3657800
25357548 90494802
29536261 61142416
48995069 48732105
76908190 47280135
12197699 48918184
39631585 74941342
15775408 81317939
3840785 37132880
40998148 13962200
29727022 44146520
38296173 565134
15285341 1692183
12777997 95977821
64393535 68787446
80295349 42831432
59007055 41044592
83802986 94742501
11967167 94280380
18012856 45024194
66316902 58611429
85227134 99317855
24425888 50242380
94726302 27325697
68251650 72489135
22403208 13995295
2722711 81946455
53078115 71747201
81609997 60979261
32843182 47968050
81039375 78347370
18244582 15196432
20200259 88030210
3679776 41682442
36951091 8862945
43687674 70696337
19827466 67363434
64277622 44196762
47319832 32339945
30224310 32083229
63666455 31552525
66323654 69206839
33980955 43013061
36762641 67322686
63715009 25752985
87693128 31041285
89061499 88672216
17376636 76899476
19234345 99585456
27512396 74058143
68991631 63943404
58367172 66731262
48291512 22164385
92529470 55367436
48031643 36294103
26052714 77307767
67896941 82939819
81918919 10225650
21977676 91006902
44072296 81266707
26340226 75939516
93498779 64936749
89892572 13516191
61055258 73953836
48687074 24273656
11120013 1510271
71804726 59273771
62235212 75490882
55598864 96541417
42450712 78936453
52165140 41690500
97365930 86182996
49738210 93746497
22800367 81299616
32576669 75316793
29085267 59136840
47630624 54969501
43245949 41938910
42431933 19277526
37643220 50592284
93156321 94975907
11740553 62399620
19905712 30182605
99166368 58894537
11509421 44196764
10179471 41374707
46088258 15961945
98544497 86708123
96985389 39213465
