100
35299006 1072522
89413068 60228280
30185102 9899518
62037807 92075324
91387030 95030405
61944148 40444455
80972158 79485503
55106148 22544872
63673369 38958186
67110479 87943188
34801463 33399364
62554935 1062486
80501833 65646457
6204449 61269797
18386178 27770765
93309019 46182123
53373013 9826880
87396655 9273586
84549031 1185743
95247308 81104680
76312349 39210993
31323932 76294100
40041805 66534494
82602858 77577781
63983117 6089451
18127256 75945879
81817010 62706374
6211966 35557436
82392574 72488439
42944431 96236888
49662618 36890727
35759921 98578637
47026692 48332617
94881764 43224380
49090316 25763351
80669853 73221722
45109223 87754591
80524197 60007170
82293900 92047678
92111286 193929
41037696 77004715
92013643 33237717
99548763 88900239
52908680 2793194
56361469 42970682
26653023 91594797
73631196 61550423
74078202 75827867
79887477 80672185
37550504 66445862
91012309 35707999
80620281 98278344
15480496 87106824
71082842 84095513
51970978 19736929
79963459 98872354
28170391 9505427
94739542 39740368
20942208 15849066
37275053 11880484
1434782 93633374
52591155 75650104
87799511 4261369
32529984 67111323
95921107 26077930
7460867 37468795
84775211 58996029
93219551 46917906
5460562 76208244
65981235 34006677
73687477 81227695
72045730 26226560
67914620 49535479
29863510 63299284
79052842 90619982
48012879 66789862
22184612 7913307
34001181 77685541
31792923 79906091
30088553 95886723
74375368 11852680
51538514 90251013
49876274 16510814
74495403 52525089
7952688 32515084
85687620 80458208
31053676 68173013
24763569 38843684
59314229 78580797
62960634 82184886
68251152 42284755
13007388 16636690
40591855 96452862
68278154 52406310
26551286 84262852
15881723 35804016
96305317 49973321
73678298 85241061
7654261 9701636
19912624 45540375
