10000
366 524
83 379
132 866
527 397
802 157
913 264
359 390
434 886
350 302
282 300
899 639
432 912
584 978
903 483
400 790
139 289
989 17
361 214
361 114
602 494
131 262
488 348
88 118
203 912
504 665
615 235
703 535
459 382
308 975
586 587
40 963
597 865
488 993
234 536
564 841
636 935
991 846
629 18
92 696
957 98
976 221
70 815
928 817
393 683
857 901
841 907
670 214
561 74
682 242
560 771
310 884
712 898
357 452
275 571
332 160
414 884
853 702
264 751
669 891
397 611
7 524
853 645
331 129
870 745
195 325
188 395
280 273
144 38
934 121
498 960
298 44
880 463
449 673
161 598
135 653
420 464
850 964
32 399
271 850
271 581
51 101
428 615
267 180
197 1000
799 771
816 454
567 907
793 21
780 58
656 204
156 513
966 424
94 669
967 142
497 983
140 820
216 549
436 878
304 209
181 283
959 621
579 81
995 193
843 419
556 901
96 81
909 615
277 11
614 219
165 768
310 869
131 412
886 460
120 135
562 933
822 277
773 477
621 544
492 730
663 188
164 960
195 716
833 630
870 379
506 571
801 914
290 568
297 869
108 825
257 644
608 667
486 818
129 101
941 143
319 343
953 309
628 771
667 539
262 598
273 153
8 321
752 774
820 925
99 663
783 613
987 913
27 13
146 893
920 925
481 844
593 9
606 1
568 406
589 316
415 629
746 698
931 328
32 506
846 803
108 420
216 847
922 622
501 592
59 769
339 915
193 528
929 255
981 308
369 777
874 958
828 546
353 405
334 522
240 532
718 975
191 100
557 380
639 213
444 492
619 687
589 956
955 504
938 615
85 107
860 363
470 279
312 394
913 947
290 868
528 729
472 948
612 346
427 843
244 328
463 85
872 483
905 312
147 76
842 313
264 35
158 637
543 301
162 807
223 950
943 507
991 264
759 393
784 25
902 685
171 47
214 336
801 584
424 891
575 35
788 15
280 748
429 933
559 765
974 158
311 202
527 469
523 663
590 589
239 42
423 746
870 1
403 709
472 542
200 738
86 85
924 509
591 286
398 766
481 86
922 34
939 551
403 399
417 826
266 727
601 455
486 549
608 204
433 564
592 171
557 46
357 204
493 784
915 422
61 587
857 430
866 978
671 248
393 914
458 721
877 274
349 280
832 595
836 984
19 444
700 889
78 993
840 742
459 134
803 546
69 3
998 903
478 406
835 223
720 6
200 972
892 626
922 330
567 865
962 982
296 989
692 298
378 669
413 578
319 190
168 130
472 700
923 935
70 982
647 208
255 780
121 76
429 418
288 259
95 468
73 989
9 238
629 219
790 721
205 116
815 441
497 322
684 323
464 820
314 282
355 133
626 134
758 364
67 450
465 939
777 657
438 433
321 682
665 923
506 382
322 135
946 606
437 941
401 60
467 122
562 291
952 447
923 172
368 682
778 279
385 460
459 74
323 94
93 303
140 902
580 816
135 616
758 393
789 881
64 234
841 847
880 601
579 321
229 371
812 766
138 512
775 413
39 105
350 318
948 7
139 825
156 453
333 581
355 789
537 828
143 155
359 813
144 488
751 931
244 592
18 764
392 485
465 852
481 675
727 4
370 429
352 705
532 868
886 637
836 345
344 21
24 388
854 290
26 285
746 184
936 687
134 803
88 106
316 745
686 542
627 212
543 927
962 42
218 930
450 742
411 63
95 616
168 516
68 775
463 199
594 593
375 693
672 799
240 324
564 556
661 442
909 657
756 250
618 437
535 990
193 909
852 267
255 249
593 880
557 194
704 862
28 50
282 91
521 283
197 513
640 120
765 767
275 679
639 207
721 106
908 453
978 475
293 326
103 709
30 185
544 947
668 79
176 485
232 620
918 485
393 130
679 468
977 867
196 530
664 68
205 770
229 604
514 807
594 275
211 913
331 517
362 267
238 441
397 166
232 474
555 957
419 501
39 285
113 703
233 626
580 111
55 495
795 400
782 194
430 955
923 20
559 942
718 119
899 191
254 408
12 724
279 989
537 330
210 963
986 206
534 782
175 108
510 193
630 662
63 21
339 93
29 927
994 975
651 753
705 662
277 834
705 581
612 370
977 679
714 836
572 735
479 744
264 328
288 111
735 162
465 526
131 22
106 61
75 69
389 517
891 971
668 974
37 422
111 279
487 703
443 576
261 831
722 990
455 982
861 344
821 418
942 918
156 455
772 671
670 810
72 426
715 120
592 870
343 875
669 322
716 699
280 108
153 255
569 851
970 859
518 646
76 828
298 248
112 63
685 283
661 745
21 881
25 30
100 574
148 454
758 355
741 563
181 537
145 340
402 393
716 232
541 799
167 550
589 91
307 408
147 0
588 463
410 158
674 740
456 61
935 214
704 762
812 640
995 540
245 374
140 36
500 513
942 769
654 454
31 213
331 319
976 121
975 237
476 139
167 476
452 552
146 806
446 375
27 561
94 859
245 362
374 131
654 811
416 561
71 873
357 978
649 759
806 627
101 640
757 217
957 769
429 7
933 26
163 798
804 192
38 158
322 807
305 97
210 40
749 672
338 129
959 239
44 315
404 86
287 943
636 509
119 905
866 264
560 346
806 194
504 98
292 27
990 347
342 969
633 89
326 19
475 405
332 198
917 461
944 609
880 493
673 691
250 808
483 929
184 604
790 511
73 473
139 262
225 706
582 71
651 834
986 841
994 276
289 435
246 448
571 696
269 373
262 41
790 584
4 855
54 35
771 121
443 91
370 40
87 457
181 935
12 734
685 551
93 775
500 888
39 497
94 11
421 177
962 776
859 508
8 729
898 131
912 714
358 659
977 192
522 124
265 233
96 285
433 744
761 398
168 506
643 795
766 334
614 46
54 708
270 600
142 931
50 382
992 473
19 431
951 13
281 255
634 501
933 371
842 734
961 784
323 178
361 820
504 668
268 900
631 507
722 114
469 647
252 659
644 639
779 913
90 492
663 852
539 634
865 979
789 428
542 391
795 871
673 449
334 90
940 565
363 859
613 577
756 819
438 469
264 865
394 109
791 101
795 765
805 645
900 297
511 723
511 428
206 54
516 801
696 121
912 629
959 384
954 394
725 766
468 454
69 966
928 5
422 71
63 769
148 313
650 511
51 174
66 534
718 92
443 576
692 505
316 936
78 77
884 325
671 748
248 140
961 50
19 186
667 474
378 982
201 651
422 360
374 892
786 50
704 433
212 886
13 740
429 114
961 917
779 890
796 121
28 953
725 53
341 81
928 438
526 281
570 13
579 705
369 452
853 184
799 206
632 978
846 981
344 286
467 687
402 200
637 161
53 579
120 414
348 235
247 638
497 342
164 505
80 775
433 871
485 587
896 453
587 341
148 468
760 531
589 879
287 916
403 357
188 627
113 560
815 862
25 650
674 42
595 481
337 60
933 241
98 787
531 337
955 615
724 453
391 258
767 441
897 394
636 590
904 923
138 548
276 713
437 28
778 505
457 83
481 874
34 279
930 839
868 785
503 329
396 913
535 776
521 331
950 75
437 9
988 910
855 476
619 490
388 268
232 730
860 177
848 778
950 903
853 991
153 203
501 83
748 30
467 277
311 997
918 687
607 941
807 138
454 281
116 375
367 320
819 787
81 554
484 775
452 478
107 63
599 848
880 648
436 889
78 431
665 443
892 686
451 76
823 57
883 122
396 157
2 526
277 828
428 428
518 846
629 846
812 194
136 913
98 276
0 946
472 881
819 374
299 294
891 564
133 536
812 24
483 844
65 628
215 674
826 722
874 905
194 710
604 892
348 183
672 841
380 250
862 484
408 802
753 333
797 585
120 776
857 821
734 387
811 145
494 39
900 837
332 403
78 379
870 285
214 576
689 464
81 369
821 870
101 803
795 136
729 135
342 157
316 806
18 30
518 17
250 81
777 370
59 143
396 924
303 9
532 129
247 690
100 673
42 534
427 667
824 193
274 196
596 313
453 244
729 72
596 927
879 340
42 866
341 418
700 735
773 766
51 107
595 116
734 544
793 173
77 732
161 215
733 735
125 523
342 677
91 725
354 177
250 80
449 279
17 641
25 280
648 727
666 11
401 321
100 184
797 880
447 570
778 749
998 141
856 879
998 316
155 780
347 181
715 83
762 897
229 12
679 352
466 975
633 135
556 419
891 919
82 994
284 659
755 423
34 551
96 268
85 386
152 667
852 815
916 48
879 397
760 910
17 245
51 741
432 956
115 609
481 201
442 844
773 538
464 117
314 29
264 414
329 637
642 63
58 836
408 838
107 823
376 553
436 455
989 750
271 852
65 872
134 744
911 152
123 306
327 182
308 976
313 86
439 464
461 779
26 839
618 946
395 1
321 132
867 778
830 434
958 680
986 832
908 889
283 443
638 221
278 724
440 674
944 556
900 884
842 595
116 646
699 561
232 55
589 655
336 554
754 375
177 249
81 358
54 397
119 222
48 147
757 728
97 321
533 711
253 127
876 572
63 323
947 509
18 131
134 102
668 746
900 933
895 272
348 376
431 65
552 271
759 115
426 249
191 915
471 309
795 397
379 715
125 879
659 502
290 919
45 554
2 543
583 555
269 802
5 199
126 418
961 619
434 538
411 427
985 153
920 252
504 905
296 917
362 60
655 738
620 973
563 857
883 561
863 796
126 111
208 158
485 335
758 923
690 645
638 391
861 452
838 777
979 920
368 49
30 610
633 363
11 992
91 740
347 568
17 854
194 943
410 452
58 814
636 947
728 831
61 164
679 343
438 268
960 768
10 342
918 948
964 979
79 122
649 538
764 574
214 881
189 785
5 160
41 47
317 76
504 981
676 510
733 403
517 197
503 840
674 989
755 774
745 377
904 401
933 513
722 463
832 736
289 261
712 865
645 419
113 879
150 266
350 51
906 396
430 764
334 369
977 755
323 718
380 188
232 843
22 824
380 391
417 257
969 198
492 598
182 801
661 128
466 461
515 152
994 689
575 264
65 312
258 889
455 47
207 255
613 182
701 112
300 749
241 340
989 484
266 674
771 379
410 733
290 112
431 692
505 627
1000 559
449 721
543 403
898 851
726 462
182 735
31 583
494 61
618 97
586 878
754 403
234 346
80 234
775 619
286 550
775 11
783 482
901 728
553 655
761 515
775 98
217 446
268 797
644 707
358 716
752 430
369 743
347 697
573 853
74 94
865 184
860 189
572 812
731 62
509 666
850 994
61 7
239 778
69 321
307 392
946 52
552 352
36 986
620 608
572 166
848 736
192 4
739 204
527 22
768 959
974 418
477 503
11 662
162 27
650 836
948 502
217 733
298 690
599 914
526 91
54 513
118 521
924 128
929 736
772 317
0 90
88 402
9 828
337 897
210 829
877 665
995 712
675 71
706 753
814 185
756 971
413 579
811 284
840 916
434 494
184 786
974 472
702 667
566 556
905 872
203 221
202 989
799 668
159 505
753 890
590 647
795 677
512 127
381 239
302 74
899 659
479 874
499 896
134 296
738 885
555 438
368 962
481 92
281 811
380 778
108 272
965 569
423 657
749 600
830 931
763 908
996 389
532 915
572 171
260 535
942 482
172 902
855 300
170 627
126 318
880 664
622 960
115 509
271 785
770 923
551 211
774 592
101 697
259 148
961 125
720 769
374 258
754 595
813 335
368 997
697 513
928 699
394 858
842 712
248 892
408 387
818 417
784 218
138 866
717 845
905 505
563 697
450 844
31 389
191 670
838 988
216 727
60 385
47 38
909 274
569 785
226 80
289 923
545 493
815 607
816 555
774 390
480 606
920 741
811 676
832 616
815 992
552 166
449 537
835 346
990 857
765 50
474 807
353 399
704 894
549 199
647 787
917 908
999 61
730 44
971 267
435 123
237 744
425 434
131 663
925 962
39 923
558 534
777 730
727 674
626 34
372 343
270 12
408 51
797 410
559 227
107 773
568 106
358 60
387 887
865 508
396 487
815 830
228 619
976 936
855 330
439 249
553 446
353 123
892 355
31 692
400 365
587 393
13 946
223 674
985 589
967 750
434 938
512 587
415 831
98 117
518 641
537 868
559 367
508 222
682 470
601 153
280 100
5 464
377 598
582 703
873 753
609 55
903 832
755 477
947 258
589 639
35 489
123 107
79 308
104 887
27 363
691 65
369 660
347 337
687 95
34 721
181 227
815 468
705 185
365 189
515 773
589 432
996 382
829 557
228 459
220 935
434 19
387 647
254 91
871 434
980 252
182 637
26 338
984 899
938 342
764 468
617 456
824 383
11 258
276 451
748 417
324 618
300 263
139 992
7 615
19 312
643 926
855 190
473 77
581 25
489 256
444 831
948 711
485 505
911 532
166 502
710 101
565 478
67 503
575 312
741 989
635 799
889 434
3 713
413 242
748 991
325 210
786 251
313 944
262 826
92 366
319 435
625 218
260 93
835 546
514 487
412 477
955 142
577 665
756 664
605 242
479 584
688 797
380 255
836 312
216 265
96 72
815 347
59 842
834 137
571 50
656 729
322 237
832 923
883 911
156 487
330 19
872 739
123 555
267 945
420 254
603 650
755 86
187 55
40 602
954 81
330 35
124 306
731 499
810 879
519 145
419 587
85 657
342 729
36 192
500 946
415 701
971 118
452 555
689 738
389 9
347 274
849 775
158 249
252 601
945 192
99 995
575 7
583 160
2 945
344 664
676 84
146 2
149 559
433 767
381 32
217 59
717 88
872 787
246 176
420 969
173 918
414 634
628 25
649 114
986 354
510 798
203 278
546 623
753 720
357 83
945 719
693 651
859 535
72 10
321 49
920 654
214 622
401 700
342 143
269 395
221 700
495 415
13 771
586 842
355 6
711 78
44 737
643 849
583 867
229 461
337 681
435 790
799 729
417 543
574 766
468 695
600 500
871 353
760 123
27 791
37 715
749 887
730 659
81 877
599 753
15 209
269 700
844 249
344 935
836 447
271 339
60 642
491 241
906 418
545 854
381 318
891 824
181 324
85 902
581 604
848 954
200 652
763 390
364 433
271 7
459 540
436 8
126 392
276 953
385 86
464 468
5 545
425 996
171 367
766 389
425 949
284 45
676 217
984 986
814 617
418 938
352 156
778 945
601 187
814 574
483 90
951 796
861 491
207 636
481 88
123 921
726 102
236 453
237 145
1000 299
549 393
735 694
447 20
518 959
983 282
774 61
723 49
700 869
719 516
625 508
585 657
917 361
781 155
468 780
456 701
193 331
278 41
396 589
995 31
40 294
862 415
335 805
835 71
448 458
949 433
839 856
309 467
504 808
52 638
514 675
456 524
553 204
396 102
474 391
204 584
84 26
974 776
108 836
293 798
208 457
369 454
32 721
51 799
291 90
939 14
402 6
122 690
532 886
654 387
913 118
36 705
218 614
253 555
75 227
190 156
760 205
708 634
249 260
53 691
467 299
933 98
446 736
42 703
853 132
30 363
278 371
825 299
84 364
660 393
655 249
26 592
257 473
997 580
798 403
440 927
613 795
597 975
609 993
56 801
522 443
513 122
983 761
478 673
854 52
639 558
262 234
415 966
267 390
246 524
800 871
978 669
317 980
270 841
8 655
261 451
765 298
107 773
956 923
363 727
702 380
435 74
917 891
524 656
476 62
799 178
784 533
455 366
171 246
229 189
100 770
226 214
53 957
522 898
350 820
811 780
154 170
716 872
95 918
268 211
358 387
587 973
604 657
515 815
463 487
425 829
92 950
54 230
242 344
342 172
530 99
262 838
891 323
208 429
180 480
74 734
559 511
153 919
267 573
45 200
412 781
295 356
270 344
739 639
868 904
662 685
188 403
13 865
374 11
889 943
235 770
587 460
452 790
829 523
740 478
917 521
127 55
973 645
236 658
603 291
287 737
3 846
537 611
840 252
23 533
734 172
778 268
978 541
252 511
283 501
205 116
820 224
238 401
831 698
127 647
207 110
963 497
49 293
155 496
120 615
75 193
978 607
660 294
461 522
654 500
745 111
310 458
264 47
482 301
50 755
901 110
52 900
778 502
168 36
83 694
484 156
571 439
93 713
602 179
72 455
835 79
762 384
39 712
19 344
896 517
946 118
979 433
756 665
689 120
801 955
606 848
805 81
154 834
516 817
305 404
48 553
974 334
150 627
2 477
82 330
862 144
151 238
512 89
792 246
789 255
707 859
886 209
825 429
855 474
553 976
269 772
374 596
88 100
980 492
109 917
203 366
39 299
597 456
850 507
556 311
849 669
817 735
638 290
850 239
850 252
859 261
777 214
455 741
287 336
943 247
256 793
625 792
38 367
82 884
148 792
562 887
707 962
746 212
964 117
445 641
26 215
62 729
111 321
380 781
503 182
247 774
47 795
848 465
129 129
585 265
716 62
666 64
355 633
129 787
270 509
374 395
373 400
437 552
528 304
607 263
461 401
417 83
106 284
499 524
232 416
752 434
261 458
49 151
594 35
306 791
50 244
890 188
971 908
905 728
401 495
269 68
715 722
673 534
451 832
829 820
374 12
445 892
696 401
400 589
93 568
476 864
907 758
98 603
333 870
270 317
591 109
130 40
959 186
955 773
11 892
959 823
186 109
579 952
102 592
562 383
31 481
204 755
406 107
124 605
885 354
571 789
995 987
232 358
716 804
879 307
177 222
902 59
906 99
469 253
822 161
626 50
922 630
974 406
582 993
266 693
879 751
720 827
39 856
870 295
239 36
207 948
949 926
278 442
961 645
213 323
750 928
708 822
250 285
201 563
549 387
228 474
866 358
786 114
366 435
58 423
597 756
781 223
813 212
657 907
654 794
506 92
148 484
123 691
408 221
611 170
295 665
381 540
459 952
2 555
176 405
10 917
773 33
269 94
9 264
452 787
608 980
371 450
862 429
426 484
269 813
192 912
506 970
815 687
288 702
755 368
441 297
670 841
924 188
797 618
321 596
540 195
261 424
904 866
867 181
216 868
379 358
823 700
362 404
484 903
575 20
182 875
487 668
36 528
606 102
884 18
776 105
418 524
563 740
903 533
734 863
641 647
134 35
914 272
176 653
13 649
660 120
515 796
292 681
91 773
881 456
89 540
786 327
341 277
15 506
542 974
787 180
583 329
171 984
114 984
976 566
193 576
697 438
16 249
312 353
528 256
305 255
266 129
903 538
45 331
408 434
954 5
156 825
28 320
960 163
1000 543
818 114
838 287
631 861
114 227
849 977
566 833
655 565
465 830
588 719
857 151
615 137
986 220
530 701
180 571
816 968
107 512
985 681
975 856
235 272
479 394
490 288
789 564
307 401
220 48
890 453
187 619
414 651
729 646
604 274
650 628
803 852
307 666
298 467
927 913
959 139
6 86
803 947
318 875
80 306
220 264
972 177
86 578
68 467
774 14
753 986
453 983
745 930
3 586
763 334
241 51
720 89
183 20
43 356
745 66
692 397
234 88
247 359
188 151
855 97
625 222
82 737
871 860
919 625
687 928
375 111
110 160
265 760
869 391
903 124
352 811
938 13
548 686
548 795
107 236
889 897
917 285
328 148
610 498
496 834
556 935
160 751
467 826
679 338
863 642
889 165
620 308
272 834
14 371
799 365
390 159
4 749
120 407
247 109
412 522
736 386
682 687
807 499
951 739
113 491
239 968
619 569
659 318
989 278
788 478
535 682
251 103
677 232
301 924
919 966
815 925
182 519
261 321
14 397
313 864
494 823
827 65
516 62
476 395
581 927
274 333
704 770
102 646
906 620
320 110
2 649
748 810
118 778
433 950
802 86
486 993
190 622
258 287
978 662
787 52
974 278
532 39
792 602
663 578
629 646
829 112
997 808
473 644
446 918
682 766
2 51
844 730
606 906
967 260
62 171
93 90
296 769
329 390
418 353
427 40
515 552
87 693
570 388
921 59
166 753
297 281
1 782
778 302
312 571
169 481
617 140
26 462
953 741
922 778
734 30
433 831
378 240
495 73
626 368
361 885
601 552
994 436
554 480
977 950
690 684
449 650
145 757
716 24
6 110
972 949
856 575
217 302
41 349
753 910
295 476
294 857
340 153
790 275
700 332
369 162
186 14
28 320
612 399
681 81
529 355
999 953
730 940
465 162
983 778
337 327
773 900
216 89
270 834
724 491
298 86
226 154
321 888
826 823
376 555
582 400
573 373
628 150
771 238
995 581
290 29
559 590
762 286
973 360
688 409
960 181
20 484
530 19
689 132
437 113
290 695
613 132
690 613
115 514
129 42
330 557
833 815
561 598
740 307
902 974
887 256
599 745
716 756
772 991
4 613
554 589
246 316
961 482
186 992
286 573
707 561
245 698
708 748
631 954
805 639
250 391
492 173
738 317
511 633
642 458
610 148
174 486
663 467
276 690
436 356
868 311
781 815
378 856
388 936
619 522
414 326
514 439
257 716
46 951
530 582
754 119
37 837
262 937
756 879
140 627
690 463
227 417
739 721
71 223
242 752
665 10
421 189
577 178
959 694
232 458
474 215
833 690
936 494
20 323
517 79
744 299
622 939
701 845
635 932
186 113
560 139
740 56
352 673
713 918
19 301
346 389
587 589
466 797
597 606
639 667
753 875
624 435
134 611
100 654
782 237
366 240
196 297
127 699
328 415
197 790
91 68
178 777
454 406
368 544
2 747
746 627
433 838
749 646
218 31
15 151
956 611
309 219
871 160
196 695
235 319
578 335
269 44
928 617
750 940
992 741
250 521
35 478
829 430
145 296
617 652
664 665
224 483
667 992
348 141
88 600
250 788
389 784
901 481
508 679
824 467
727 896
219 287
38 981
6 335
953 389
353 258
167 493
426 928
892 252
509 752
573 249
325 501
468 141
726 336
365 572
734 997
537 840
287 963
703 986
130 944
195 482
477 137
120 910
752 980
77 558
957 371
703 885
487 489
20 159
220 84
616 270
981 424
678 748
861 701
889 898
657 112
112 522
976 861
583 562
688 968
506 136
516 853
684 740
770 955
171 51
330 208
112 644
323 971
122 428
498 612
641 23
194 705
211 520
790 242
682 581
202 513
446 416
479 375
898 712
684 744
675 934
290 633
516 62
671 495
253 410
461 1
816 45
982 717
398 316
149 224
230 346
857 613
959 487
849 84
330 473
95 619
914 874
450 175
289 806
678 247
772 644
429 802
622 1
322 113
873 91
183 107
569 10
806 615
450 924
775 973
382 900
160 728
168 664
534 593
462 450
136 323
959 633
339 201
355 302
814 951
944 627
670 908
871 366
448 887
137 741
84 736
481 391
203 857
730 161
368 204
997 634
943 881
171 616
904 318
11 957
839 331
410 726
773 515
234 652
772 618
343 153
543 183
575 629
761 951
750 265
570 407
104 86
957 159
78 557
328 300
614 255
522 879
967 324
639 203
284 58
539 757
147 617
863 936
74 342
519 881
168 819
988 245
94 30
753 991
932 428
830 822
476 651
619 963
351 455
355 715
654 439
982 682
382 397
382 235
5 632
276 484
188 909
349 845
567 745
358 474
910 365
690 624
376 576
725 992
825 541
471 705
613 35
234 954
285 131
249 9
264 232
498 313
146 218
967 616
323 677
855 690
275 637
355 954
884 963
158 614
397 601
84 980
867 913
841 267
641 728
421 36
626 480
653 173
640 308
392 725
420 391
516 570
668 625
996 291
496 595
803 451
677 126
351 129
118 718
351 746
803 410
907 779
601 524
767 696
99 954
837 446
74 77
922 162
611 421
530 740
850 938
131 664
180 328
265 864
713 786
506 202
352 293
474 272
649 640
686 233
34 244
237 127
459 927
99 845
991 542
132 773
680 664
51 171
205 577
475 670
623 942
454 43
856 307
828 966
835 652
270 179
495 882
816 178
383 347
467 93
462 964
68 244
142 469
580 134
684 309
45 923
958 930
577 988
167 197
307 574
914 344
645 808
66 213
22 19
199 549
901 85
749 520
998 474
397 239
27 139
751 532
497 854
681 877
968 547
779 997
204 17
349 272
537 324
75 328
288 421
850 396
291 885
754 930
534 857
648 170
486 890
832 796
296 741
602 222
604 736
231 514
801 347
26 597
929 297
186 422
809 749
281 669
93 426
875 507
999 535
92 611
279 120
948 213
577 665
429 27
342 205
551 844
511 754
923 924
843 605
205 799
375 254
537 3
534 836
88 523
70 553
826 448
369 387
846 892
925 518
456 73
654 575
25 525
637 1000
274 85
180 883
582 947
310 455
743 72
989 851
906 368
544 423
911 552
133 640
208 319
95 734
162 154
98 107
383 596
552 654
377 720
868 1000
630 380
848 208
537 771
481 546
368 549
236 856
955 22
173 543
32 359
307 642
384 798
494 291
135 147
916 731
265 279
92 245
364 455
917 663
350 439
323 319
226 916
706 781
886 519
266 323
241 658
47 234
372 92
468 158
137 222
116 196
778 126
176 614
588 423
809 610
581 691
255 567
391 727
279 599
603 949
863 10
210 187
645 260
337 406
878 964
893 136
742 551
718 608
425 378
49 196
119 402
61 172
967 973
977 606
820 599
793 54
381 193
160 262
464 241
727 129
652 477
911 162
41 857
547 103
778 75
625 252
620 47
833 370
186 657
724 898
596 870
230 827
543 523
524 109
886 91
755 891
231 682
895 6
587 596
116 32
332 596
918 291
64 322
186 115
599 649
37 150
153 122
122 794
634 178
149 971
857 371
840 394
42 930
445 815
258 469
107 956
249 896
557 265
650 828
263 741
649 970
143 262
328 545
995 895
174 661
114 934
854 907
255 268
937 895
394 291
277 222
429 93
875 106
922 176
716 938
335 544
609 492
849 389
843 734
419 573
336 328
991 202
834 477
821 942
425 744
53 339
910 307
361 747
829 260
109 22
175 313
712 215
521 309
706 602
955 376
560 71
68 184
652 511
78 764
850 410
213 321
835 824
159 121
813 269
501 164
183 359
422 257
279 283
549 241
414 672
411 772
342 77
443 417
510 783
932 105
502 628
963 682
826 246
992 644
153 475
30 205
865 536
233 350
81 879
789 903
75 789
891 73
932 712
466 454
177 591
974 96
426 561
165 89
956 5
83 796
698 839
612 37
278 952
398 884
334 980
78 457
75 61
990 465
291 427
483 707
858 975
545 688
223 801
375 166
561 827
857 140
636 163
411 268
883 544
955 634
969 114
907 296
837 20
219 820
597 195
367 533
117 198
993 807
326 504
152 429
467 106
624 373
435 161
976 971
806 424
44 415
443 862
193 594
957 363
595 41
316 974
960 116
921 304
952 88
143 537
105 388
631 767
766 882
944 488
224 195
251 44
979 946
234 579
835 939
238 453
15 812
693 135
357 673
421 781
14 43
285 447
793 772
535 864
203 307
221 416
177 963
338 461
839 635
677 182
562 369
473 396
80 765
513 813
985 89
940 567
413 417
497 629
868 432
243 798
739 826
941 127
758 386
434 734
336 387
959 376
177 664
656 145
81 960
73 974
53 405
664 246
640 581
738 389
313 650
728 391
106 890
334 32
228 92
863 986
726 319
767 575
909 993
522 819
686 1000
456 18
353 818
732 927
202 206
796 873
903 202
658 354
576 783
362 554
41 925
969 978
99 761
507 489
720 668
186 54
389 301
973 248
662 321
991 308
161 59
29 343
252 986
576 186
115 847
395 517
108 698
894 709
65 599
858 219
773 303
68 73
436 315
310 672
878 836
347 775
840 315
19 112
892 367
214 187
863 739
9 1000
678 30
409 687
697 64
348 909
350 3
140 251
441 908
750 895
661 747
820 123
577 888
685 126
179 851
353 341
672 486
47 366
271 581
402 444
847 885
202 41
771 684
1 20
313 433
525 934
24 199
592 302
960 87
220 29
358 800
619 528
946 608
17 72
468 176
376 798
214 894
245 281
218 541
499 411
633 815
150 390
245 282
153 533
315 865
619 49
804 24
949 973
80 689
878 352
305 416
592 630
289 763
684 346
853 20
630 863
791 674
93 557
958 588
494 977
340 728
401 307
787 292
145 128
414 301
294 718
356 738
192 783
795 522
567 361
385 434
785 710
779 471
261 897
626 660
618 862
747 787
991 416
809 306
799 646
859 917
467 6
503 803
384 697
945 140
795 830
221 641
860 215
589 640
139 912
811 701
57 553
524 212
276 789
957 86
766 642
453 542
554 885
669 175
913 865
645 246
148 262
712 674
300 587
505 186
988 577
187 684
848 156
815 963
95 452
168 5
795 832
313 280
359 976
826 883
657 657
665 321
603 357
671 943
908 643
84 585
333 329
157 778
358 165
695 597
842 309
955 676
985 35
660 74
338 968
658 882
740 581
269 406
763 248
301 603
909 981
644 42
784 131
671 845
408 877
683 942
626 253
92 581
541 99
881 218
167 882
92 279
972 207
56 32
20 788
613 942
290 494
731 337
868 277
723 373
525 647
306 988
644 557
284 84
526 94
405 878
528 897
362 596
929 710
554 202
797 208
719 818
261 935
850 891
407 563
508 234
282 563
162 825
918 530
713 812
123 486
64 125
285 883
242 531
816 494
551 630
31 137
521 857
175 642
116 233
476 332
481 717
496 591
79 859
190 875
940 340
803 768
636 175
972 128
255 134
370 307
585 485
993 826
216 700
158 828
396 615
439 669
979 692
962 571
60 189
252 388
423 498
782 440
958 66
800 892
165 102
956 703
801 647
779 201
721 542
939 198
958 29
311 640
941 924
658 810
570 321
960 901
407 153
16 611
544 299
21 598
948 238
504 126
625 176
558 750
677 559
27 423
156 711
629 156
150 587
561 361
921 192
723 786
591 199
958 344
62 566
583 176
290 107
819 709
476 253
507 744
25 165
220 590
56 468
511 72
500 915
202 940
960 836
831 207
713 928
395 352
307 810
214 102
331 7
872 534
790 805
965 301
982 113
835 48
943 549
254 39
29 827
819 487
287 582
104 754
747 45
449 651
423 879
431 929
934 700
471 789
740 488
543 137
346 58
130 921
224 1000
458 442
742 688
946 621
821 588
5 956
517 580
979 498
723 190
719 882
628 245
60 893
376 789
842 544
173 669
418 399
195 93
87 145
770 803
953 525
132 939
818 230
431 866
235 271
169 501
986 114
419 635
357 391
620 604
465 158
39 999
709 546
530 455
853 301
115 94
692 307
996 811
646 257
833 659
269 546
434 501
552 702
470 26
27 739
223 556
692 324
954 540
520 176
356 295
965 735
37 481
734 595
719 137
463 760
724 945
951 333
197 121
742 871
332 539
293 57
31 203
715 18
58 22
896 908
78 419
458 599
88 313
149 752
779 526
211 359
293 753
906 30
407 208
887 599
154 860
917 715
620 360
252 242
847 675
812 42
82 476
585 300
486 881
385 603
770 284
352 332
511 206
313 935
510 781
10 8
981 896
937 660
861 278
151 215
88 214
719 270
159 800
643 772
228 786
428 105
599 628
820 125
840 89
242 403
968 575
499 114
798 716
507 943
217 378
762 527
425 11
820 138
963 107
831 864
268 396
653 909
408 856
84 917
272 340
328 887
48 294
760 585
912 103
194 625
607 506
510 160
603 836
414 275
653 964
811 51
950 184
211 849
724 823
360 140
539 621
252 506
401 308
112 147
724 747
676 228
299 30
408 320
536 78
253 212
254 282
689 77
401 852
272 916
247 700
148 846
220 188
298 156
514 934
880 745
837 524
360 671
401 589
684 853
296 449
171 154
235 846
566 773
477 451
679 934
533 766
786 551
967 909
185 236
781 566
751 171
306 363
112 227
694 358
781 951
301 951
677 117
826 771
828 556
316 210
649 109
402 442
815 725
935 636
683 796
592 107
453 304
751 537
307 335
463 79
659 635
177 342
682 180
796 318
584 131
578 511
614 617
508 715
727 327
9 994
614 740
983 179
746 67
899 299
909 16
212 159
671 394
753 665
248 982
788 775
190 433
913 205
62 741
572 89
52 258
717 450
229 883
234 255
399 56
932 902
390 43
80 567
875 937
385 113
724 374
947 33
989 681
664 835
219 509
79 36
557 1
145 718
453 927
678 735
62 364
558 249
932 629
930 836
234 237
155 658
908 169
982 81
604 523
856 346
618 295
260 599
735 713
104 96
357 516
739 411
431 320
263 757
815 829
163 677
91 961
776 776
447 530
311 209
441 523
416 556
508 543
804 434
668 365
674 49
614 364
668 489
252 77
962 641
246 781
846 754
295 848
46 894
234 70
636 790
850 312
606 229
720 257
874 234
529 264
154 283
286 170
421 824
272 633
992 503
290 927
777 596
63 441
794 730
989 738
997 908
811 333
658 910
668 767
471 114
454 690
432 117
917 947
194 844
873 698
124 640
224 126
843 356
942 736
433 134
849 788
43 858
675 275
533 624
157 388
861 945
948 252
527 378
555 85
238 489
446 152
228 816
119 792
309 48
938 666
896 299
237 967
65 1000
601 933
272 404
563 725
279 836
702 416
120 276
480 648
948 612
149 611
469 104
361 336
0 604
852 433
714 643
185 697
158 458
93 436
91 603
457 711
925 230
49 276
982 902
582 825
553 569
427 969
313 232
865 838
385 457
964 28
880 195
589 581
549 247
91 362
147 445
186 422
404 224
236 579
129 12
136 988
561 443
64 880
651 630
825 16
467 506
353 817
136 613
91 281
198 283
268 37
416 982
780 162
209 188
724 38
671 488
807 581
283 724
170 257
901 447
623 406
88 763
11 984
212 661
930 203
837 269
523 826
758 951
449 142
49 962
629 916
85 350
148 471
26 450
933 964
814 849
753 986
294 508
798 163
961 903
690 54
917 579
962 278
58 223
439 703
767 824
640 776
730 142
471 345
730 188
768 592
401 845
444 290
79 831
59 468
524 521
705 950
587 413
153 652
460 309
330 96
130 512
387 117
975 168
391 118
108 551
488 696
806 209
398 70
96 301
510 965
66 790
865 66
904 194
189 362
37 777
885 896
319 641
964 731
559 53
904 658
642 374
522 406
700 995
517 49
971 668
5 803
619 34
563 556
378 310
854 800
211 2
178 368
956 200
333 514
592 145
638 947
467 520
808 254
701 252
686 177
421 233
149 510
878 175
740 13
37 965
273 42
96 404
292 566
327 380
701 557
974 314
735 388
340 97
123 925
563 827
355 645
355 452
871 172
405 767
548 868
120 202
990 139
481 289
540 122
876 257
415 416
318 759
432 311
900 605
168 793
11 813
947 757
431 468
372 913
960 349
12 139
269 64
413 84
574 42
381 643
399 18
888 331
991 198
803 431
579 847
80 85
365 151
422 75
953 624
785 806
343 167
581 224
886 383
884 772
649 517
799 903
537 921
94 890
288 665
309 667
466 562
970 988
835 326
364 953
956 113
432 915
604 661
513 125
37 170
976 591
153 593
311 664
614 725
741 862
766 651
158 882
851 127
595 851
107 512
165 142
217 148
49 833
655 492
157 170
546 275
777 254
844 911
292 839
443 735
896 594
549 744
892 862
154 367
895 109
976 531
347 816
257 498
341 856
476 656
312 478
223 60
17 228
854 899
301 315
120 97
271 155
141 304
910 324
101 191
4 106
633 780
926 767
65 198
649 463
703 236
55 103
724 250
301 598
279 71
577 242
178 522
623 408
977 719
718 462
331 40
217 433
305 79
603 647
563 871
477 304
582 616
56 191
314 833
15 884
858 665
782 871
870 114
659 837
190 361
628 200
47 422
856 862
874 454
114 575
685 809
740 484
149 427
159 634
794 898
717 824
999 135
758 539
283 226
962 84
624 616
577 413
636 72
598 785
139 376
652 712
911 904
660 871
344 342
985 164
734 664
589 379
681 52
326 536
782 785
146 724
314 33
737 388
381 795
558 671
857 418
302 266
258 291
821 331
76 138
972 656
355 731
402 681
380 364
115 688
155 584
117 63
508 717
746 60
909 744
547 288
224 186
76 825
294 990
450 406
630 510
825 373
467 453
208 571
620 946
400 17
944 633
670 588
410 759
235 367
959 974
902 834
456 320
542 349
439 627
252 68
817 755
729 553
174 929
496 426
21 528
553 58
215 93
218 768
372 511
760 526
201 329
463 548
451 281
526 977
515 706
901 945
688 362
218 538
215 729
223 950
768 615
636 772
789 715
348 856
766 500
44 344
840 886
13 903
763 163
306 238
656 265
814 985
111 857
811 164
319 94
983 477
187 971
298 289
699 58
620 340
497 189
829 105
446 215
994 968
707 254
801 25
874 199
441 369
657 862
866 655
491 395
718 891
406 575
934 807
50 822
599 116
303 146
108 625
30 792
757 67
256 346
220 151
544 309
900 724
224 976
169 202
754 501
967 677
461 98
455 685
868 578
722 326
866 602
990 324
936 736
767 825
259 250
744 101
281 334
118 681
89 737
148 357
408 206
21 665
553 189
316 38
556 853
996 896
574 560
288 301
514 381
452 354
557 129
318 599
328 341
279 116
813 589
453 823
372 449
658 984
489 732
3 56
750 986
872 842
313 414
45 905
530 877
203 425
220 229
694 507
316 277
617 993
902 305
950 696
74 163
463 3
613 858
799 794
893 535
726 63
934 687
625 257
214 140
372 526
214 445
417 900
443 787
345 432
156 547
355 919
311 178
423 497
535 215
390 323
419 523
12 48
24 850
644 87
608 160
266 683
159 768
674 455
398 287
161 130
917 709
90 99
73 822
311 646
893 520
739 602
411 320
153 90
860 462
594 713
780 91
640 373
653 314
857 260
351 458
999 10
504 650
418 821
555 236
249 253
225 273
99 102
808 130
693 928
690 250
327 192
70 859
900 21
570 896
771 195
970 148
704 675
794 217
372 283
644 155
260 408
712 924
419 859
901 955
247 263
398 862
931 358
32 993
968 633
269 12
951 196
528 29
517 567
157 603
38 396
422 399
915 432
786 794
732 772
437 479
255 660
905 241
263 176
926 534
5 46
766 626
324 520
713 567
567 748
981 657
157 751
991 935
418 323
937 791
880 784
843 511
139 554
73 767
352 294
628 818
960 286
556 349
24 720
79 127
352 220
103 31
215 643
986 95
234 353
122 650
806 561
996 618
332 983
768 977
721 219
698 201
503 631
511 610
740 356
662 665
235 865
988 923
875 710
120 938
240 280
225 575
289 752
339 649
449 797
428 885
308 990
17 495
755 393
855 235
225 766
917 949
219 521
748 43
143 165
351 894
889 756
950 779
616 629
756 298
390 352
39 447
730 149
516 328
777 645
725 581
493 467
522 185
641 898
712 66
840 549
402 79
652 221
31 649
567 368
203 943
711 456
100 408
611 913
508 807
363 773
957 286
388 685
11 69
447 293
448 595
704 596
403 233
88 565
843 703
81 900
674 172
313 840
31 876
464 966
190 228
797 752
45 269
790 733
463 291
1000 355
66 564
127 733
680 41
137 305
160 611
869 543
949 894
287 995
6 61
237 459
628 198
949 823
380 781
246 893
173 837
466 817
153 675
438 717
848 135
100 675
24 958
245 901
435 802
489 437
337 203
421 47
994 19
390 673
30 502
284 831
456 502
970 994
732 972
1000 830
903 865
56 836
301 524
453 161
952 758
87 528
983 238
632 920
548 949
326 941
220 643
626 662
69 586
980 666
867 566
864 135
421 442
614 344
230 396
614 120
252 254
692 626
247 34
392 970
485 975
370 309
961 75
873 828
485 747
353 899
493 696
900 418
936 324
200 58
534 682
109 281
485 721
712 181
528 566
647 683
378 502
89 712
510 708
489 103
265 189
161 864
147 999
448 374
648 281
177 559
446 296
57 873
838 934
917 98
112 801
874 71
356 376
217 212
380 224
758 925
643 362
485 816
796 757
432 810
983 85
403 252
694 723
728 991
121 486
621 722
310 481
74 588
514 25
392 918
78 782
811 366
174 71
868 428
594 31
180 105
493 320
421 869
803 633
858 704
899 467
787 365
771 311
185 898
486 898
287 607
876 345
843 329
252 773
740 479
186 310
798 805
568 256
713 223
396 300
689 609
339 6
148 268
360 533
172 250
637 413
973 239
313 556
115 391
623 611
973 990
879 297
733 968
801 920
428 910
970 122
312 199
240 19
603 317
264 713
533 600
226 763
565 334
42 430
144 580
471 902
349 969
50 628
567 100
381 619
70 20
914 953
160 654
986 396
17 824
67 722
288 564
219 995
78 49
187 298
376 678
376 408
528 657
108 832
911 223
324 131
49 668
379 799
856 113
734 275
449 715
341 478
122 998
201 85
397 537
594 821
265 786
808 826
518 92
494 330
972 208
308 631
926 894
142 916
402 84
574 177
13 539
404 205
535 318
928 260
675 447
669 859
574 351
915 495
421 944
538 80
236 532
757 444
903 663
476 985
568 700
477 505
687 299
13 849
21 747
373 380
670 976
233 626
28 594
229 244
316 930
351 778
494 867
119 633
235 126
986 209
97 392
835 410
231 757
704 488
14 768
740 51
896 447
529 493
255 376
814 731
3 867
559 414
553 343
947 668
606 896
707 845
319 364
769 126
113 376
479 659
904 204
868 129
818 646
65 201
93 468
123 915
508 891
889 955
390 631
858 338
21 335
941 919
150 49
872 552
404 365
768 132
913 353
268 536
853 31
167 873
464 929
537 66
142 33
16 499
269 269
572 398
589 739
487 528
757 643
186 188
314 711
26 127
944 720
976 316
981 837
390 756
544 172
860 533
758 680
310 75
317 984
494 132
939 866
309 31
579 121
535 399
253 75
221 224
441 580
498 96
549 628
404 264
602 698
1000 359
701 438
993 554
789 317
345 108
610 71
978 118
420 898
558 942
851 168
526 142
949 965
428 195
957 227
302 279
275 163
2 556
319 904
573 935
893 96
208 494
5 457
200 44
573 898
251 553
478 470
940 870
87 296
228 335
265 897
128 789
637 796
111 277
891 863
878 609
593 120
374 999
66 723
638 763
464 246
877 287
947 104
215 684
557 838
658 8
799 83
355 346
986 449
234 882
48 88
75 258
47 656
144 760
764 94
662 373
210 227
47 665
618 235
680 486
387 229
903 534
938 831
788 286
642 596
922 678
989 923
568 334
471 737
680 532
575 103
410 221
440 522
363 312
857 423
714 685
171 117
359 321
269 542
762 745
823 204
631 538
256 284
694 588
856 331
566 483
751 506
959 12
575 62
918 666
109 987
348 925
722 308
197 641
251 79
290 292
721 898
92 819
572 307
758 689
644 907
991 973
334 341
476 417
479 640
963 128
502 366
747 688
523 258
585 33
39 122
724 698
206 170
684 827
129 902
975 114
347 250
226 504
687 986
493 171
179 367
343 37
888 148
362 243
803 201
217 75
983 979
146 249
841 144
153 662
488 221
849 176
924 187
551 719
137 159
859 386
366 483
495 45
702 741
111 446
939 976
233 529
786 699
483 490
977 730
837 741
302 126
301 703
367 819
457 534
340 483
621 294
687 37
874 684
939 572
791 423
405 906
596 682
292 790
887 307
339 969
3 731
380 893
992 83
862 163
961 195
303 148
385 773
387 287
729 334
183 387
975 302
54 786
587 53
499 409
5 690
721 858
625 702
38 512
141 409
469 381
290 860
183 197
688 263
875 668
566 632
314 683
854 371
846 517
178 347
18 172
775 852
690 473
927 23
697 759
435 4
693 49
176 322
425 354
207 605
139 855
841 285
764 899
296 72
929 822
825 907
485 837
655 857
5 506
384 74
298 13
497 360
29 721
591 274
840 290
337 20
453 70
320 37
759 616
427 509
380 296
547 510
934 560
259 249
839 292
96 904
936 980
83 491
755 783
793 283
455 129
130 342
613 770
533 34
576 221
465 590
172 560
135 59
608 373
258 888
524 945
823 936
113 959
664 214
58 636
749 202
729 425
641 725
109 46
709 331
543 60
871 121
981 489
919 858
155 626
463 106
602 207
231 444
33 735
78 292
828 197
818 962
756 189
99 729
358 627
510 409
111 673
450 4
366 525
314 753
387 268
467 450
719 747
406 251
333 141
326 165
655 402
853 1
309 881
193 409
757 530
86 946
108 17
337 991
125 297
804 33
827 618
238 838
201 676
445 379
342 425
373 830
813 856
768 344
237 108
108 947
627 559
832 156
387 118
174 162
191 492
937 289
436 824
48 253
273 4
254 852
97 740
909 22
14 779
58 186
712 978
99 663
561 521
590 78
496 230
71 329
65 641
904 749
567 670
298 513
66 308
36 390
233 279
158 693
282 500
598 108
422 165
7 354
620 264
968 438
716 591
335 604
197 535
14 244
185 276
118 496
481 410
935 702
485 645
338 970
223 878
312 402
136 77
462 676
385 64
541 252
549 588
729 816
965 814
284 259
177 279
626 482
73 215
512 408
932 69
488 478
517 669
245 480
416 421
487 320
710 511
441 805
219 745
529 187
546 539
72 214
109 991
358 897
23 903
35 360
807 62
869 201
464 917
913 476
580 300
515 2
58 221
233 809
127 397
817 629
287 238
128 810
542 490
483 71
815 266
530 433
988 559
632 941
638 440
185 891
978 719
996 119
727 470
345 458
448 244
862 258
629 322
975 247
275 842
375 51
458 390
457 667
502 844
325 681
466 233
732 390
707 250
753 774
105 30
485 867
228 750
823 640
515 953
669 459
441 311
766 438
18 390
571 717
901 301
86 944
78 910
391 243
389 982
263 914
183 353
279 684
985 194
371 673
704 557
256 48
175 352
467 773
316 349
697 645
591 333
819 186
231 482
564 213
816 59
748 409
622 747
530 811
451 734
643 794
155 625
811 303
179 394
832 78
238 182
395 755
862 735
561 507
708 265
840 701
256 266
193 807
247 788
166 776
814 421
573 505
659 295
571 12
74 586
72 108
601 100
654 848
221 605
968 684
595 387
663 225
842 91
241 921
627 376
193 186
982 735
917 522
472 784
536 891
477 830
324 255
84 851
773 471
217 39
107 476
524 692
994 671
319 981
341 355
882 770
106 521
890 745
300 907
29 343
734 66
112 996
605 289
939 298
270 216
385 142
750 946
58 513
254 765
941 875
484 496
426 844
975 13
992 995
410 428
10 94
405 595
556 966
387 287
65 162
936 471
476 371
312 552
114 842
111 351
703 511
21 802
230 453
639 569
224 233
695 405
726 411
176 817
471 787
188 287
382 142
655 740
53 192
582 855
411 808
455 663
458 94
600 398
872 632
615 345
162 314
529 886
945 723
475 198
240 11
101 884
609 443
121 472
78 709
529 784
933 768
768 380
759 219
98 545
896 16
100 189
605 544
593 155
406 423
893 546
27 717
523 61
762 769
591 417
572 784
329 348
645 783
269 52
953 448
63 371
343 625
668 723
206 592
530 837
773 790
264 321
316 276
29 13
788 502
489 321
996 477
832 953
916 307
297 791
44 701
822 248
27 190
468 118
206 1000
677 481
323 838
934 432
396 270
315 973
294 964
752 105
415 203
447 147
978 302
192 427
382 112
834 631
37 754
273 516
335 694
247 338
340 698
385 920
936 124
850 129
818 473
472 72
384 740
342 190
26 385
19 40
132 849
726 567
974 369
966 844
357 365
534 972
219 381
690 497
79 517
765 413
343 800
465 540
834 454
772 788
297 343
463 641
574 957
560 688
246 119
759 543
453 319
742 618
251 283
891 533
860 111
671 233
318 179
683 969
311 190
139 922
134 339
94 512
460 948
394 827
874 509
490 466
247 677
609 287
112 669
722 488
771 847
135 288
121 823
953 299
209 436
561 988
867 553
380 462
867 519
990 693
141 796
442 837
135 110
500 597
405 758
818 559
204 951
872 937
866 208
309 925
129 951
334 702
734 61
344 825
719 60
139 998
147 507
644 65
404 545
149 291
902 417
220 402
696 144
682 211
120 895
292 21
182 536
123 695
763 809
908 783
374 969
647 994
359 963
295 891
367 14
815 107
553 507
254 379
295 785
909 892
879 792
439 887
632 197
169 959
973 732
285 68
11 911
828 353
641 987
445 493
348 939
516 237
6 812
863 457
207 700
173 176
623 29
206 46
820 942
558 256
677 681
756 357
353 981
66 928
790 985
873 726
130 898
712 993
300 91
87 548
66 737
550 542
569 197
809 537
878 426
57 684
342 123
940 271
240 89
565 970
558 869
247 687
990 941
791 484
798 278
51 817
808 178
997 86
975 113
171 62
533 351
624 339
499 336
332 847
639 747
522 303
630 902
573 217
778 358
768 266
999 281
138 640
358 223
105 705
476 548
855 543
687 856
813 28
812 116
427 37
343 715
27 323
371 638
959 278
965 927
459 547
736 592
407 510
658 724
260 713
140 686
61 424
950 433
120 626
982 75
590 873
532 809
628 746
573 704
982 188
63 866
914 41
815 477
835 337
494 84
290 289
57 921
954 752
384 612
48 653
265 349
415 153
719 40
707 604
976 282
589 52
599 933
904 769
553 11
442 591
917 765
601 519
650 419
649 56
859 176
720 392
513 436
508 796
894 117
836 363
626 353
743 40
103 168
625 364
239 720
692 36
364 85
742 780
362 720
139 374
16 85
992 103
914 373
552 182
509 716
781 620
838 751
130 356
546 191
396 677
653 777
953 667
3 832
285 915
130 374
88 49
747 1000
195 376
163 60
735 478
954 546
128 834
649 863
178 807
121 237
662 216
833 979
925 579
478 551
821 402
997 885
184 823
238 710
756 542
834 694
319 843
548 478
61 798
168 744
622 995
963 848
103 534
616 267
253 104
470 791
583 149
370 920
371 677
576 227
381 963
79 738
793 457
292 854
797 931
639 475
745 636
335 207
383 344
859 579
263 81
404 810
899 476
727 773
896 147
664 330
615 233
744 747
627 670
550 632
321 95
259 428
102 365
128 927
809 749
4 539
272 803
28 375
652 931
202 185
157 47
385 325
749 662
871 803
461 686
251 489
192 695
593 851
665 451
732 299
555 879
626 253
200 485
945 321
828 707
995 347
500 221
607 543
316 37
91 674
420 377
716 65
331 621
542 401
573 809
754 592
555 112
572 995
856 647
936 905
201 291
783 561
449 382
578 802
394 17
517 885
636 152
326 995
930 251
567 708
523 828
463 486
353 516
806 743
738 968
206 362
802 563
303 952
9 486
447 859
114 991
154 609
253 739
64 308
402 454
413 901
603 723
657 738
472 923
746 377
62 120
513 588
922 313
439 254
455 251
232 531
619 235
430 340
52 834
883 969
327 550
762 941
145 172
897 650
595 103
256 912
808 214
140 635
928 204
230 722
743 928
672 864
716 907
302 607
823 757
742 43
110 153
414 480
719 740
151 766
270 488
200 884
508 688
798 512
399 959
572 945
611 132
607 1000
591 394
883 517
39 326
977 630
700 962
817 821
688 451
609 357
512 843
152 969
623 345
671 175
762 235
669 226
343 489
505 806
1 451
416 387
349 973
641 804
538 311
979 820
227 47
626 950
28 720
769 83
901 494
610 864
997 293
28 302
697 230
107 41
30 962
168 446
172 605
777 159
138 20
853 559
325 202
488 953
306 192
362 391
786 184
700 322
521 612
32 306
432 487
906 698
797 207
833 39
414 782
921 110
25 1000
24 394
0 111
100 143
188 575
710 429
834 542
946 950
573 465
969 976
818 427
815 390
925 594
224 379
452 425
366 729
14 835
894 744
544 536
163 516
4 710
342 95
384 341
321 939
469 437
666 6
750 698
11 502
376 165
408 830
413 214
108 624
417 476
393 735
368 972
444 16
709 647
25 620
691 220
672 725
103 476
850 201
127 859
590 349
465 75
497 66
433 210
154 652
227 335
204 4
66 349
720 903
103 383
29 189
25 967
53 200
811 365
640 95
734 64
855 704
976 784
602 825
682 124
314 693
210 253
428 523
599 13
89 414
294 295
996 983
620 134
303 413
182 456
652 183
90 116
380 253
577 46
146 553
882 824
344 947
334 787
375 702
372 260
974 873
976 530
18 506
389 647
691 704
634 459
909 943
517 672
894 107
174 975
103 949
590 568
489 636
1000 878
846 531
506 536
417 457
407 673
309 248
654 820
870 409
402 32
544 765
760 791
200 920
227 890
280 10
615 171
895 653
260 526
571 812
592 324
81 544
31 105
788 43
246 415
267 563
962 351
3 838
728 902
27 150
125 333
791 892
622 381
795 156
310 130
442 945
614 546
61 768
830 56
2 413
506 13
406 53
429 311
637 454
459 109
525 116
879 389
358 946
397 529
538 311
380 866
66 430
993 640
159 179
386 720
342 58
476 621
292 779
439 436
321 235
854 495
309 28
627 737
621 134
560 848
134 943
57 792
495 902
919 598
800 804
19 411
538 24
236 935
388 455
618 661
806 771
186 383
524 423
735 88
336 787
777 428
352 483
708 364
277 948
284 264
306 881
551 502
544 922
616 399
931 979
560 491
516 765
698 505
551 900
629 389
184 345
719 307
119 204
174 820
257 367
459 119
620 656
160 754
163 152
83 988
163 904
406 435
873 610
339 963
227 402
11 135
964 482
557 834
53 248
284 651
534 153
817 168
154 386
160 8
748 329
967 486
241 356
124 219
931 707
476 410
613 353
952 487
621 103
806 636
238 189
311 53
897 715
101 613
814 323
392 32
163 702
134 852
701 755
30 820
348 622
44 413
939 240
579 3
982 733
461 855
896 538
341 882
943 963
899 586
418 553
37 444
369 633
65 138
753 506
533 735
543 805
501 319
794 53
237 879
881 121
695 576
793 202
799 371
643 188
226 14
867 626
584 32
454 60
689 526
733 908
542 473
873 142
218 452
543 179
740 399
189 783
194 70
872 894
647 463
830 782
453 376
397 788
787 846
635 933
974 615
327 78
128 968
754 92
83 154
243 973
923 726
71 496
669 686
242 99
943 65
127 637
188 723
155 678
138 796
19 967
851 375
670 559
582 551
288 595
503 235
536 633
937 159
140 386
432 449
903 319
487 823
880 14
99 138
113 141
413 474
455 388
631 566
979 241
506 847
294 107
268 102
241 359
786 272
233 520
563 560
568 24
315 324
172 980
187 357
519 369
472 480
293 281
130 422
230 901
594 121
332 999
778 332
946 384
521 954
605 585
630 23
267 553
452 745
460 966
558 15
241 722
204 239
76 724
972 318
126 494
847 28
892 655
950 124
579 59
76 605
696 199
585 458
556 569
44 448
9 828
977 133
253 296
764 329
393 336
834 183
336 259
449 636
834 812
331 207
232 530
681 671
464 964
301 540
392 298
131 279
233 807
909 333
408 688
368 167
609 472
347 629
563 845
883 484
712 821
710 373
322 392
112 536
545 961
387 835
155 632
671 889
297 556
207 600
4 156
586 336
478 832
302 627
472 724
164 254
546 656
367 947
385 937
528 517
142 669
381 457
352 890
55 130
944 813
283 921
802 20
805 184
118 437
375 107
824 394
307 128
593 206
568 902
184 53
517 11
601 142
128 904
679 454
435 663
918 618
95 386
22 899
563 135
753 945
223 514
411 164
29 838
856 326
294 723
888 4
689 968
658 811
523 66
174 902
405 773
553 984
682 774
412 993
244 805
88 56
543 719
234 54
173 688
559 337
160 253
874 625
742 322
813 460
450 484
992 924
103 831
40 178
290 239
532 520
859 709
9 476
663 834
603 153
768 672
927 950
768 963
118 94
684 888
657 319
234 42
163 421
820 444
351 132
378 578
728 222
458 93
781 836
399 637
660 800
995 541
933 392
329 70
834 793
407 0
172 224
133 834
262 440
401 620
521 881
565 272
69 817
202 356
2 860
804 794
605 387
353 508
742 761
673 557
249 438
946 257
807 923
535 668
642 82
629 648
475 604
945 104
642 577
971 80
496 414
639 977
913 40
442 656
213 384
632 627
294 893
46 908
452 85
205 341
526 704
910 496
599 841
670 678
286 160
662 10
238 627
553 696
323 177
295 701
12 460
650 366
258 324
483 171
474 849
105 820
335 838
903 868
175 408
108 421
351 240
96 499
709 159
181 257
954 613
676 498
835 173
933 747
738 890
253 156
667 733
309 834
802 328
889 769
140 6
658 315
213 262
200 483
206 975
858 992
658 79
47 393
151 498
536 847
580 177
978 173
334 669
289 409
277 177
174 877
596 864
528 309
95 504
488 638
6 83
394 514
512 398
452 778
874 563
942 67
651 201
741 589
239 971
755 539
837 504
606 5
706 136
502 291
36 856
451 762
1 763
933 984
682 364
79 547
356 96
727 973
777 473
714 892
362 485
541 462
466 839
574 102
287 307
298 35
856 611
281 801
824 864
927 812
797 456
1 558
492 983
801 565
352 117
303 107
837 778
562 452
245 516
570 383
720 695
180 71
40 694
861 718
454 911
458 115
963 576
166 189
630 997
559 589
790 28
776 580
313 65
973 9
468 49
500 899
933 803
596 936
236 995
924 469
511 195
139 665
635 595
923 709
588 470
104 94
672 974
611 915
651 319
862 565
681 799
441 806
35 474
131 905
442 986
662 182
743 316
534 134
625 70
520 110
888 525
870 142
254 411
105 93
278 906
987 264
243 376
376 823
207 403
700 474
705 131
445 542
116 399
954 552
320 250
621 331
714 321
928 818
188 726
217 112
839 643
825 845
828 586
876 912
57 591
188 557
752 19
387 54
713 890
75 839
142 105
888 92
773 631
551 897
40 362
631 587
870 667
948 295
400 18
413 4
904 704
276 106
84 167
579 365
482 545
845 723
188 929
843 292
376 938
482 26
187 666
275 97
35 120
733 784
172 405
171 285
6 984
7 991
351 174
613 894
20 407
204 447
3 733
732 244
958 250
90 605
306 413
949 669
815 800
123 583
105 106
18 164
531 22
560 991
170 760
338 742
884 453
204 787
743 443
40 646
537 622
180 57
676 862
585 903
743 517
691 291
448 952
743 990
2 558
640 771
7 327
827 967
71 830
639 153
598 873
443 396
811 407
600 935
884 987
306 102
449 174
686 231
819 851
274 239
545 156
777 946
103 73
266 178
825 793
429 615
797 159
81 181
106 542
492 845
811 139
300 983
347 940
557 574
390 323
433 14
804 311
947 182
759 927
150 918
283 862
671 674
699 277
486 108
392 600
711 70
871 727
623 658
116 836
312 817
306 318
84 9
429 7
960 94
604 948
439 502
696 853
718 413
516 241
758 725
706 177
769 701
244 239
39 166
649 512
94 81
543 139
89 347
6 117
854 124
914 690
821 784
292 624
832 395
560 648
628 111
194 987
917 800
869 967
678 425
430 426
242 846
507 469
413 301
192 829
43 14
449 435
512 840
321 255
874 40
152 43
307 361
642 369
33 264
130 622
401 719
315 508
104 987
852 364
968 225
14 426
531 331
664 462
501 77
115 878
171 423
163 467
36 759
773 899
772 105
819 949
543 663
905 725
158 949
557 38
207 387
613 950
448 235
207 653
717 418
564 803
615 50
564 465
126 652
808 556
135 30
692 107
313 454
750 161
323 525
37 492
494 121
498 726
188 396
455 643
309 606
260 897
147 916
360 179
248 340
892 768
623 107
469 77
494 435
204 473
897 149
41 349
898 600
786 296
665 264
92 253
410 653
641 21
419 908
874 32
962 635
907 29
726 697
488 518
155 80
576 249
913 575
472 208
807 71
583 795
58 334
147 203
842 930
95 592
243 671
414 861
764 686
73 201
377 890
615 785
698 791
670 682
454 935
815 18
439 433
882 139
910 182
739 561
565 896
714 258
669 424
52 11
959 328
145 38
428 798
837 159
178 96
834 607
760 952
213 762
621 718
246 246
852 760
227 730
930 465
37 592
490 656
462 263
740 314
18 816
553 408
884 564
724 717
543 186
150 819
557 752
9 881
70 824
406 528
240 983
154 489
425 798
437 632
25 364
107 871
923 293
566 991
943 786
223 738
188 268
208 909
418 172
298 45
196 133
630 677
205 695
659 163
173 137
919 239
262 34
869 776
902 143
238 363
896 431
437 16
870 27
65 942
493 235
933 158
720 961
711 925
814 887
451 37
922 952
42 208
642 115
92 380
586 142
143 346
429 540
958 685
413 801
983 57
26 91
489 177
279 88
712 762
60 363
228 948
451 803
111 400
268 541
237 275
629 998
93 714
591 224
519 959
547 663
838 474
783 29
102 810
71 489
883 367
8 621
555 425
914 944
302 352
436 279
290 357
738 182
406 715
135 199
811 585
405 212
359 906
272 820
389 624
701 181
566 189
689 877
179 904
642 319
846 870
87 15
404 913
543 209
226 636
75 436
41 620
687 210
708 551
431 40
922 993
169 196
806 245
664 120
484 900
339 550
497 907
666 458
873 455
699 969
193 147
785 275
56 890
767 95
558 39
24 295
650 995
562 424
343 953
40 70
528 288
254 871
945 977
860 300
276 599
974 563
988 885
582 829
1 614
450 15
89 213
843 172
744 12
602 371
148 957
822 396
528 494
994 710
469 737
477 981
973 687
978 813
479 81
831 989
120 969
129 137
599 243
949 478
329 801
167 480
669 274
216 254
764 76
950 819
979 577
319 482
149 342
234 233
110 209
33 232
854 763
323 415
492 392
563 489
85 652
699 474
788 85
314 320
187 646
392 576
792 447
391 549
577 759
790 960
143 70
585 728
141 607
522 873
176 82
88 298
164 138
154 183
818 2
272 700
215 928
50 443
380 854
686 978
125 117
501 820
116 93
451 447
399 456
975 129
627 408
424 956
151 253
849 856
381 490
770 25
14 193
821 381
624 626
742 299
922 315
934 678
623 669
184 395
311 605
403 485
767 173
907 130
309 680
719 90
130 0
331 572
773 682
712 638
263 816
310 911
623 106
152 587
376 723
457 667
749 8
604 280
637 558
191 529
77 126
454 624
295 802
324 639
200 528
265 828
435 288
70 378
150 767
194 945
517 683
751 165
52 244
936 805
638 926
1000 312
315 33
72 616
374 437
38 641
40 234
476 555
244 67
112 885
657 410
796 367
808 845
821 904
251 950
988 256
428 568
336 677
831 129
437 59
385 674
408 604
737 34
947 141
448 224
746 144
30 9
83 783
38 622
297 69
302 335
611 109
65 776
129 366
695 105
47 348
13 196
722 860
371 438
75 295
105 780
611 313
187 109
238 454
617 90
91 353
645 519
761 838
984 425
930 887
731 916
731 461
659 693
759 995
666 755
630 751
856 181
696 671
170 185
948 837
557 46
533 252
255 826
582 198
100 374
694 710
110 615
439 923
869 657
578 495
644 553
787 496
919 258
312 819
313 135
111 719
293 167
631 113
22 460
581 316
817 468
999 628
213 312
174 792
248 434
236 828
132 27
753 604
772 715
130 263
533 812
853 475
329 251
119 682
832 903
724 318
583 818
55 852
388 548
947 831
631 389
288 444
569 863
60 439
145 998
876 456
243 691
570 936
540 346
285 592
494 509
830 276
942 125
448 598
349 9
70 396
298 580
587 101
760 408
741 263
828 259
629 860
764 204
410 299
451 692
853 928
296 832
965 491
359 733
30 160
508 251
161 673
868 872
561 344
780 681
927 769
923 97
352 31
585 151
108 309
632 35
130 922
98 710
52 535
549 406
787 40
771 799
252 711
247 326
963 915
161 159
979 89
242 924
11 941
201 401
388 639
597 213
879 8
131 61
561 971
769 298
275 525
606 524
568 649
786 976
869 748
847 932
517 319
99 843
228 575
972 266
935 615
617 631
160 840
244 775
651 97
961 7
235 398
750 153
671 836
32 971
966 430
210 717
454 831
567 628
607 376
347 59
793 75
402 154
686 185
735 31
45 838
861 275
565 24
701 414
84 74
54 222
925 222
87 94
224 779
981 488
6 930
113 20
232 257
890 977
876 90
548 560
89 246
187 805
953 376
106 705
238 779
231 875
10 444
754 206
795 288
659 624
493 772
556 47
910 800
257 634
84 515
125 441
613 313
773 909
204 715
176 413
324 518
78 888
456 294
531 88
894 947
440 749
208 881
421 455
851 52
47 677
7 507
528 831
897 193
815 636
877 244
498 951
476 852
339 831
624 463
705 945
89 628
51 523
669 843
918 530
884 509
59 92
693 195
569 248
144 151
955 262
864 857
875 833
983 496
9 412
824 303
843 499
346 754
483 453
556 247
301 431
326 892
383 818
758 852
909 132
2 441
352 777
255 658
1000 55
952 166
892 178
318 569
155 851
520 92
836 860
398 31
951 931
77 741
922 368
497 236
731 815
450 956
378 355
644 277
100 108
647 553
371 650
279 970
425 643
754 146
648 643
518 228
987 874
100 685
39 730
956 629
401 84
957 954
128 954
209 598
785 34
631 673
817 52
516 793
938 595
517 348
605 177
382 920
740 243
611 729
151 834
898 738
763 654
77 339
805 142
162 546
255 838
994 427
765 712
674 528
254 476
116 788
666 795
999 435
940 996
877 973
999 197
745 708
59 32
416 692
769 142
685 568
910 870
751 528
41 784
178 481
489 563
61 791
149 721
170 471
406 285
971 111
712 533
969 741
334 662
25 914
712 303
672 318
875 301
676 577
68 622
443 746
245 358
876 714
390 335
445 168
543 507
688 998
29 160
911 814
488 606
487 18
362 688
438 700
873 211
570 869
242 246
245 65
402 973
840 76
610 387
13 306
876 798
167 880
241 205
506 228
142 770
367 626
415 212
318 558
883 953
261 603
482 597
107 475
366 159
95 219
698 992
829 788
20 812
463 947
2 396
389 508
891 47
717 390
45 118
484 847
922 335
188 892
326 364
496 784
851 426
865 851
475 412
447 41
128 532
682 359
518 313
320 37
800 663
780 242
451 554
724 942
193 798
8 954
320 459
695 854
504 800
825 984
733 547
606 615
362 50
716 326
39 4
671 221
388 783
963 517
441 755
465 940
115 369
289 23
58 22
740 815
546 408
903 870
456 160
15 182
982 913
960 49
288 786
695 550
923 674
335 730
234 517
410 467
338 509
367 457
521 809
637 971
999 38
755 809
717 98
218 700
208 117
620 747
265 553
381 129
952 358
593 191
703 796
714 499
103 994
14 80
664 44
709 831
893 400
94 438
162 988
973 145
543 562
277 371
744 369
112 128
975 368
380 939
570 889
713 828
413 521
132 959
440 92
971 994
321 768
654 567
784 189
965 565
834 617
79 660
366 986
624 577
28 507
344 715
873 125
746 929
930 538
335 377
121 356
39 153
908 563
962 266
289 729
171 71
190 223
724 964
865 918
274 320
617 983
528 480
536 538
197 364
573 71
668 834
236 890
127 967
232 959
450 757
154 502
615 445
332 280
593 231
296 976
388 436
658 464
867 274
952 449
316 187
860 488
444 444
938 139
200 852
332 657
983 567
207 422
9 912
621 81
79 166
825 54
710 251
920 592
756 497
544 402
405 135
162 597
165 530
602 327
300 27
670 567
748 757
437 849
878 817
196 531
418 202
256 398
513 521
65 735
601 383
777 802
756 376
895 761
888 960
16 903
990 740
485 16
35 813
448 530
990 553
697 743
626 245
760 471
295 527
554 246
319 514
36 698
725 421
272 361
215 850
37 358
211 927
997 761
949 979
969 559
143 953
12 788
831 75
798 541
435 817
198 755
974 438
177 264
534 688
326 231
58 361
241 146
962 902
515 918
643 799
379 749
983 561
109 542
390 734
75 137
408 306
140 56
294 26
274 733
429 143
921 36
260 179
385 735
739 893
838 345
920 582
863 983
735 202
168 90
669 868
827 931
679 322
801 75
706 818
845 280
704 928
438 896
621 542
113 382
950 517
419 879
197 597
773 737
594 232
310 335
544 924
356 153
578 569
702 491
600 891
41 825
810 656
581 547
550 861
712 591
143 728
963 338
170 943
36 584
136 186
792 730
862 471
309 602
457 755
52 906
412 779
474 444
622 388
739 694
586 697
362 735
560 407
2 536
733 168
713 180
96 829
829 206
668 490
860 880
260 772
945 439
527 883
342 867
2 173
518 619
882 90
98 442
520 428
149 750
619 930
582 770
542 500
544 470
348 417
733 219
912 944
95 63
315 351
813 425
625 380
227 247
272 608
796 218
883 231
663 181
660 362
319 959
733 880
744 986
504 346
934 890
546 766
40 741
993 59
733 542
24 223
294 690
200 491
56 53
709 991
39 810
772 277
703 856
188 606
539 343
114 772
731 121
324 938
243 81
522 674
661 141
774 321
672 548
280 385
189 647
860 966
968 83
343 235
590 359
212 307
635 458
447 999
9 984
173 827
879 259
209 929
400 351
957 223
484 83
179 524
531 377
55 708
433 844
139 686
478 435
545 448
556 603
384 302
429 557
80 786
839 246
796 864
50 220
598 716
851 981
540 169
588 940
415 32
528 829
192 786
904 770
29 493
533 930
397 534
868 461
495 321
882 650
965 866
197 207
579 607
165 995
230 238
345 870
801 923
788 819
461 597
777 51
92 673
565 121
835 161
78 648
312 468
260 900
623 300
833 992
469 742
371 476
690 611
150 883
693 161
630 761
308 252
758 947
311 924
812 922
49 786
866 406
730 702
27 247
941 524
16 580
901 132
244 799
3 649
895 14
272 945
330 290
306 891
390 631
542 144
8 869
310 396
147 386
315 401
873 880
657 817
651 285
482 744
911 998
540 505
53 721
470 254
306 111
719 291
369 556
134 930
88 284
596 250
803 282
106 43
801 266
43 423
31 22
589 117
615 997
21 411
280 478
986 89
512 7
703 405
904 365
56 685
115 1000
51 602
555 666
685 902
987 526
230 282
585 341
749 334
818 840
845 447
273 351
264 326
216 760
801 489
916 413
989 348
903 894
859 928
558 474
443 124
126 89
299 447
256 367
70 126
243 542
647 163
75 885
952 716
654 517
462 165
151 935
776 553
461 894
76 40
321 179
251 455
458 967
682 536
282 342
633 428
319 2
852 708
123 828
859 428
10 330
325 371
970 36
316 489
899 143
672 164
859 792
257 176
322 580
371 18
203 792
106 556
229 381
979 393
614 180
671 50
59 557
132 375
423 853
551 426
777 581
266 400
184 793
179 85
666 448
428 849
373 889
354 762
907 470
880 974
886 241
820 400
273 650
829 884
744 844
194 65
618 696
698 904
490 490
647 262
538 750
715 735
166 564
747 207
73 527
157 137
190 556
331 838
57 408
346 457
410 406
501 599
97 772
276 793
226 488
369 791
189 780
547 898
975 820
624 417
47 672
74 440
327 19
452 653
55 427
833 980
520 682
761 793
60 809
101 779
470 992
170 6
947 335
527 573
538 711
351 161
970 343
681 919
344 1000
839 854
254 470
336 246
144 720
458 57
390 406
965 696
140 221
765 183
331 192
755 989
554 85
211 166
950 571
392 450
902 572
431 670
305 862
745 317
328 956
173 606
967 732
458 499
32 269
430 804
526 737
622 308
240 157
779 19
680 877
30 963
591 798
835 947
474 882
66 371
269 532
155 914
170 626
898 435
968 164
826 411
320 579
240 144
183 707
335 915
776 76
395 426
136 606
125 720
434 312
936 239
640 299
911 836
933 85
873 538
724 500
59 929
908 527
895 804
935 291
692 244
808 127
530 618
100 250
411 379
931 345
414 82
168 524
344 358
449 688
252 164
905 110
779 501
841 218
86 254
630 277
539 986
158 543
862 188
118 834
411 673
343 682
550 85
702 823
464 341
596 677
963 489
771 416
88 15
990 670
113 879
74 276
136 944
786 54
324 763
606 710
174 766
536 394
631 191
447 756
37 328
767 824
658 357
347 631
402 332
874 176
612 612
849 748
456 519
432 870
891 826
55 252
980 737
907 879
547 25
681 865
772 792
885 705
34 864
898 438
547 562
83 714
415 580
75 862
168 125
638 801
890 394
444 769
563 347
184 97
687 571
17 170
135 190
379 862
68 495
612 737
989 552
942 342
769 66
818 921
650 349
738 296
847 410
185 403
576 862
967 942
875 992
189 241
167 638
416 966
437 513
120 641
495 615
225 138
495 97
397 475
452 503
277 251
45 956
1 727
55 244
865 162
477 564
404 364
896 46
719 321
241 462
237 499
514 783
363 525
98 108
427 394
13 555
912 363
761 170
591 34
184 973
711 590
436 198
262 610
334 245
705 682
330 893
798 879
670 507
144 523
114 843
582 745
731 427
583 253
443 633
150 485
803 919
457 1000
897 539
93 252
444 723
970 493
422 93
581 229
73 513
753 164
585 518
180 798
818 610
18 954
907 16
896 464
53 879
327 213
438 601
592 402
554 188
965 730
245 974
939 332
870 528
191 403
473 986
240 709
933 125
541 164
121 842
690 213
912 802
295 602
428 719
640 822
157 607
887 287
381 642
621 505
84 44
288 547
248 125
399 856
141 832
660 159
827 443
348 456
48 253
715 244
590 234
902 933
197 608
922 459
150 7
727 308
783 41
567 574
964 34
682 908
35 697
926 428
452 487
941 461
453 503
592 184
22 204
370 763
174 222
819 751
270 396
731 189
413 136
732 210
561 122
907 894
123 548
715 88
232 957
556 890
651 585
937 669
813 822
692 577
182 398
815 975
764 608
817 349
469 674
183 312
279 366
884 325
683 782
593 129
865 304
811 626
210 365
130 998
767 252
163 520
151 172
212 811
887 972
996 188
282 410
237 826
921 148
907 502
476 117
884 421
660 37
641 214
301 631
797 200
801 8
881 944
994 101
601 234
322 166
767 486
789 407
867 261
696 736
174 994
693 633
848 87
792 420
870 568
843 894
767 654
902 312
215 192
815 428
89 517
442 187
919 483
610 124
920 189
277 871
551 28
615 357
500 164
348 857
663 402
257 584
807 340
981 978
320 457
483 488
283 215
972 797
81 925
38 940
469 498
467 182
562 856
723 479
175 73
135 136
395 971
107 458
20 409
105 260
12 721
10 463
20 659
537 271
799 227
291 609
876 234
521 824
828 527
263 640
701 396
252 573
174 231
403 547
214 569
64 92
533 957
570 229
922 710
835 453
686 910
122 771
71 853
145 195
326 678
790 288
978 736
451 248
609 413
994 762
422 845
454 88
654 135
827 26
542 155
729 510
716 147
40 722
134 260
778 496
922 582
355 350
90 949
941 129
87 891
981 477
774 882
560 678
851 800
860 463
560 454
289 980
405 237
155 283
715 68
553 869
952 524
34 490
263 651
398 169
18 93
403 877
799 461
195 940
188 313
732 530
965 593
143 156
607 830
86 159
388 496
286 680
675 218
819 201
133 785
217 25
274 380
218 533
430 581
473 905
298 215
367 737
690 885
146 745
70 448
674 541
727 591
358 711
521 404
834 611
575 513
790 14
445 171
538 432
113 641
159 860
798 603
707 954
165 268
308 237
475 455
36 814
340 630
164 739
432 669
517 538
541 700
874 991
773 779
935 290
366 370
844 397
947 645
780 60
820 540
430 340
499 964
912 70
5 380
901 930
280 798
76 614
227 980
702 341
4 764
605 850
696 186
189 662
416 497
363 945
558 58
128 931
996 591
118 29
715 294
474 957
821 104
593 850
83 625
569 391
641 479
764 728
342 961
99 855
604 177
887 914
455 989
810 583
244 961
696 231
378 881
57 698
672 672
714 29
178 114
817 67
421 788
992 209
521 274
635 655
7 747
789 164
346 418
893 652
84 496
389 840
529 359
379 765
732 460
189 575
158 543
778 865
903 190
442 351
493 504
47 330
529 688
274 535
804 933
241 47
753 762
729 543
558 229
606 493
589 424
717 583
510 937
715 801
954 63
192 672
394 463
710 879
465 701
68 889
374 195
741 189
524 422
422 556
847 644
762 284
236 625
771 684
989 529
535 246
910 502
917 485
732 893
893 492
950 147
400 368
248 343
132 237
404 417
184 585
997 759
255 647
885 163
523 667
911 375
149 971
407 498
637 399
874 432
212 998
976 86
499 739
326 368
573 955
352 805
382 673
221 893
69 869
675 856
677 200
208 195
643 659
456 615
798 765
236 218
402 634
415 898
346 47
869 405
464 48
608 721
603 402
93 554
853 225
258 291
211 908
640 21
935 599
976 802
807 432
137 280
620 846
627 234
733 556
237 108
564 346
807 720
515 625
579 281
218 844
886 134
919 436
558 389
626 704
816 721
46 63
736 913
786 786
130 566
87 902
482 294
537 624
77 905
629 300
399 606
782 911
587 254
679 150
994 728
995 980
657 388
48 581
566 280
87 987
660 215
306 821
69 999
514 731
487 131
254 798
117 728
506 753
607 419
112 314
40 84
193 703
261 281
18 30
719 571
523 443
677 212
972 812
180 422
68 843
739 939
872 201
206 560
539 755
999 153
478 399
485 982
729 277
758 167
956 136
945 309
221 990
322 265
279 598
573 705
188 949
636 775
966 373
499 919
211 391
393 187
655 564
383 127
305 555
997 904
966 168
519 934
957 238
829 337
163 547
844 865
626 85
367 625
230 371
244 655
240 469
332 583
763 670
472 853
881 433
284 701
648 452
238 695
215 870
756 240
595 421
849 997
327 787
473 32
552 64
214 760
61 188
3 991
559 90
405 688
92 705
220 763
63 879
505 41
642 35
765 969
823 588
688 425
20 884
860 660
578 657
915 255
306 620
909 848
751 727
490 803
318 209
97 890
400 601
528 126
652 487
809 520
973 114
659 633
767 19
888 152
405 273
129 945
173 43
498 86
891 840
536 246
983 520
346 548
835 988
717 634
916 837
411 862
88 427
810 215
347 52
717 998
175 318
957 376
942 564
242 384
716 683
72 452
270 516
859 590
524 818
448 801
259 122
372 89
713 791
358 483
441 150
800 865
616 606
713 332
243 423
296 116
66 416
977 195
52 666
330 366
772 151
177 818
198 261
9 327
36 712
367 838
652 125
574 655
940 90
344 314
776 88
523 507
791 91
23 73
252 530
624 107
164 759
926 564
727 483
604 499
987 571
288 265
854 362
1000 575
927 806
487 399
290 304
666 562
944 392
144 330
54 461
578 229
392 80
392 864
472 77
937 210
864 815
209 5
730 637
501 522
873 644
727 430
987 408
392 290
176 238
45 283
977 420
251 3
587 520
251 659
779 756
23 293
182 134
875 923
259 237
16 263
310 879
128 998
407 659
334 442
907 629
616 31
595 647
446 698
807 624
219 919
431 796
661 317
871 382
904 678
155 389
681 548
979 549
125 469
442 343
636 23
315 757
609 689
155 605
176 310
612 828
5 702
707 108
928 720
283 626
312 232
295 146
997 727
583 539
173 912
278 3
731 518
144 174
687 942
673 623
654 273
185 430
531 937
899 679
811 169
359 941
898 556
895 316
218 347
921 50
399 615
623 372
136 144
775 446
994 419
327 382
39 545
337 939
683 546
541 625
460 861
794 954
913 476
337 375
781 736
868 458
964 641
493 160
601 236
833 732
710 227
728 487
630 962
601 554
708 989
148 928
62 111
271 15
893 309
853 211
46 937
298 309
794 329
868 787
958 839
110 617
818 853
397 89
392 137
146 556
985 577
799 425
257 603
468 418
401 185
438 898
620 387
599 254
918 395
10 226
145 27
561 630
801 729
866 93
298 48
434 619
344 6
890 770
585 428
662 66
170 761
772 665
129 646
684 87
370 628
702 735
202 306
932 143
260 43
492 538
542 951
730 384
884 89
8 623
6 206
595 540
544 724
681 494
429 660
608 159
92 514
643 517
808 874
603 314
453 682
287 363
841 166
788 901
847 897
228 21
907 449
675 410
951 62
857 470
138 970
380 840
880 552
312 130
958 912
496 883
281 313
517 162
857 704
193 862
822 978
67 942
25 217
336 150
261 425
221 398
526 224
139 871
245 209
736 333
50 571
597 432
522 329
587 278
513 442
825 826
713 292
1000 806
509 220
631 545
183 9
569 741
164 805
506 646
408 278
587 147
535 206
850 193
392 189
833 398
211 203
761 840
645 61
874 679
866 81
905 858
526 139
433 148
765 165
334 465
465 706
432 129
77 677
439 491
430 878
891 768
42 703
946 89
434 126
21 246
510 377
535 156
537 179
514 903
703 570
248 222
858 443
596 801
116 427
478 759
422 958
184 251
667 609
784 20
706 934
33 428
52 274
443 52
957 530
122 555
121 725
28 912
246 945
489 286
538 296
40 323
441 70
915 320
947 900
230 547
413 30
786 473
51 110
673 679
333 642
273 556
249 352
880 427
356 806
269 188
432 28
151 419
436 254
508 969
726 356
248 495
3 71
178 908
918 130
251 485
986 208
533 527
865 694
493 218
166 761
537 888
332 425
108 574
882 907
117 241
805 408
827 816
96 308
255 246
218 668
755 324
46 281
329 660
719 59
893 514
81 1000
717 541
195 773
246 165
135 482
18 30
943 659
368 598
992 204
585 950
764 350
679 367
519 967
542 472
192 528
650 796
767 228
488 829
450 676
446 85
657 734
6 784
476 985
134 697
846 272
309 850
272 303
602 828
952 940
320 733
891 146
795 119
247 125
125 548
307 106
556 628
199 393
910 541
932 910
336 59
522 289
660 316
187 349
963 921
713 498
685 884
5 557
678 919
396 202
862 768
805 965
785 316
566 252
891 745
568 750
210 576
277 388
143 714
240 809
17 485
88 172
629 201
767 817
184 411
658 524
392 111
244 673
332 107
320 750
303 692
280 672
353 945
798 865
454 676
98 68
195 341
621 493
178 573
422 80
774 722
808 944
994 843
941 477
645 484
509 855
895 433
204 858
1000 932
543 512
411 747
703 917
876 456
645 933
76 400
991 251
945 70
350 650
863 653
346 974
391 709
648 398
639 827
696 753
431 102
21 389
703 518
21 630
339 10
67 791
642 506
627 382
751 528
211 914
649 714
342 824
437 825
486 227
412 484
64 26
399 872
259 783
82 409
739 137
601 198
887 800
117 100
754 89
183 274
69 394
930 64
403 773
388 206
659 795
507 31
699 585
440 622
312 753
162 878
473 136
798 574
981 385
780 61
553 249
302 898
354 476
554 160
27 879
16 429
567 268
276 654
338 251
662 571
731 441
829 867
340 534
724 122
870 117
290 359
23 428
208 429
728 380
620 560
143 927
618 576
535 267
261 617
462 793
808 610
75 860
655 552
33 702
391 118
692 942
652 947
558 753
56 213
223 54
787 255
356 74
362 623
845 247
632 483
10 568
489 977
915 970
413 446
803 226
946 596
402 134
738 590
884 422
841 126
680 209
30 49
191 457
544 429
162 195
665 414
747 83
314 711
827 504
21 106
52 959
602 722
457 365
774 965
419 994
826 449
606 281
176 941
806 12
939 675
332 247
404 384
178 516
66 459
915 587
905 441
580 552
839 918
905 523
251 476
174 482
789 606
915 192
468 248
50 573
184 852
530 27
556 154
875 573
55 547
228 934
256 185
256 761
491 659
553 550
725 663
66 81
334 991
472 646
645 120
763 289
716 939
783 108
938 637
965 160
414 151
383 776
669 940
707 604
727 672
256 986
10 392
633 740
68 659
421 502
584 916
288 121
629 590
315 202
299 456
570 748
146 261
223 357
851 578
62 384
871 468
164 656
252 27
358 598
734 473
598 561
440 574
994 108
810 282
977 780
555 145
624 897
20 560
625 41
184 888
379 827
628 771
146 420
817 349
814 368
959 678
507 736
456 652
158 152
918 44
647 73
742 150
900 408
345 237
36 64
872 1000
818 660
287 304
242 853
46 789
429 645
764 953
635 775
67 498
37 402
606 546
707 619
140 113
400 768
104 127
441 866
916 371
862 647
248 147
740 408
298 961
191 956
853 990
564 752
457 548
624 847
60 357
619 924
60 253
774 949
783 773
397 977
48 597
819 396
177 6
644 507
920 858
321 585
127 277
806 653
235 949
985 714
743 599
372 416
89 790
70 114
789 447
823 591
258 732
285 921
566 114
8 80
434 65
576 139
923 777
101 380
550 936
175 127
263 662
655 422
464 278
512 898
358 782
923 152
274 810
97 180
244 700
424 935
132 482
600 220
991 766
352 701
607 262
494 101
808 147
394 605
703 834
672 880
279 429
255 617
258 683
678 791
736 817
581 21
604 980
359 587
939 454
638 375
112 701
475 250
227 928
692 455
355 435
661 116
840 957
258 99
162 776
492 696
532 383
34 285
512 741
139 926
70 959
874 612
428 948
333 752
394 663
863 165
455 698
479 600
120 539
675 860
12 281
691 906
325 267
821 125
436 464
546 161
347 501
48 452
858 887
23 352
477 564
736 379
27 367
830 837
879 369
495 677
1000 760
981 978
407 150
103 650
652 274
641 193
185 964
549 714
839 453
415 30
955 459
118 360
751 268
504 383
311 635
424 649
362 768
266 281
883 162
682 69
231 631
620 282
502 710
851 476
660 388
182 584
556 219
897 796
261 945
614 39
401 361
912 328
897 420
755 734
60 767
555 1
942 310
877 270
45 87
48 823
38 507
572 301
960 477
565 941
513 367
731 106
979 834
92 87
567 92
821 238
329 228
683 51
258 394
97 922
422 535
287 168
424 933
865 187
513 460
16 923
869 678
657 709
487 261
874 630
285 316
124 553
145 497
97 277
426 162
264 260
824 101
152 470
438 468
695 415
206 107
834 204
600 102
727 873
650 43
653 444
404 881
289 570
800 638
264 986
657 823
451 173
324 470
57 741
281 677
620 655
858 76
947 359
314 135
304 468
232 943
846 507
475 188
633 239
126 144
825 427
381 334
189 163
289 773
865 694
736 929
287 5
516 152
270 355
495 809
618 900
708 507
501 905
779 794
487 295
547 717
820 77
760 29
403 327
641 959
204 750
184 395
574 777
231 605
881 797
154 602
47 392
538 725
195 181
912 845
579 614
321 806
243 636
471 609
29 142
207 595
125 322
723 259
95 485
611 653
410 840
290 647
757 262
252 484
890 974
832 409
477 25
22 307
686 647
663 972
451 437
801 457
173 745
87 85
722 23
723 90
254 901
819 698
507 474
666 408
43 178
338 662
919 348
255 452
639 544
747 249
497 815
950 326
632 701
621 749
129 48
682 692
667 106
80 161
483 993
128 822
895 204
200 461
340 899
952 832
622 533
141 955
483 252
109 867
435 867
881 366
185 519
823 626
475 52
585 392
961 998
804 366
285 431
899 236
15 562
472 721
260 933
347 610
993 396
983 170
123 929
261 252
216 410
935 536
433 13
416 905
409 806
41 798
280 826
290 694
253 208
463 827
773 678
685 82
291 386
675 752
193 125
10 903
395 185
202 326
45 823
280 773
855 879
366 361
241 582
80 539
152 147
302 156
802 39
320 382
565 334
224 29
312 891
945 30
54 23
628 123
792 368
757 7
95 607
179 681
528 279
329 163
324 883
455 940
138 628
987 783
645 742
926 597
169 136
826 940
892 283
36 187
991 510
168 708
442 521
488 10
472 666
593 989
129 196
313 456
480 64
381 901
250 527
88 541
416 792
137 900
280 642
49 93
172 747
125 451
312 212
888 456
742 541
262 751
232 117
892 218
393 77
530 631
765 25
407 396
360 416
89 717
966 619
822 154
475 811
864 122
680 778
350 689
628 354
936 196
31 64
376 458
167 836
175 252
76 98
139 919
960 390
678 418
662 436
222 34
461 979
362 582
68 365
168 648
837 476
939 784
317 428
93 38
647 969
591 255
165 230
236 209
74 574
671 590
525 978
625 669
975 23
997 922
132 660
139 55
101 453
935 599
844 644
629 935
304 228
52 994
372 343
36 215
709 482
409 919
987 572
432 748
161 844
877 716
826 814
468 391
995 357
462 785
400 524
218 156
286 210
674 660
652 860
885 529
355 9
726 294
99 844
787 175
232 347
685 50
542 632
399 176
194 191
586 529
233 492
228 172
805 93
710 454
995 565
161 537
276 725
327 494
886 169
967 980
805 609
910 566
895 492
556 739
284 225
399 82
142 282
906 933
647 220
840 463
370 299
406 815
401 571
136 200
365 222
248 940
777 887
651 603
188 647
247 795
41 353
404 598
307 791
988 804
527 798
257 282
27 359
111 765
877 268
67 897
506 134
170 678
713 894
356 850
812 862
475 661
394 385
429 361
451 469
558 230
29 573
918 16
243 694
969 138
756 508
781 750
301 107
414 644
877 861
899 679
88 354
253 292
930 279
253 408
112 288
393 471
186 734
665 613
745 106
978 148
209 781
283 334
303 637
249 650
479 907
154 971
581 620
394 4
353 729
973 372
37 894
420 638
8 565
700 219
482 250
387 347
985 34
716 678
623 275
148 637
887 269
466 309
938 508
35 504
9 60
454 553
674 801
476 935
656 332
909 681
343 861
655 940
965 841
358 509
402 387
216 249
420 249
659 425
112 167
245 627
743 120
682 781
135 326
368 965
276 392
627 798
377 321
915 595
243 8
189 919
149 655
535 60
605 601
448 280
950 142
749 319
918 567
770 241
698 868
977 139
458 209
796 425
909 483
454 622
973 362
292 908
203 665
334 7
764 151
250 784
112 230
571 334
835 521
212 346
313 366
693 225
989 216
906 213
890 403
410 133
840 551
551 363
784 548
104 660
527 862
195 522
351 856
17 46
819 496
116 361
500 525
627 971
809 245
998 618
984 32
387 577
455 732
830 662
555 967
796 993
887 90
618 42
115 328
567 261
366 157
673 407
902 362
1000 355
634 60
904 692
42 403
766 688
702 136
306 786
892 226
242 311
264 663
828 868
636 30
190 768
146 806
915 574
927 368
390 686
938 52
174 737
302 504
537 959
184 370
268 752
26 427
425 758
681 328
689 456
670 598
667 766
518 654
681 256
284 885
33 94
629 433
870 656
786 992
423 188
257 441
323 151
863 116
222 773
837 18
653 997
36 145
316 985
432 187
83 969
7 692
351 979
441 303
822 754
562 41
645 624
927 555
100 417
503 764
835 352
258 726
587 747
545 925
867 373
704 888
567 684
543 678
904 619
164 751
177 405
149 770
394 613
753 78
732 64
901 236
122 793
717 412
556 247
882 210
747 196
228 313
977 516
647 423
992 374
323 275
944 972
114 671
860 412
108 197
174 499
92 770
39 807
387 479
804 18
111 305
225 654
246 850
793 931
492 567
39 947
943 880
785 276
199 590
323 295
246 972
656 181
481 948
4 357
507 894
684 216
275 374
57 997
458 294
803 687
571 25
510 365
537 996
234 357
395 611
574 277
633 972
661 643
621 452
429 484
450 800
925 993
306 611
782 844
456 247
851 536
385 330
479 538
983 455
201 431
489 177
263 545
