100
11184356 73064630
61712986 96227708
5742942 38800936
79538564 81979570
65103613 56911321
40078173 33488781
93860975 20377075
75376684 49504251
82217934 76224245
23701801 93439790
50816728 85440133
17275881 69014749
59916065 27764885
68574207 96690411
35232790 37844769
56502654 88084661
84998083 31209562
37763535 23499641
40255440 69230414
46348155 65229895
80221805 52923080
66465203 19731689
28968141 99532404
13805138 49966046
78141914 68283656
71294422 32055669
81738164 92292678
85259250 17308463
20947301 60621649
93755525 60049282
34613877 13367152
24093499 61148519
95321400 32604093
31410594 50217514
50360664 85122814
17859717 32625900
93569618 98560320
30255743 41827773
78569611 21050681
2812194 8223984
66882885 74619363
34784986 57052589
25110626 92563771
40428093 97747636
11178842 12068780
26944744 2810448
30286973 15121455
63248639 46970299
8823489 64213048
69478302 95614535
33270402 48672125
10743816 2823079
6408413 22861162
83193063 42116517
63929731 75930273
79687112 31228683
13250358 76880761
65342348 93870459
12442832 40705699
11639296 74678599
78354148 21460923
9480994 12979960
42952530 54524915
1461969 42495809
65235920 32991445
66575433 82970115
73922387 37422834
93889406 21123486
459960 61480628
64334154 63564544
66818299 71372248
61783595 95078372
48758735 10490463
45545368 87830860
24380039 45827486
98657322 73601945
10866500 86500310
96309038 85836491
33167978 42193374
41260717 57840265
62951021 83090964
5373309 86716484
28896729 78633917
52780796 57791439
3061711 77058383
77528806 17111930
98114431 10167951
67326832 14238376
94707198 38023032
6720007 21754735
96973791 45023992
13127797 85076969
55975059 61824290
2287918 96789211
63269231 83963743
85970958 41557368
28593217 97416525
27156776 93139888
52360108 51645845
16849927 25235905
