10000
671 633
97 531
566 332
704 544
243 713
858 347
875 668
392 69
230 570
565 898
547 600
354 490
168 781
745 513
592 826
23 264
179 75
667 804
797 549
948 504
894 963
737 476
584 665
339 699
240 493
546 464
890 629
71 783
479 425
480 187
712 241
571 914
592 257
543 128
189 204
650 197
78 583
958 484
194 358
613 966
667 252
922 863
507 513
292 637
912 687
717 59
6 591
866 289
235 222
552 871
800 333
699 608
330 584
440 879
576 751
942 904
272 978
481 137
66 256
408 167
684 171
610 188
543 755
342 831
798 790
94 273
383 670
713 997
644 80
580 403
815 643
932 417
280 748
836 383
426 638
532 421
375 399
535 141
53 170
577 689
613 328
420 882
970 298
309 625
683 254
370 570
937 840
97 931
104 122
406 749
51 55
664 135
434 509
419 300
323 819
105 448
421 949
636 399
313 31
219 690
406 970
128 155
67 839
194 356
757 617
932 90
139 13
126 610
130 604
560 652
763 768
349 609
601 735
980 946
320 683
665 126
712 908
348 109
52 416
660 673
918 292
584 929
4 196
239 662
434 991
122 371
323 598
299 589
947 486
428 242
214 126
814 866
360 110
50 638
759 184
692 421
446 255
623 528
964 764
78 353
755 545
550 91
514 278
858 942
266 984
440 179
167 724
540 767
0 706
682 195
253 193
622 276
928 139
767 821
271 967
97 131
81 517
847 340
680 760
980 397
252 631
41 726
341 597
28 107
840 431
204 604
767 175
590 206
115 985
802 797
112 744
384 160
831 330
989 429
198 988
949 810
318 612
274 880
579 264
952 817
949 136
133 87
302 197
58 250
990 288
813 1
642 811
596 853
131 391
145 340
564 529
866 217
506 407
736 895
634 643
701 588
39 268
87 46
976 860
862 263
855 202
857 193
777 276
895 92
630 806
913 53
168 720
562 265
950 986
932 48
244 454
896 823
632 858
402 814
389 598
623 202
738 15
521 144
643 235
929 437
848 782
999 232
713 61
159 150
373 699
251 316
898 530
605 123
774 250
764 596
585 763
48 887
562 976
567 357
641 397
880 657
362 675
705 303
268 822
553 674
836 356
151 257
707 957
555 126
829 879
874 980
438 507
39 333
555 550
457 239
46 823
941 128
202 41
676 872
965 899
275 299
111 346
182 734
222 17
980 320
668 169
263 328
544 296
605 26
541 388
85 549
626 409
324 840
551 1
257 52
207 838
478 377
653 911
2 711
890 143
661 584
151 411
720 535
274 488
869 735
715 637
270 283
280 665
152 798
52 7
869 687
599 441
154 453
670 986
514 276
259 716
862 120
492 908
642 713
831 925
681 817
353 496
1000 825
515 15
822 489
694 21
940 797
792 888
530 492
303 543
472 652
902 273
318 946
970 495
9 927
398 473
433 706
449 270
838 813
636 306
218 992
399 959
100 235
493 592
197 22
971 284
108 150
563 196
356 501
975 374
451 574
271 161
786 180
908 368
142 324
503 196
166 361
967 483
369 132
668 697
167 430
651 752
59 256
417 969
145 547
692 419
190 142
178 984
892 970
555 117
755 266
720 681
274 469
303 40
132 664
618 836
694 426
47 371
92 690
371 260
595 566
365 364
122 524
941 585
356 343
559 47
13 251
830 720
757 525
848 707
406 37
239 97
535 864
769 988
40 966
239 372
747 267
639 899
38 160
709 258
52 469
796 717
349 376
667 625
899 210
885 192
533 230
882 60
706 959
709 836
780 200
282 374
542 542
804 199
252 900
409 109
414 776
522 539
748 712
388 925
981 609
562 73
587 559
279 612
970 607
188 284
676 464
227 60
711 45
968 39
561 800
918 455
420 678
176 898
537 784
342 170
540 676
732 115
455 523
892 855
286 386
942 359
432 552
801 856
752 558
414 33
79 886
835 981
745 158
166 745
889 794
591 178
108 437
916 1000
102 896
784 831
476 311
505 268
564 464
515 229
8 666
795 727
537 728
142 426
604 259
853 394
289 180
468 104
470 478
791 652
705 649
205 245
394 87
885 700
283 454
783 59
84 225
43 395
411 652
338 581
894 920
902 592
229 479
802 909
335 793
778 856
775 465
294 80
546 374
53 264
493 414
595 366
79 909
584 947
715 940
632 890
942 685
902 21
546 816
472 246
357 534
828 967
342 480
661 635
591 96
588 355
259 226
800 220
314 408
975 570
162 512
329 166
70 203
896 387
2 606
930 901
751 396
764 890
612 45
271 332
7 592
715 336
344 315
890 336
311 810
627 831
481 353
587 792
71 158
125 940
988 477
195 111
417 405
55 471
447 64
959 427
764 197
606 172
321 199
322 78
121 921
870 624
857 119
449 237
280 934
342 999
210 369
362 687
138 538
638 671
541 650
537 7
825 199
671 990
913 253
745 354
6 720
271 251
890 19
23 937
471 878
91 438
438 725
105 493
970 965
464 624
658 549
697 461
91 339
678 216
941 753
420 332
197 398
983 72
61 944
320 945
558 412
954 364
494 22
577 66
388 487
152 716
496 723
49 243
769 7
958 530
146 347
293 763
991 501
40 155
437 286
320 85
840 364
739 969
282 944
81 635
790 993
953 748
469 280
824 604
133 171
504 128
821 252
299 982
804 106
922 534
536 715
474 115
813 708
121 982
64 119
615 866
827 249
595 516
855 711
574 194
172 941
119 600
78 131
413 954
311 405
134 721
299 72
796 969
381 340
662 640
466 731
378 517
934 434
940 881
826 119
238 90
968 559
293 813
325 727
185 851
980 781
810 658
106 949
474 293
572 391
237 0
73 143
853 20
914 81
971 856
256 133
214 19
198 974
264 78
310 746
145 889
180 820
953 890
792 224
332 614
152 520
138 814
695 216
282 424
302 748
985 833
347 197
951 239
215 462
273 535
423 766
121 998
181 872
55 156
517 370
787 558
17 579
391 881
416 598
117 943
214 763
257 441
438 258
892 74
450 21
689 640
823 584
513 765
577 254
77 836
750 452
11 495
411 761
423 704
692 354
54 246
734 206
625 495
553 565
660 222
726 815
552 461
913 723
352 237
961 844
671 436
589 88
371 931
293 355
825 179
77 111
741 311
995 978
852 984
339 927
296 124
290 439
327 621
549 823
736 223
933 130
237 841
154 263
258 117
940 716
354 824
302 412
39 342
652 609
409 711
146 492
418 996
341 140
778 983
35 147
443 398
420 121
297 390
419 601
21 362
905 540
21 36
480 720
343 52
777 73
958 630
717 235
570 232
941 73
251 91
559 155
17 567
858 176
15 662
127 81
735 229
351 347
641 245
152 158
220 812
339 500
110 741
360 170
627 308
306 878
401 949
951 379
997 634
815 839
385 946
550 757
372 961
180 862
278 175
577 302
230 286
725 305
565 515
631 397
499 751
134 430
254 79
777 394
994 184
57 87
36 340
600 778
118 887
687 357
784 751
765 396
945 137
464 742
230 272
83 275
963 570
882 515
742 829
434 876
194 132
69 200
738 299
319 589
401 45
730 873
475 647
81 341
403 478
609 19
76 539
991 576
856 299
36 794
187 343
825 569
77 738
139 586
708 60
743 246
974 788
210 108
340 905
234 917
358 506
537 791
34 14
664 920
143 552
694 231
780 100
465 245
740 984
121 679
792 901
395 459
671 298
339 928
745 856
992 256
78 141
992 290
570 964
504 170
686 224
917 431
559 742
721 224
39 57
93 326
391 341
134 517
353 361
435 957
672 841
429 87
399 797
519 956
885 958
427 759
476 650
526 258
958 127
230 742
312 899
195 597
103 248
115 395
366 254
715 234
778 98
915 374
595 109
870 891
41 461
879 373
409 611
465 176
413 203
775 866
823 510
246 995
594 565
760 147
721 818
198 14
1 875
282 193
625 93
805 441
231 649
410 534
349 385
129 963
149 473
384 497
956 869
612 315
509 927
894 663
291 414
902 302
221 284
111 197
500 390
728 616
697 260
835 124
211 505
473 551
115 995
557 447
186 350
2 921
619 712
965 990
820 95
636 343
755 935
548 697
684 752
529 248
865 784
323 963
665 407
38 276
749 123
716 147
785 164
883 926
6 66
65 687
236 222
346 803
258 651
794 929
438 315
516 420
471 222
383 634
258 411
271 976
131 407
888 258
979 975
134 837
871 145
810 610
747 516
435 406
83 927
934 896
390 297
463 233
910 198
517 181
797 782
296 818
619 808
915 805
918 1000
22 548
729 272
759 46
709 810
721 609
409 602
569 33
105 908
294 498
782 126
466 5
806 758
880 658
994 213
89 628
488 243
384 190
173 759
1000 305
755 64
225 315
709 33
897 238
514 182
268 332
644 137
241 723
56 508
266 786
859 837
65 625
328 18
940 855
882 562
430 571
560 510
706 528
754 472
68 611
97 600
102 817
576 213
61 764
458 528
247 256
456 353
0 139
28 219
232 421
843 880
504 363
772 196
235 110
996 446
909 909
51 82
476 395
221 790
836 698
455 791
877 13
872 306
696 899
513 254
402 634
379 462
736 968
436 36
627 281
206 638
749 285
168 143
536 956
883 304
35 483
118 595
54 365
839 50
738 602
835 49
436 759
753 196
980 159
713 603
136 214
863 196
788 928
147 282
248 673
705 170
410 247
938 406
870 55
818 558
52 82
544 222
312 219
59 109
179 488
797 576
423 327
526 330
371 217
143 860
418 762
841 416
982 764
530 238
858 438
78 554
370 202
843 23
376 294
445 1
900 274
33 129
994 494
819 420
704 424
607 364
881 134
622 953
500 470
576 410
520 67
175 264
886 393
389 929
940 263
404 904
807 511
406 391
629 365
978 980
861 463
762 221
248 923
308 76
116 435
297 798
62 262
380 365
971 763
845 542
29 185
905 957
502 924
640 801
785 199
908 305
144 541
355 522
222 464
546 126
462 332
859 395
833 125
113 438
439 843
546 203
90 405
308 462
900 67
877 736
219 956
898 548
635 685
259 976
896 436
786 586
189 240
718 663
862 820
348 879
906 353
614 307
156 1000
967 717
306 125
815 742
861 825
603 669
663 639
519 244
234 130
403 596
491 955
61 448
592 652
223 605
329 916
822 996
159 196
993 915
982 133
542 109
933 702
984 877
363 61
989 225
412 516
727 901
152 370
617 398
260 172
586 239
758 227
621 545
539 308
213 848
149 895
155 256
336 936
19 668
9 479
941 487
266 113
587 136
166 797
105 36
212 408
680 305
385 367
578 696
134 299
886 454
490 554
784 820
996 41
101 446
441 671
874 277
517 668
381 366
803 152
460 880
890 627
452 243
633 429
167 274
375 24
465 917
209 617
499 414
975 298
364 697
122 20
136 623
574 943
94 620
567 966
949 934
726 326
609 266
729 831
913 787
43 208
970 228
531 397
450 103
391 83
674 103
713 215
728 348
102 843
698 79
761 759
475 889
859 374
809 533
997 918
475 542
387 555
896 943
802 437
420 607
212 957
749 431
322 12
996 109
172 727
459 899
279 981
88 965
714 847
443 125
302 86
266 850
959 47
741 603
323 394
685 148
866 801
835 145
972 690
741 538
247 871
358 328
772 466
897 323
39 675
803 921
51 80
35 859
181 646
897 481
372 131
360 420
864 269
137 611
755 701
862 983
435 202
439 650
888 147
41 757
829 217
449 932
510 566
374 616
864 177
855 628
765 943
759 349
11 385
690 710
818 915
371 841
732 368
90 804
88 216
987 502
134 372
204 627
39 878
611 863
272 452
932 214
614 247
281 905
265 561
279 928
583 848
679 477
190 257
254 546
914 241
257 569
935 579
36 267
973 553
166 153
326 500
157 321
170 925
105 473
445 454
977 1000
112 187
401 485
497 408
556 125
526 323
385 953
991 487
453 774
636 627
410 551
88 588
874 223
960 33
296 318
991 327
182 934
531 170
550 79
914 304
937 884
535 408
859 147
894 148
551 497
238 442
139 243
85 125
897 187
13 768
829 782
253 485
359 74
408 300
938 283
640 645
125 952
919 365
365 230
48 760
913 196
800 82
926 116
232 645
229 836
435 33
790 396
295 359
108 758
372 269
777 574
691 297
962 204
784 407
551 337
938 666
848 713
665 49
113 938
512 897
78 929
175 722
685 107
727 562
101 513
253 897
485 598
122 202
535 858
221 195
591 993
140 550
28 39
338 543
268 676
219 388
52 838
938 532
933 19
649 526
786 57
857 649
243 22
374 955
983 478
38 70
10 392
898 635
88 703
811 248
659 747
387 274
38 146
917 324
344 954
770 894
909 952
729 340
580 46
421 809
960 82
406 482
700 437
56 211
874 47
172 456
370 81
624 534
473 63
246 750
24 741
16 264
365 72
387 793
833 803
98 885
639 411
210 445
44 374
570 980
59 748
26 463
534 832
927 583
736 336
886 704
980 571
181 855
772 262
990 864
143 225
78 165
79 842
959 534
254 842
880 227
336 970
411 621
103 989
33 700
319 834
854 569
677 669
117 853
276 755
402 652
181 61
412 899
559 752
504 149
603 155
336 586
49 85
510 477
144 587
300 824
598 204
984 38
745 384
162 151
698 353
312 976
996 209
16 653
131 909
534 664
206 431
419 277
100 487
195 610
918 384
644 952
352 599
786 122
527 447
115 932
652 204
707 85
293 985
589 640
592 451
639 712
417 99
558 978
127 222
784 238
131 269
592 937
950 600
175 186
132 360
944 921
973 904
859 468
797 811
138 373
945 417
465 8
260 987
601 990
954 114
439 13
154 556
515 369
978 601
568 959
448 295
417 387
316 882
619 150
983 594
707 137
400 696
337 602
424 788
897 599
183 258
597 781
754 516
568 930
446 573
69 457
572 225
81 675
19 10
921 824
175 533
352 363
55 489
614 307
159 335
273 304
269 874
589 241
47 35
834 574
679 34
199 119
273 351
889 619
601 239
538 878
932 381
418 391
373 111
994 939
637 806
909 23
160 560
589 961
397 736
939 901
373 910
459 988
996 442
166 95
412 678
223 944
103 837
471 779
856 89
840 629
691 669
443 355
992 352
554 198
7 472
619 572
444 954
478 128
601 22
701 660
371 22
549 903
276 517
955 101
464 829
705 400
941 452
926 509
516 646
710 23
806 424
906 70
211 476
207 595
326 917
985 705
417 699
366 702
991 559
732 207
777 879
12 14
281 56
534 796
118 544
841 666
280 936
788 204
207 160
356 550
933 997
923 394
172 512
64 845
432 324
344 985
570 4
994 799
600 458
212 703
730 337
742 951
741 716
649 93
291 125
615 875
399 487
515 991
623 1000
263 295
706 404
670 865
698 724
985 936
810 97
597 896
914 683
26 946
204 147
971 285
926 488
273 878
828 299
922 49
950 104
1 126
231 213
182 305
790 386
265 3
580 231
846 709
366 36
467 485
491 691
732 102
667 790
841 543
509 32
439 350
60 8
428 652
578 285
90 533
568 414
202 316
781 819
819 569
843 584
744 77
557 474
516 117
725 867
76 174
319 319
16 394
447 470
341 918
112 675
224 862
355 627
240 963
308 417
270 650
950 202
976 822
538 785
16 55
316 326
4 819
385 828
986 121
892 872
688 949
838 975
554 204
724 667
249 596
156 811
78 253
922 678
62 475
571 353
610 12
381 87
321 650
872 928
34 669
712 929
733 427
0 598
883 509
16 527
532 835
154 560
330 856
812 178
696 705
674 978
153 868
821 958
982 172
822 342
26 844
854 41
622 951
354 356
418 757
951 309
348 777
991 878
288 205
993 139
753 663
54 54
986 648
265 375
188 658
840 284
448 677
806 161
87 14
544 991
992 888
230 80
15 909
49 855
475 416
276 256
265 300
311 422
84 186
547 376
358 521
217 172
474 10
49 699
772 119
433 456
39 820
149 640
738 464
52 779
375 126
961 13
969 594
795 729
86 551
385 913
391 816
96 801
712 510
475 899
379 916
253 222
60 781
225 460
807 500
160 497
23 442
182 294
957 137
639 861
221 875
548 984
677 2
359 515
280 816
117 429
211 882
90 993
513 868
562 943
395 811
301 351
923 83
972 413
288 989
930 721
422 483
716 839
460 626
567 96
548 574
142 635
5 981
623 875
519 543
998 615
352 306
536 603
310 178
751 460
227 122
184 101
807 674
718 599
326 35
310 951
195 781
347 595
429 245
68 600
512 435
604 922
851 349
296 887
526 623
99 20
372 856
856 63
846 62
120 552
79 224
74 129
346 802
586 626
195 21
460 19
874 497
925 213
564 744
181 771
55 262
686 603
147 691
952 701
522 966
711 942
406 911
923 290
3 366
445 586
487 573
445 782
129 302
368 666
46 329
950 923
160 850
257 686
468 648
681 237
45 862
114 307
526 271
379 833
910 230
927 234
856 318
206 149
379 477
989 137
816 496
269 232
33 626
448 883
238 650
751 539
392 183
589 721
232 902
878 640
636 855
113 759
988 467
329 174
655 106
133 198
803 839
448 239
860 866
819 449
825 545
765 4
185 893
440 400
996 811
666 722
276 899
984 590
423 389
329 639
68 874
60 872
984 412
485 703
229 412
162 604
27 8
95 677
715 575
729 692
807 610
857 394
2 703
827 473
208 824
237 92
468 916
56 790
978 723
878 771
217 551
507 226
300 215
853 598
308 224
328 542
411 571
176 606
636 680
659 294
555 838
719 553
474 893
232 837
304 649
692 369
396 101
739 795
519 56
318 738
158 991
323 806
291 346
524 110
315 462
778 307
892 707
441 123
645 467
619 706
687 19
267 278
507 649
803 625
85 394
718 796
679 698
88 340
384 168
953 712
966 755
97 817
428 756
740 887
309 791
560 224
958 242
817 321
51 553
623 703
836 38
989 801
497 794
220 929
860 486
702 376
263 41
214 978
31 253
962 376
9 319
713 567
482 436
455 499
443 474
536 774
383 554
519 99
745 22
946 1000
842 570
237 443
660 339
625 155
95 827
245 155
215 432
90 887
560 158
412 989
308 371
298 242
905 99
890 830
640 941
685 436
160 411
583 921
81 916
89 178
455 613
797 822
355 222
324 814
442 299
917 838
226 230
732 449
167 229
981 513
167 946
963 221
927 198
439 999
607 302
509 193
177 866
390 348
138 45
515 181
687 454
71 466
698 678
361 853
715 9
226 207
535 417
711 31
421 327
525 858
264 319
365 23
89 791
507 10
429 903
834 53
687 374
171 534
562 651
49 928
200 486
379 75
122 57
973 80
322 977
195 299
627 701
506 991
830 901
247 526
435 854
585 257
42 257
689 536
971 738
190 453
852 709
532 829
12 852
621 475
76 908
716 7
83 104
445 609
0 479
95 340
389 234
137 396
859 420
295 43
484 483
698 441
750 566
670 340
266 122
678 543
894 376
676 749
730 140
948 144
271 772
120 808
520 429
79 104
403 561
445 427
919 605
378 604
125 541
1000 21
152 646
435 194
5 993
748 842
390 877
715 770
524 278
632 270
557 139
128 776
145 279
789 160
693 142
591 419
86 333
891 858
460 614
404 369
897 108
733 132
465 982
694 372
367 559
951 750
325 213
824 838
694 40
815 159
273 402
848 858
268 85
682 774
469 897
910 780
998 603
589 413
687 832
472 686
873 581
247 205
990 570
100 520
474 263
89 397
822 47
19 434
619 462
336 142
481 915
618 985
313 175
178 193
44 991
243 109
784 575
355 536
450 292
779 381
4 246
742 710
789 390
773 910
885 314
447 95
751 487
956 796
788 157
69 284
524 254
512 668
890 85
514 513
195 924
724 810
703 839
345 185
61 285
365 150
908 252
142 574
108 185
566 274
862 771
712 59
383 486
836 293
285 489
628 777
360 330
36 52
623 803
999 528
477 91
576 175
431 748
835 425
480 758
806 635
748 606
657 632
390 865
510 68
903 132
286 518
302 664
126 830
102 105
43 951
315 119
605 703
991 498
304 440
642 974
561 607
774 373
893 653
394 265
782 934
618 70
437 666
920 401
986 10
155 726
220 745
516 875
503 972
967 661
702 488
780 285
757 683
345 568
548 546
520 867
219 452
52 554
15 335
534 397
34 713
911 439
936 500
502 863
807 337
30 693
67 500
699 321
954 734
382 868
925 89
835 960
638 277
881 965
140 949
48 513
473 261
59 626
542 988
959 485
433 808
719 572
135 889
194 677
378 705
640 747
887 115
865 727
257 33
714 617
334 43
241 639
286 397
52 141
668 873
651 762
413 744
34 240
441 323
690 189
37 1000
784 78
747 797
981 593
311 272
266 957
11 14
442 573
376 311
689 727
605 40
377 740
403 801
795 475
303 680
493 570
754 216
854 656
975 789
186 459
719 497
256 58
964 653
907 932
639 369
4 763
758 260
553 9
991 271
645 284
590 462
742 875
910 319
375 156
59 472
117 142
473 201
368 259
569 136
827 212
636 933
941 451
809 945
598 102
128 199
779 602
201 387
713 418
420 120
68 916
772 927
491 343
389 610
950 655
913 76
621 174
198 567
516 298
705 325
687 629
314 430
389 56
794 254
148 985
625 749
297 527
234 767
451 819
1000 895
98 622
320 308
560 618
857 105
41 738
264 725
453 815
674 454
809 406
923 812
50 619
229 933
679 618
518 804
905 959
875 305
712 328
879 237
8 309
428 629
398 463
211 892
341 940
15 981
534 748
950 800
906 300
627 771
65 206
965 166
41 511
163 281
72 854
853 858
192 408
55 46
362 849
581 682
685 976
66 57
879 937
246 645
832 84
12 301
520 649
796 872
969 687
30 751
403 918
496 1
887 319
938 570
942 828
444 545
55 515
576 631
698 557
577 38
306 650
72 645
914 714
962 437
234 225
446 583
573 460
842 5
766 220
35 740
178 230
192 302
279 31
307 918
874 754
175 286
484 552
794 150
48 963
17 377
849 629
102 319
477 953
70 588
595 56
196 768
137 863
952 802
378 646
907 722
232 721
788 357
646 292
203 497
796 289
581 845
34 705
959 261
758 817
530 171
166 129
141 94
686 487
102 79
313 288
642 436
949 511
809 35
443 97
385 414
148 50
218 952
760 94
686 18
365 564
538 785
862 333
412 829
138 430
49 217
747 377
532 660
21 525
390 487
982 742
106 40
244 293
658 732
351 592
293 770
720 117
747 892
901 253
306 547
767 643
999 12
207 861
722 294
373 487
589 258
764 139
407 145
25 637
493 701
399 581
951 457
810 106
258 63
457 498
956 990
578 936
824 537
383 188
420 542
25 980
753 270
157 610
98 162
789 211
336 599
951 72
771 692
481 57
986 787
424 175
798 164
192 632
878 943
344 960
642 183
308 244
12 900
268 622
568 819
303 590
688 379
70 582
318 227
195 279
521 630
819 113
906 488
958 502
441 703
199 843
378 500
362 536
128 862
671 226
493 897
984 832
683 581
10 355
201 524
455 897
242 146
427 102
66 254
47 281
89 503
988 392
505 906
146 85
39 322
224 0
971 991
718 731
26 277
457 962
204 892
56 481
399 530
403 502
1000 743
209 128
181 345
226 598
488 767
149 979
922 339
568 113
293 177
877 639
54 700
990 82
267 771
641 108
348 962
684 478
551 546
809 279
868 877
372 734
974 475
513 179
72 447
1000 523
811 352
950 463
272 919
167 648
566 226
702 478
70 238
212 238
744 452
787 417
205 278
656 166
707 734
82 680
114 177
475 201
921 778
176 484
654 453
458 181
962 147
356 417
775 201
697 904
733 929
973 985
559 552
557 467
416 730
91 776
389 29
59 116
319 663
539 422
388 151
158 605
385 911
310 384
838 704
376 734
537 924
732 690
634 3
504 217
692 547
294 856
603 952
350 608
965 450
158 35
452 675
877 182
701 623
972 1000
829 666
545 814
842 667
948 534
840 768
359 713
334 536
334 269
517 274
515 426
326 381
277 918
758 87
926 75
765 268
379 864
685 145
524 153
12 412
909 283
275 554
769 348
495 690
526 655
245 632
700 848
953 9
771 360
14 142
702 135
865 508
145 257
676 553
25 260
341 975
951 870
930 100
786 503
658 31
556 735
684 897
971 829
495 556
609 726
258 253
270 231
144 600
226 934
58 405
68 253
303 331
631 341
27 113
320 310
825 18
11 608
720 7
540 944
68 30
334 827
26 930
709 170
650 638
151 267
247 313
378 772
471 841
587 581
444 308
895 260
297 203
181 579
179 522
203 678
302 953
831 135
619 465
474 816
337 591
505 946
54 81
356 93
916 445
996 9
340 885
907 644
687 911
928 107
850 777
591 618
741 144
784 121
989 323
967 992
757 938
447 941
843 675
119 422
327 676
74 951
371 926
947 465
395 842
32 124
669 280
919 212
811 644
112 724
741 626
792 371
33 55
165 456
516 650
385 14
232 821
336 507
61 267
365 797
875 651
239 215
195 129
579 686
192 698
926 961
88 708
84 689
757 959
464 344
850 891
617 787
998 15
597 165
376 533
771 884
195 498
18 522
13 924
745 670
861 910
637 454
200 52
881 424
892 334
116 192
305 393
560 630
209 210
36 751
375 798
768 961
160 857
46 698
607 185
423 885
105 517
534 189
305 60
609 581
743 741
474 666
36 908
229 685
172 270
187 386
562 477
72 55
792 120
785 258
134 900
211 516
289 502
674 88
611 474
985 36
659 474
143 681
6 555
397 60
345 627
854 533
272 860
961 381
359 341
409 509
561 84
565 256
606 790
843 909
643 360
769 976
843 191
23 810
433 782
700 765
202 517
406 714
668 330
865 562
607 579
631 451
916 501
505 427
7 877
977 838
253 443
884 691
53 79
747 328
762 887
307 580
186 698
338 499
760 291
620 707
278 717
109 64
146 770
84 93
636 593
747 724
753 591
749 634
163 859
519 739
741 935
83 126
784 484
323 703
270 183
630 557
277 54
913 475
691 594
951 670
761 631
901 999
328 235
23 586
107 448
405 949
791 941
511 600
866 704
940 922
786 669
499 822
523 749
782 461
410 164
642 403
436 149
432 53
27 300
837 673
679 631
56 405
943 374
954 810
855 305
300 842
846 606
19 264
933 223
92 954
387 88
746 782
313 222
693 565
90 863
813 178
267 886
45 936
598 960
380 149
903 84
585 444
703 262
762 14
399 370
104 480
519 386
415 236
774 331
178 408
0 728
955 58
56 119
199 753
990 890
689 844
595 534
456 880
89 134
652 72
486 124
772 770
747 663
559 159
891 133
522 114
741 584
674 83
257 889
470 351
750 669
523 727
762 332
43 519
325 345
156 554
842 763
455 67
632 266
582 484
807 701
418 583
737 281
205 391
938 974
102 972
796 283
802 607
584 251
349 815
225 122
598 595
101 462
686 643
205 439
262 571
360 628
1 953
8 149
550 869
6 326
7 856
572 506
216 764
816 800
821 958
124 671
14 494
260 746
169 301
561 56
236 162
401 758
745 530
636 97
16 389
215 293
618 497
377 319
4 413
195 107
227 737
341 468
814 303
253 513
515 577
245 222
702 747
851 833
167 365
337 384
347 49
333 285
407 280
831 176
657 220
141 103
964 883
555 479
845 303
544 746
567 939
778 594
364 778
889 826
268 175
802 523
200 604
987 678
177 388
189 931
946 200
955 151
165 450
862 585
357 734
475 284
336 98
823 850
936 771
340 946
743 498
538 405
217 104
330 42
358 797
227 694
513 969
1000 697
581 224
105 90
102 777
977 6
862 899
194 69
59 863
259 880
968 775
382 538
712 395
729 112
231 139
282 941
66 352
181 109
249 309
161 916
141 501
587 465
255 343
859 31
813 161
746 288
193 344
583 555
712 430
238 917
374 950
673 111
39 427
8 683
154 205
644 392
420 224
930 111
138 198
760 98
429 405
413 610
207 200
333 166
443 44
589 245
787 634
917 142
969 142
887 485
813 798
429 543
825 690
946 706
553 520
813 361
864 427
895 417
653 107
10 712
707 452
402 484
744 809
51 170
624 648
560 737
551 428
897 268
668 993
476 21
572 126
642 815
247 422
31 828
733 616
919 604
975 233
893 792
980 454
333 820
42 540
215 217
396 241
44 685
979 656
673 567
218 17
733 596
8 359
198 422
183 953
788 493
613 747
471 192
665 399
121 177
673 998
362 752
514 111
962 686
990 397
46 882
253 648
164 747
369 103
108 836
571 852
329 208
525 860
901 819
527 165
781 635
216 553
243 235
724 155
897 518
405 132
198 352
386 821
62 898
573 956
182 398
615 661
207 421
206 135
542 879
913 220
799 747
429 95
514 700
473 756
898 380
55 776
76 982
220 978
591 8
232 711
545 359
104 232
613 37
23 612
853 289
825 50
431 858
250 470
357 143
342 291
950 828
475 889
805 804
979 664
650 308
712 350
592 958
636 525
134 102
887 835
368 343
27 800
737 469
16 986
352 148
110 558
458 196
518 84
113 96
425 544
755 957
19 724
160 897
648 748
62 74
554 932
781 295
291 912
795 157
889 324
493 732
268 84
811 563
33 340
270 587
584 857
474 155
627 678
570 788
522 144
205 384
209 231
183 942
336 43
873 131
257 794
84 436
667 939
630 26
749 429
364 178
7 328
470 231
665 3
846 894
789 428
507 919
53 766
623 715
427 463
472 875
456 132
236 471
589 271
41 153
250 449
415 408
587 252
940 766
200 71
979 684
757 642
274 323
314 522
619 249
778 932
500 208
721 680
918 141
997 424
976 482
250 787
311 396
782 151
710 251
780 819
501 146
148 431
236 571
867 155
412 336
893 114
281 136
934 549
182 339
932 664
118 841
193 291
121 808
377 140
168 587
578 41
996 584
129 99
745 387
715 913
745 502
517 339
656 50
676 685
592 946
583 82
323 521
642 85
680 633
614 999
85 67
902 66
508 139
131 474
315 992
169 715
915 721
440 917
191 912
373 722
476 575
958 837
857 73
424 57
65 38
610 980
713 569
477 329
155 888
431 993
449 998
180 140
622 294
460 99
208 554
359 251
614 180
970 295
266 266
413 342
791 569
380 839
208 194
376 813
832 248
58 996
565 167
686 402
784 609
146 300
661 933
977 20
87 153
488 521
667 233
46 252
893 442
365 497
10 156
161 516
296 542
696 447
638 351
706 926
796 201
904 821
986 547
987 90
103 259
781 453
602 311
500 182
25 848
738 124
327 327
727 378
931 437
28 92
215 888
13 898
404 261
139 539
2 161
398 329
333 356
999 117
41 325
76 375
559 919
108 579
530 584
844 645
842 927
758 820
340 345
185 350
971 165
189 789
629 76
7 590
814 817
533 476
665 335
17 819
934 291
688 749
349 39
368 948
578 667
751 915
307 168
302 608
583 637
144 228
603 308
231 558
708 993
188 116
783 259
897 674
309 223
100 204
195 594
900 321
984 165
283 633
55 820
974 659
140 235
308 729
129 556
452 15
871 4
396 663
701 959
953 471
734 36
505 408
530 887
397 31
913 765
876 983
251 804
272 434
169 452
80 955
47 115
266 572
590 418
711 425
7 327
567 409
570 75
28 687
24 737
492 719
115 61
83 752
323 816
824 726
470 484
156 618
419 441
594 340
729 92
147 26
906 700
90 449
628 543
659 42
34 735
78 9
429 842
461 32
708 202
405 717
672 375
391 771
998 460
769 451
859 250
604 140
855 558
837 924
670 635
759 89
481 742
37 452
685 333
564 425
748 631
482 959
995 861
283 8
805 367
384 305
293 949
864 749
717 307
405 764
868 819
747 858
597 727
617 424
409 754
734 873
483 989
335 847
604 100
868 774
194 850
456 779
249 845
480 471
170 146
249 307
616 665
583 789
958 882
560 732
104 621
409 737
128 293
298 370
807 902
814 485
541 272
230 944
558 928
611 412
978 138
637 547
168 935
609 215
203 853
222 736
735 163
473 794
46 838
39 505
421 966
832 382
330 554
526 457
873 299
439 90
491 460
152 296
872 668
249 26
404 830
987 309
28 441
978 946
49 825
464 269
268 652
822 201
408 539
336 840
428 206
283 788
820 505
743 971
409 251
242 878
492 52
372 542
545 899
228 203
729 923
68 768
990 199
712 699
348 721
550 243
705 650
884 695
153 432
394 18
154 618
532 138
962 465
185 762
150 926
407 614
305 521
974 850
677 776
955 361
103 742
818 681
44 566
526 995
293 921
301 649
415 279
167 157
325 287
869 715
745 969
449 262
218 815
775 666
626 378
682 769
172 472
983 369
742 616
713 754
383 59
91 183
168 182
452 593
570 796
161 873
611 270
472 43
156 387
470 577
596 41
33 158
962 926
310 133
13 190
415 870
533 175
108 514
589 133
896 105
411 518
501 782
167 64
175 124
177 527
735 437
213 826
151 740
387 447
385 720
828 384
356 30
720 119
780 676
586 995
309 830
524 561
502 151
532 699
670 772
958 646
424 631
334 571
798 312
247 123
532 684
626 117
90 315
95 64
627 267
955 801
647 537
658 44
850 772
262 241
949 584
762 350
207 364
365 141
107 44
697 82
669 567
694 391
836 313
445 876
82 12
353 878
707 582
611 149
816 659
52 429
185 969
94 768
963 479
859 781
53 864
676 12
740 979
357 811
262 300
258 79
482 191
708 66
475 938
171 199
184 365
125 63
541 451
451 170
42 928
299 66
139 61
658 74
161 62
255 707
783 359
732 804
727 625
441 560
137 77
697 444
916 971
148 558
815 677
756 263
191 353
215 532
503 391
941 752
30 319
530 113
273 788
390 879
259 167
481 83
396 468
14 761
584 895
325 754
694 886
761 227
980 799
93 871
64 985
92 179
807 252
306 702
408 10
614 846
293 676
957 367
911 671
531 217
868 599
413 155
549 553
507 467
667 263
587 460
980 318
350 920
154 371
959 455
916 770
138 170
49 135
710 491
624 829
722 995
433 220
574 238
98 811
151 339
400 541
158 470
669 15
854 202
626 201
971 554
596 806
264 694
447 283
39 812
636 306
660 449
167 316
961 760
417 147
703 790
630 933
330 194
605 650
642 466
787 754
487 740
431 898
30 239
534 544
899 389
738 959
240 698
152 976
430 341
686 872
350 61
193 815
903 152
674 591
457 174
546 520
976 672
448 222
853 704
219 723
410 140
870 147
301 762
288 64
273 598
90 303
453 510
447 551
770 155
32 630
88 295
852 589
468 918
613 852
264 502
703 572
306 27
637 95
358 530
116 716
327 848
53 718
457 926
656 471
872 384
462 94
779 74
669 772
308 667
464 901
253 119
637 70
264 189
827 328
831 778
296 335
347 311
838 94
885 167
350 482
546 35
442 981
755 634
561 761
653 633
124 126
104 482
51 787
901 366
62 582
549 887
821 811
762 706
630 46
623 865
17 741
386 993
372 428
374 851
612 334
5 103
823 386
52 884
53 150
259 889
441 199
823 212
834 361
370 890
365 863
264 41
788 120
926 209
939 574
764 224
367 826
643 497
478 469
75 774
684 413
173 278
130 756
280 337
907 981
873 877
603 947
194 275
20 628
367 21
116 921
633 684
472 416
442 420
873 409
569 251
43 73
535 197
708 952
223 457
386 548
815 77
66 585
196 871
555 751
683 467
853 252
44 760
452 894
433 977
542 888
593 401
306 478
663 319
476 920
950 632
886 979
505 670
292 974
542 289
863 953
648 424
722 229
626 956
817 929
308 805
511 499
406 250
882 541
690 982
990 268
953 695
276 319
673 776
861 512
580 786
406 483
388 908
368 266
872 700
879 57
323 566
573 213
416 995
928 599
972 559
234 104
987 908
935 980
967 434
18 450
72 838
302 612
767 36
580 472
822 945
789 215
104 399
387 961
263 794
714 512
466 556
165 586
226 173
486 493
338 855
224 502
370 451
486 498
400 701
46 979
631 755
101 463
164 689
717 329
442 587
685 763
903 280
795 791
312 786
970 118
256 654
403 355
900 543
516 159
882 833
186 30
777 787
962 943
261 816
286 765
21 648
558 82
847 956
492 878
652 606
238 307
113 357
484 288
218 754
114 398
909 170
20 422
140 864
202 482
215 983
10 220
925 238
458 265
313 624
315 718
62 722
440 460
635 725
442 716
645 843
358 255
928 832
178 86
629 475
825 709
890 884
801 72
376 110
929 168
218 720
685 302
176 611
410 295
147 497
937 207
542 831
505 215
322 690
789 650
537 601
507 575
543 339
985 329
452 921
913 823
270 58
441 443
568 719
969 913
436 682
27 779
826 480
412 670
15 71
891 703
50 942
339 153
666 228
572 661
168 21
817 892
819 900
623 458
593 708
339 729
71 909
957 969
163 2
911 318
594 316
560 734
842 364
849 556
608 406
92 189
106 525
702 958
460 678
796 739
26 377
788 157
488 927
963 746
900 667
553 361
305 479
932 198
408 696
343 999
319 49
648 633
760 998
610 311
885 506
109 967
440 994
440 242
560 916
323 913
157 442
482 166
196 932
1 195
300 276
899 535
547 724
172 565
424 2
547 549
444 570
311 862
813 834
673 335
97 881
539 667
663 257
593 430
812 195
37 693
504 369
820 968
240 467
893 791
571 139
141 180
830 922
202 908
65 479
427 553
350 281
280 294
276 475
297 713
889 514
920 814
822 900
282 620
546 705
962 880
925 2
683 495
43 817
98 334
742 424
43 264
464 769
911 178
878 207
376 615
602 102
35 901
682 295
85 746
602 926
287 264
639 900
386 530
876 255
237 651
718 234
968 514
823 628
651 303
292 801
532 767
925 570
632 821
678 319
134 554
939 279
823 235
342 405
102 282
718 235
11 314
950 19
497 143
158 971
512 144
638 871
538 530
334 699
655 165
137 864
628 165
851 304
336 262
523 357
511 300
825 137
852 872
352 842
412 874
706 179
692 729
771 545
216 789
855 627
190 483
408 45
362 855
884 197
342 764
658 176
519 507
608 323
39 64
322 373
896 556
37 976
169 41
477 239
890 357
612 512
45 100
181 467
198 257
657 109
564 602
461 867
934 408
960 668
726 177
618 891
721 737
360 327
524 443
330 827
622 252
198 939
291 223
560 989
237 516
206 974
18 274
78 829
900 934
773 854
82 269
851 100
890 544
44 721
707 178
58 601
650 721
848 688
206 200
523 869
312 995
172 585
842 533
840 181
822 450
907 760
6 224
387 650
489 117
497 698
939 388
315 717
833 879
45 657
645 102
341 214
14 663
326 514
753 864
861 195
519 183
851 171
73 40
263 803
638 503
688 753
998 817
927 11
286 431
538 407
763 343
830 351
75 275
482 639
804 979
654 60
473 495
705 598
424 76
302 364
5 631
873 911
958 498
625 335
657 751
19 315
746 641
477 932
488 911
754 308
604 549
187 849
899 97
875 283
961 626
667 874
31 854
932 627
155 842
256 354
750 968
780 378
228 726
405 393
868 336
917 306
175 545
903 31
504 546
190 113
41 336
508 192
253 857
392 232
796 54
532 602
893 229
356 396
572 520
350 792
688 15
724 887
498 516
246 397
210 228
649 438
236 308
282 291
524 708
688 44
900 995
808 415
507 71
210 698
320 294
903 395
655 391
715 870
585 829
487 959
179 687
42 779
743 931
730 254
314 388
748 453
615 740
470 845
703 408
22 337
397 219
814 552
350 202
573 773
796 408
395 911
674 167
947 566
115 918
467 11
46 443
414 17
807 477
743 883
113 719
98 43
75 216
409 487
40 333
631 486
561 186
664 662
916 294
887 750
266 787
258 934
503 248
924 378
131 455
623 402
149 666
207 59
499 335
635 371
49 861
125 750
872 282
502 464
232 148
271 657
420 201
174 166
151 764
992 997
248 106
27 895
25 571
450 551
227 387
597 266
217 900
602 731
387 659
500 356
499 261
243 997
649 840
738 761
675 565
3 566
781 96
646 960
381 887
998 593
593 683
341 877
297 884
553 676
943 144
429 354
962 914
823 495
762 242
176 144
605 620
661 948
832 642
296 130
805 950
25 15
641 941
594 126
353 77
141 896
973 864
428 364
474 893
25 948
496 828
698 495
988 765
32 148
960 894
976 871
289 425
399 207
128 642
336 960
191 1
799 639
386 306
781 982
514 769
328 369
582 740
572 740
83 722
813 172
697 313
333 349
809 243
224 272
69 790
795 387
140 317
460 31
980 814
126 485
769 160
325 272
473 564
200 823
567 454
592 765
940 590
979 533
131 475
201 400
446 772
574 60
804 611
234 601
34 17
992 416
875 776
120 49
849 341
250 820
394 532
713 964
17 116
104 477
570 987
4 660
177 485
494 379
221 91
668 346
987 178
972 426
809 208
798 268
281 650
339 133
242 460
469 326
152 54
649 30
488 877
281 358
575 869
133 420
681 360
988 95
126 803
42 441
477 274
601 776
912 32
598 329
688 238
427 628
636 425
163 20
469 563
917 641
124 716
397 694
346 464
351 712
725 695
829 143
902 957
24 5
155 768
778 719
65 211
40 423
489 324
186 627
898 989
558 298
546 511
369 867
213 266
652 739
570 297
452 426
62 297
850 604
213 258
267 952
180 360
452 410
71 187
510 870
707 596
373 462
308 388
675 739
627 159
832 242
491 142
565 957
749 955
855 338
29 960
189 166
200 455
69 855
46 105
125 807
799 827
335 715
729 903
986 431
466 700
395 485
315 146
368 857
665 949
964 175
790 939
266 848
944 782
968 581
832 33
188 762
981 582
442 237
662 817
825 534
448 121
305 730
221 332
807 287
273 165
544 876
856 601
830 208
119 991
623 744
297 364
283 334
11 851
924 998
0 123
830 608
605 681
146 972
260 586
477 302
54 427
373 42
329 58
442 453
340 468
455 539
296 363
667 153
423 629
785 943
745 414
714 651
774 718
111 736
162 564
502 505
131 947
466 768
878 157
575 388
525 643
969 362
331 244
697 630
605 289
725 215
167 55
33 779
586 237
525 521
229 54
908 374
561 196
794 999
335 85
219 202
253 247
939 568
900 578
722 40
77 901
648 255
361 489
944 922
418 473
437 759
722 733
897 359
217 801
161 55
366 989
305 101
869 155
464 698
213 157
244 793
811 874
458 558
208 549
219 158
524 865
141 626
943 969
970 900
512 510
641 887
408 753
65 341
914 808
590 656
203 524
502 624
959 672
874 29
227 996
421 811
686 655
13 892
564 894
191 191
168 67
534 761
721 913
661 360
644 117
417 719
46 266
394 549
496 316
545 795
12 67
728 394
317 782
341 682
707 367
835 764
162 99
508 102
130 607
587 64
810 588
602 1000
679 314
717 194
781 401
115 243
807 660
526 615
394 785
582 20
722 518
41 39
687 524
691 295
532 283
475 164
18 64
52 328
121 5
938 571
903 924
980 790
241 318
854 319
368 550
763 37
759 827
595 822
955 350
109 944
765 586
149 721
183 978
876 53
956 367
447 437
4 686
15 556
55 255
269 592
247 617
814 372
736 130
950 209
694 702
285 772
312 302
16 525
914 553
939 823
934 726
868 904
14 511
537 920
629 274
631 851
113 264
12 27
112 376
83 536
656 757
135 52
338 329
549 743
685 67
843 562
237 208
708 420
241 194
357 109
202 801
746 691
656 113
260 134
900 201
32 298
273 104
108 248
767 583
317 626
102 199
840 854
573 692
810 553
710 546
984 365
155 117
637 432
22 538
996 367
399 538
223 922
186 755
982 511
835 616
624 103
54 832
798 116
921 497
632 459
463 830
754 958
671 366
764 611
36 948
988 745
962 999
522 684
529 310
526 35
419 715
659 814
607 109
640 695
568 576
81 247
832 32
886 712
833 65
42 924
987 749
721 484
538 335
439 674
442 458
660 502
688 342
774 653
127 827
20 164
211 168
314 834
932 607
21 601
798 106
589 872
482 948
631 808
254 69
903 138
206 327
568 781
473 877
512 380
43 892
252 197
397 758
349 125
118 335
830 193
167 278
233 96
377 345
177 903
156 385
97 13
219 857
723 288
750 438
44 896
912 851
575 106
358 572
115 277
239 448
656 130
0 71
546 716
934 604
157 853
867 891
663 866
470 883
988 978
603 170
701 274
219 132
526 663
242 182
421 982
143 346
356 510
200 93
779 981
606 151
33 293
190 161
895 472
10 563
946 423
23 909
266 493
22 997
407 969
431 509
353 42
577 224
874 773
885 462
270 630
592 726
807 648
94 268
603 471
212 388
357 567
993 924
849 21
780 912
540 423
165 134
698 973
807 978
542 806
370 572
902 832
274 714
458 153
694 126
335 876
899 35
639 487
394 794
855 951
998 138
136 742
616 122
302 168
561 234
22 532
598 364
321 927
960 558
345 100
484 307
380 726
500 839
113 83
8 905
616 172
291 27
560 222
338 644
898 97
168 59
615 150
580 559
602 895
150 304
470 507
913 768
262 851
568 555
703 635
409 439
618 383
843 291
926 5
81 439
295 182
738 49
521 207
835 677
866 218
716 451
932 303
139 74
844 166
434 322
694 772
693 554
923 718
135 439
526 667
732 418
489 761
945 813
775 29
109 480
976 731
356 526
314 870
809 264
158 40
428 847
417 808
386 317
509 811
558 894
166 652
479 564
461 821
570 943
291 903
210 901
306 684
789 249
420 947
934 132
88 327
903 362
892 817
642 838
932 882
712 875
48 915
633 326
545 597
975 735
901 70
382 653
486 521
544 76
791 160
39 494
944 336
920 832
87 307
569 64
832 445
299 464
502 102
813 382
371 539
260 60
666 166
40 324
979 712
333 219
324 181
916 781
840 461
911 700
623 366
976 298
62 261
601 430
79 309
910 801
840 169
853 442
195 694
191 686
33 385
510 62
183 463
111 474
580 156
174 820
890 596
297 274
13 73
297 621
609 493
596 510
443 710
932 953
558 150
462 959
745 960
897 923
394 22
401 174
674 67
292 651
251 10
245 194
354 57
24 573
884 755
609 55
149 369
778 280
678 90
770 960
607 364
125 308
205 339
505 714
833 445
901 51
770 903
829 128
26 992
438 607
608 156
158 276
324 168
103 134
899 97
454 496
314 156
164 890
787 753
274 70
594 289
142 194
87 612
944 746
403 187
684 810
327 575
813 196
215 244
695 185
110 847
925 221
282 346
370 531
29 11
567 483
715 694
446 771
534 856
96 941
404 485
354 477
612 323
398 85
266 746
470 636
588 415
673 699
678 801
772 473
335 259
888 708
408 987
822 146
773 328
861 894
480 253
812 884
70 754
710 371
58 394
340 495
335 677
780 635
864 996
393 902
545 879
910 766
942 29
180 831
653 612
268 41
288 717
993 67
896 317
252 785
634 629
15 677
3 489
412 53
59 139
643 1000
882 550
478 864
904 591
510 873
647 848
279 134
828 837
916 256
390 177
541 884
266 389
55 427
393 263
619 699
685 297
26 480
131 388
565 723
61 274
218 478
280 917
675 351
394 463
675 645
646 244
500 207
544 323
348 579
177 3
535 40
454 587
27 88
39 206
839 845
80 392
364 974
628 499
207 186
199 736
782 774
314 743
249 503
104 381
62 496
78 505
351 998
123 95
833 662
448 111
149 916
18 905
126 533
252 143
425 104
382 56
971 681
356 528
818 828
305 981
58 870
627 263
421 959
58 241
796 524
132 204
307 783
418 836
538 973
707 694
42 777
813 296
277 18
893 519
942 353
742 162
506 569
785 853
38 110
303 342
10 970
6 151
868 853
442 912
458 356
37 301
757 481
298 325
440 888
470 228
467 129
917 338
56 714
467 787
846 597
210 746
895 356
943 274
228 565
915 76
385 584
108 293
831 886
999 17
652 322
955 698
962 954
580 476
232 272
668 970
168 367
123 480
666 953
311 730
840 418
796 673
954 249
834 346
576 83
278 291
440 77
805 307
730 929
170 967
475 460
725 373
47 525
30 267
657 359
212 642
434 270
485 429
944 684
531 225
580 761
474 884
477 344
529 750
317 674
506 418
512 528
65 408
336 761
587 27
702 401
673 284
791 782
63 292
273 567
674 925
25 597
885 860
649 968
301 938
72 367
154 24
404 484
645 523
440 532
705 599
147 220
123 659
854 129
951 407
634 998
225 540
642 474
794 434
161 783
363 424
87 997
937 0
362 860
39 499
60 366
198 634
6 704
689 930
629 784
18 15
660 362
180 430
655 81
929 722
990 558
620 890
39 927
726 16
376 467
621 459
66 280
483 80
143 314
552 81
689 909
810 143
850 471
942 225
442 487
493 225
425 501
635 489
474 413
220 290
597 95
69 101
983 521
905 417
228 340
172 808
653 966
484 562
984 39
387 819
885 26
275 480
198 567
545 681
910 540
949 498
847 658
771 848
895 259
345 540
797 959
444 475
628 74
22 725
439 120
634 363
698 696
164 86
465 69
731 306
126 224
767 67
675 913
185 970
993 438
105 917
161 165
925 110
256 614
788 627
676 324
229 723
834 930
275 74
986 63
559 780
510 293
189 457
551 10
731 335
605 999
328 620
3 844
586 980
258 775
359 676
756 119
615 343
393 106
20 867
722 340
454 42
338 155
789 469
482 273
232 377
871 215
787 261
540 407
90 574
748 862
12 240
317 961
286 396
1 915
440 605
153 662
956 823
431 18
178 57
287 354
699 955
33 889
529 927
648 293
174 599
982 425
298 45
465 940
163 721
962 267
167 557
10 198
615 675
647 221
948 540
40 876
316 108
660 701
533 542
273 750
440 871
499 917
262 441
55 518
256 509
800 397
799 709
942 49
864 976
160 68
147 990
471 2
44 241
996 161
740 740
738 462
654 498
269 408
715 190
713 980
526 949
706 297
794 374
377 518
362 878
167 406
420 19
759 852
974 338
554 827
273 372
446 249
854 11
6 611
349 917
601 505
20 674
733 808
974 124
774 21
566 333
38 366
136 915
870 572
367 728
986 586
210 986
42 914
859 111
378 35
413 12
777 117
299 468
544 196
784 294
198 185
382 890
921 391
418 836
92 791
447 774
314 803
777 18
24 355
929 242
825 614
119 826
977 643
158 136
851 843
247 380
676 117
48 877
440 10
798 915
70 781
731 850
881 747
167 335
591 958
365 774
393 109
279 804
99 814
584 439
192 102
851 750
763 58
869 559
294 442
237 256
871 625
86 40
739 775
304 400
96 252
292 281
192 579
489 531
650 536
365 30
397 156
462 401
377 345
828 476
99 132
652 771
70 605
460 641
134 495
760 551
366 383
798 156
711 217
866 735
342 253
340 756
916 395
594 642
367 244
411 248
115 842
849 79
276 245
611 588
983 208
299 537
557 376
778 514
395 997
731 561
178 516
728 602
240 94
862 317
130 699
695 581
571 756
443 805
263 279
401 50
241 195
54 576
821 225
593 265
523 265
786 554
667 250
652 661
72 870
371 487
385 710
663 180
815 846
757 413
647 619
939 355
940 787
612 285
408 15
659 537
673 548
154 439
117 718
710 871
449 536
497 818
614 346
862 952
335 71
844 874
455 628
350 212
870 183
308 662
329 286
572 403
668 563
170 418
430 337
295 342
535 843
339 152
929 136
803 466
771 539
876 652
106 518
784 599
591 150
231 435
660 726
5 627
384 708
847 307
956 158
820 783
588 306
153 366
746 248
168 347
169 884
900 197
928 985
745 315
6 764
493 350
258 876
243 860
949 824
876 233
990 215
37 931
986 611
631 790
654 912
163 445
684 495
665 971
633 711
339 26
405 81
55 505
97 719
907 712
949 831
104 871
681 699
887 735
642 480
172 28
721 44
856 431
148 229
144 934
875 221
257 591
273 130
726 506
325 441
472 985
881 334
291 36
474 321
447 899
500 427
384 922
503 351
560 617
337 980
203 831
603 909
128 776
740 528
679 321
269 604
570 698
72 418
771 830
162 932
262 253
106 939
264 144
313 837
60 802
199 648
918 705
433 212
65 464
350 606
372 265
358 4
486 217
15 248
928 394
744 944
340 171
603 154
578 588
121 605
748 124
184 798
987 576
470 574
304 672
954 242
800 633
654 169
357 484
822 777
373 512
514 222
519 61
977 748
671 743
751 855
286 341
833 945
110 855
916 996
247 493
308 9
955 930
818 898
844 477
573 725
76 706
949 782
488 302
90 772
168 739
920 167
179 556
215 523
716 528
538 697
390 323
7 635
255 356
33 605
817 299
124 633
273 4
991 837
521 773
522 478
85 624
677 681
345 637
393 603
396 462
811 457
131 886
469 487
770 370
138 428
570 733
596 779
938 41
822 49
367 980
493 236
316 329
676 968
717 330
379 473
888 207
755 152
506 244
206 604
227 764
66 728
406 438
868 71
817 506
905 666
483 851
96 604
248 569
667 484
774 335
672 198
306 773
973 572
648 260
490 794
242 533
97 202
15 323
225 657
259 377
988 322
391 388
820 834
257 394
272 628
806 464
132 964
301 860
892 746
0 951
585 92
452 968
704 942
976 448
506 990
425 18
795 414
184 251
372 893
714 977
934 90
310 377
584 837
188 209
208 917
468 69
671 729
159 707
59 255
661 641
971 985
722 365
533 717
612 400
221 769
5 975
424 419
418 954
973 771
294 640
661 31
81 71
46 346
510 805
658 720
574 104
150 272
600 700
254 339
607 584
283 924
257 125
876 861
731 811
171 996
263 825
238 660
802 420
107 443
209 9
344 603
502 180
228 549
277 766
415 191
368 429
376 458
203 550
122 526
559 650
414 534
760 988
681 775
484 650
770 474
818 385
656 286
937 113
913 758
338 479
758 302
975 872
604 964
272 974
163 574
503 720
345 356
331 245
580 783
320 678
34 773
93 654
374 634
613 447
218 980
130 236
585 615
838 379
231 270
427 4
305 668
528 277
256 99
822 388
929 178
823 471
953 155
592 177
691 37
539 490
894 913
33 924
827 556
446 610
326 925
857 275
856 181
310 582
159 125
553 743
795 355
408 171
177 625
396 649
478 44
217 148
648 191
110 966
712 932
980 68
90 181
914 211
846 16
324 797
683 152
373 152
635 41
189 458
45 746
41 695
464 640
387 440
570 386
876 92
129 95
728 66
984 218
422 686
674 522
696 493
950 929
670 694
828 763
756 841
549 307
801 447
95 261
825 244
291 353
992 953
935 986
690 320
238 170
794 824
880 627
140 710
408 79
736 914
475 579
120 604
481 477
980 546
129 942
708 187
424 912
558 319
197 54
485 289
11 841
179 663
780 229
7 517
318 675
945 640
616 209
332 276
876 337
496 846
378 358
675 426
194 235
133 321
651 976
59 309
887 906
740 196
417 48
917 352
306 848
864 858
237 129
533 687
903 484
95 80
977 607
562 337
512 858
848 265
329 988
296 670
114 297
101 698
185 813
708 930
484 41
688 745
48 663
384 408
951 957
932 56
588 56
954 960
415 586
406 114
472 811
186 651
704 705
383 473
926 596
741 607
625 87
639 551
235 489
558 918
852 883
840 907
454 702
467 268
844 561
111 881
364 654
509 639
337 196
29 692
622 58
1 611
365 88
368 982
699 337
582 481
210 879
370 428
518 746
298 658
441 454
607 166
125 909
679 961
838 402
382 885
22 208
179 680
223 981
328 444
524 718
0 926
488 976
513 645
577 551
894 870
857 513
787 717
17 697
953 333
664 631
273 729
657 921
405 668
176 278
740 137
714 614
298 637
660 326
412 945
649 215
432 415
306 403
429 157
126 573
290 409
832 92
780 93
575 246
578 725
955 542
292 850
17 524
828 0
586 447
384 282
297 55
667 793
666 433
168 526
587 660
266 87
359 269
16 964
186 286
958 248
421 336
321 954
582 917
416 996
680 219
902 167
448 405
437 136
572 24
833 562
378 412
834 451
843 755
613 198
787 233
482 212
687 859
797 677
727 161
532 959
189 511
555 664
900 966
959 593
0 118
357 475
133 970
465 763
351 816
864 580
925 728
972 767
882 503
342 558
720 237
27 818
765 964
771 832
417 374
209 735
245 845
986 992
384 865
428 420
42 381
89 17
524 252
77 126
132 151
391 603
49 534
649 798
683 358
373 859
273 184
225 808
69 407
85 856
166 137
840 37
106 830
194 374
657 423
465 2
443 247
130 680
55 386
151 113
229 780
692 498
518 321
760 637
757 810
872 575
783 563
268 19
756 428
951 488
225 182
282 136
595 421
622 592
260 573
196 540
206 151
237 226
916 778
306 61
554 676
159 216
627 261
227 220
430 965
423 75
84 340
336 818
114 649
535 650
137 972
353 899
723 158
325 215
122 159
327 172
300 398
779 281
932 507
517 509
344 774
458 486
351 524
70 925
740 754
631 509
162 277
945 450
685 323
787 586
632 682
835 563
39 851
766 151
530 913
919 742
910 913
886 825
855 745
226 942
873 314
674 240
321 219
738 938
382 397
904 809
503 707
100 574
480 765
44 990
586 182
242 408
312 162
391 457
102 407
588 737
104 373
129 854
57 193
596 766
893 825
849 351
118 470
81 315
282 2
500 342
915 239
175 970
784 230
485 706
325 249
44 172
72 448
199 585
789 76
895 183
143 578
776 626
950 84
813 386
786 243
305 155
141 630
287 534
416 119
982 865
614 124
307 651
767 976
502 337
319 347
602 530
84 209
432 596
528 313
699 985
923 841
307 590
386 299
946 795
825 262
542 818
948 939
8 320
304 347
194 260
105 255
262 39
615 0
727 771
116 187
925 449
404 872
609 630
854 169
994 348
572 67
329 282
976 453
413 504
76 364
760 394
553 951
208 870
214 569
298 760
425 269
584 301
215 192
406 86
416 840
585 67
379 68
834 81
138 902
998 909
52 723
115 863
53 695
947 195
787 223
526 827
159 991
610 169
607 462
146 457
640 770
874 323
102 900
770 147
858 286
43 608
80 269
47 315
948 874
172 668
559 418
9 128
23 676
801 172
759 43
159 650
401 349
294 350
378 373
798 207
471 597
834 629
253 585
582 801
22 183
263 771
737 504
602 582
328 416
132 436
311 917
623 574
977 393
215 160
296 829
363 454
498 974
902 728
483 520
589 855
602 340
342 298
481 754
17 219
149 623
61 963
694 581
978 626
388 784
418 252
477 232
733 386
289 366
252 145
112 326
790 820
253 277
118 898
882 2
304 430
217 610
124 93
658 575
490 840
944 551
990 585
78 660
220 243
653 229
17 367
828 127
58 859
564 548
538 452
584 839
360 778
980 88
692 379
20 976
670 362
563 638
711 409
490 304
371 617
718 574
857 245
117 344
721 422
233 903
164 956
217 192
972 581
171 646
685 865
594 16
717 101
491 6
670 907
806 564
429 786
262 405
823 565
651 925
921 872
693 993
723 603
666 924
703 352
901 150
303 250
538 722
4 616
449 275
915 144
35 97
20 37
725 905
155 378
120 225
587 418
973 879
973 325
525 990
190 526
160 257
26 305
409 495
738 320
49 689
886 429
457 748
320 545
870 710
367 178
336 697
690 310
390 28
571 769
69 492
505 196
142 721
768 119
61 612
341 976
885 497
790 155
916 37
657 987
270 823
411 442
112 759
296 607
226 68
850 147
850 803
958 706
684 783
732 965
787 816
762 964
19 932
50 874
29 222
893 172
500 289
268 219
912 172
601 677
892 258
600 77
573 392
629 24
221 714
874 568
11 229
737 32
389 71
410 335
681 92
18 395
683 610
490 667
119 487
493 371
107 353
855 87
70 818
170 810
226 762
765 800
383 398
183 395
728 764
546 887
708 991
471 633
941 154
909 937
698 189
712 214
447 602
806 526
919 221
364 646
534 542
161 187
632 295
910 427
10 195
175 863
664 54
432 142
621 344
948 617
698 350
898 247
550 440
748 99
558 106
148 500
609 267
651 828
769 753
529 372
485 829
149 516
985 102
840 778
832 886
248 17
743 681
78 340
248 670
782 289
906 704
450 123
441 216
779 364
705 997
863 148
24 806
788 559
989 787
39 582
392 365
150 889
495 280
455 827
139 276
998 949
128 375
898 44
532 449
770 975
739 188
864 309
671 37
400 257
202 45
206 23
289 675
707 531
73 446
799 377
3 659
482 475
651 373
740 374
554 733
454 296
523 459
327 521
477 906
547 983
11 770
877 952
520 11
852 792
967 417
763 668
125 807
914 545
817 327
863 116
820 191
663 651
93 170
221 990
700 531
173 699
199 976
85 373
882 271
370 746
402 880
31 656
303 167
252 58
563 558
497 157
951 244
471 255
630 862
663 478
557 740
256 314
355 12
157 863
471 83
903 361
939 72
584 402
562 925
949 617
423 925
418 360
505 839
949 619
693 796
99 162
441 450
592 192
604 332
993 788
441 961
908 588
606 336
368 857
750 386
615 966
106 159
143 730
731 745
32 780
245 17
197 117
918 355
663 807
26 717
53 380
170 181
604 223
318 718
926 400
820 938
638 279
720 564
414 105
294 527
866 914
645 577
982 691
643 151
465 707
728 373
999 166
918 790
470 451
439 384
774 469
669 273
912 479
618 888
386 810
648 155
42 130
660 694
932 387
637 299
492 621
812 257
903 732
839 15
99 860
173 24
233 328
693 496
486 359
149 278
953 522
146 75
938 518
393 781
325 294
801 783
265 501
938 234
554 961
848 700
525 886
330 549
336 718
652 19
63 850
421 768
34 238
950 478
229 638
893 492
492 105
267 120
948 988
465 835
956 420
277 831
566 803
45 324
620 487
904 631
578 359
319 784
89 817
277 229
924 547
843 534
694 276
267 556
768 56
984 121
677 572
325 722
412 334
279 521
195 719
333 15
183 898
13 304
639 8
931 695
259 328
366 735
74 310
815 580
133 182
211 945
43 335
401 562
234 780
971 195
721 547
7 357
499 734
275 60
6 473
41 87
547 106
157 987
121 631
256 222
108 848
463 441
986 471
750 57
137 804
573 155
110 584
178 76
698 562
758 489
150 60
622 802
177 343
339 360
797 16
694 16
794 247
714 86
877 705
695 559
495 34
864 539
315 696
320 914
236 61
853 235
289 813
544 506
707 121
689 763
341 290
129 558
409 544
461 669
799 331
390 417
161 218
998 6
714 391
841 427
768 7
427 619
479 921
240 159
116 701
720 895
180 684
80 492
828 313
877 876
767 333
126 52
268 652
859 205
425 799
286 210
40 143
981 2
444 788
108 24
31 883
96 357
851 358
315 952
799 898
85 754
592 768
101 430
449 548
517 120
554 801
689 139
687 523
101 7
76 405
123 70
2 34
210 913
405 821
466 103
227 152
331 172
553 394
298 323
598 814
971 223
913 342
586 551
529 459
342 59
650 722
532 506
793 80
697 763
204 415
278 975
814 649
926 666
680 344
664 537
926 417
320 896
78 933
592 682
172 410
595 244
126 491
658 729
464 793
842 535
632 944
6 471
73 962
705 323
691 965
423 350
374 674
244 441
516 281
629 554
87 31
629 170
195 143
866 81
818 582
729 605
698 850
24 112
675 859
749 189
882 604
822 312
12 764
39 132
129 843
203 89
614 714
406 64
923 924
286 171
989 405
752 513
22 165
646 608
652 522
720 474
336 168
972 138
710 46
316 479
83 654
852 146
211 250
994 245
764 805
171 294
53 155
958 423
907 283
785 783
155 521
294 145
650 511
486 40
335 463
324 851
870 693
97 44
947 218
569 653
133 548
356 959
802 924
232 193
613 201
948 523
673 327
437 857
544 837
841 799
551 274
129 715
42 404
942 623
343 970
167 968
82 118
531 0
13 558
656 268
599 818
121 889
954 617
525 508
252 166
480 716
668 914
466 950
857 123
974 588
575 367
902 731
0 1000
160 476
675 161
720 521
713 111
595 813
618 652
761 761
383 66
105 614
186 60
28 538
436 913
143 378
730 886
253 388
323 973
672 892
267 707
267 893
176 902
198 828
577 1000
248 119
740 49
489 341
833 863
528 941
651 402
219 938
382 69
830 859
319 385
61 911
483 715
983 685
663 459
578 736
712 495
472 783
416 99
419 371
243 867
518 935
381 192
220 45
367 814
449 92
354 571
386 27
624 910
405 761
393 605
260 12
526 556
16 964
767 483
568 592
927 378
99 262
140 460
354 473
406 696
347 165
868 239
790 18
554 527
369 739
595 761
251 81
412 102
677 22
620 583
447 877
324 907
346 154
557 583
205 665
392 978
716 947
905 759
545 752
781 734
442 572
61 37
970 46
585 820
476 139
833 142
80 579
312 272
479 746
100 988
630 43
739 421
567 339
216 901
771 968
912 714
910 121
587 786
733 851
773 110
885 691
68 371
894 291
476 259
461 506
634 861
542 699
821 889
479 397
936 622
683 354
151 68
589 857
490 252
71 301
670 501
157 115
803 655
61 170
629 162
288 322
157 545
697 907
71 204
164 348
20 425
807 973
354 683
558 927
487 249
959 994
373 673
704 757
163 468
449 248
346 254
61 982
517 309
161 500
892 292
526 369
896 550
302 849
179 368
210 582
394 954
192 561
899 206
398 478
664 61
757 984
572 142
337 141
776 253
907 597
648 858
462 315
908 987
916 108
688 285
59 620
157 460
953 726
967 778
925 877
813 518
700 121
202 808
336 929
559 513
961 911
361 417
555 963
848 266
606 196
801 230
908 962
135 371
23 932
199 807
783 318
998 749
433 971
193 178
728 497
321 306
365 307
200 588
895 573
221 566
935 520
669 214
847 780
775 413
204 422
138 225
398 604
940 196
795 95
719 182
102 467
394 18
898 994
151 816
343 76
15 766
343 750
984 646
326 850
355 916
795 802
869 961
461 598
424 760
348 858
15 461
600 958
633 281
966 485
801 655
280 617
830 975
24 227
954 384
326 922
26 34
851 412
429 958
526 339
896 336
996 8
130 225
491 850
383 382
977 678
316 92
409 211
352 534
272 681
434 132
671 317
535 894
430 300
435 100
354 634
47 968
775 810
248 479
574 937
110 290
555 566
11 940
886 97
915 157
792 773
115 185
101 715
200 552
186 832
611 721
547 550
57 186
58 664
377 83
447 910
168 647
187 530
946 365
608 315
121 871
496 836
865 631
586 501
888 856
437 616
104 176
696 559
201 43
968 400
766 519
602 495
734 139
156 427
646 937
137 143
834 649
828 81
881 144
994 565
493 289
560 868
557 68
984 486
744 405
610 574
938 299
485 101
298 302
605 3
587 744
756 154
85 566
589 782
705 770
913 910
383 620
101 893
562 348
874 669
362 526
318 174
467 501
648 183
989 134
817 697
370 790
774 257
838 438
239 655
546 447
368 325
27 858
937 520
118 358
129 195
724 737
161 751
952 308
632 487
177 581
935 236
482 956
550 411
82 988
744 268
306 246
511 454
440 99
263 634
470 199
937 252
37 141
573 315
883 298
436 696
443 927
912 750
523 737
777 189
76 526
562 871
386 527
150 356
599 409
54 383
302 419
696 594
789 59
746 497
842 521
398 612
640 421
630 963
846 1
798 76
826 309
286 339
834 627
479 963
806 242
157 964
39 151
375 642
574 1
475 470
794 6
733 851
972 800
447 620
565 921
706 832
634 664
487 858
442 610
346 220
539 621
151 130
989 759
488 937
790 911
811 356
231 709
691 127
384 216
493 118
723 719
218 205
308 939
314 474
964 248
723 464
823 569
675 406
180 977
473 528
802 776
805 849
569 185
3 791
864 186
533 219
310 558
788 932
34 699
871 129
419 756
929 502
604 656
263 818
47 64
311 949
445 159
346 693
533 892
934 221
125 164
112 339
595 267
942 712
90 727
963 403
222 87
418 480
617 329
482 575
855 522
250 401
318 141
620 536
596 749
521 952
842 145
974 603
818 277
114 784
835 207
831 630
821 302
351 597
10 134
391 204
755 113
490 818
980 331
173 863
502 994
861 311
149 359
897 852
301 393
575 154
752 797
614 744
407 864
247 872
459 648
856 79
610 538
351 507
427 865
686 591
632 329
884 819
556 172
234 602
474 311
276 78
357 933
903 9
518 602
502 695
202 606
853 624
81 275
630 28
808 638
426 860
217 67
457 775
156 297
329 646
504 123
23 676
532 376
972 706
123 90
585 533
400 794
457 625
108 551
742 403
862 800
375 377
224 190
312 684
902 637
242 388
252 891
397 224
603 258
911 160
620 266
699 340
900 825
397 453
846 940
423 24
323 66
387 355
626 932
860 850
114 785
915 661
186 947
795 557
785 527
664 295
946 372
29 296
724 50
744 400
197 527
770 40
537 258
401 183
612 742
174 675
423 818
51 356
489 785
349 154
9 799
96 100
506 573
122 728
118 748
325 467
582 914
368 13
885 248
747 634
957 57
98 925
614 582
690 819
10 745
489 969
623 811
839 309
514 486
102 956
352 827
545 583
239 919
125 427
504 857
765 723
712 682
914 304
352 584
48 768
820 882
369 579
424 912
533 224
978 490
914 435
193 634
104 984
550 206
673 657
376 425
171 616
823 825
222 676
861 819
598 906
917 382
965 360
143 202
914 1
192 882
985 220
232 802
19 743
690 237
66 930
959 897
358 388
693 865
378 141
902 388
613 764
93 214
489 945
328 796
836 890
770 713
844 665
331 106
123 726
387 669
200 467
677 831
715 228
811 768
870 939
439 672
727 579
721 939
118 627
192 81
688 68
626 402
727 17
959 840
18 990
554 319
155 46
426 568
883 988
315 517
826 811
148 91
407 162
30 484
923 347
53 32
711 151
836 7
3 148
723 339
791 541
385 961
852 841
476 988
913 397
242 915
805 390
968 199
173 65
633 672
357 87
157 674
563 240
122 762
976 938
438 545
603 564
873 843
782 415
549 175
322 871
395 282
805 951
970 935
135 956
615 513
289 268
569 284
246 284
573 264
871 409
960 221
453 203
533 234
424 568
658 540
650 680
889 505
673 737
266 465
540 800
369 141
154 129
898 797
826 820
591 163
926 833
65 823
69 278
937 338
777 706
976 325
905 656
812 111
481 516
676 350
236 300
609 628
227 502
938 252
736 950
823 842
124 748
139 800
351 919
176 335
401 319
837 702
878 440
379 954
86 251
598 369
565 846
533 432
460 347
824 102
428 137
724 55
451 933
98 242
685 33
596 629
852 186
831 813
414 244
130 339
705 689
248 669
619 129
529 345
195 472
190 141
83 821
389 505
826 961
396 452
498 177
782 599
130 486
858 457
184 133
379 997
776 9
38 17
301 299
667 646
889 201
253 782
389 7
482 617
375 811
224 586
677 296
38 307
121 259
27 31
453 896
201 809
813 636
754 179
23 963
739 520
655 522
885 897
348 677
819 867
336 863
617 442
183 730
344 808
531 413
18 618
747 998
800 308
347 88
34 150
369 970
18 61
658 29
520 159
746 873
626 566
172 702
551 875
56 603
778 124
461 951
850 777
549 860
870 323
222 517
687 59
583 831
536 338
549 974
594 956
523 862
385 767
21 237
600 921
375 842
528 130
846 966
102 741
699 17
771 820
426 113
786 775
490 29
145 864
827 416
698 10
53 300
480 622
734 503
222 700
534 544
378 75
248 787
146 403
709 506
962 651
501 1
971 629
520 838
942 843
998 627
259 457
722 437
678 540
318 663
548 408
877 953
601 431
285 473
507 0
321 402
575 952
28 742
618 961
573 973
132 443
817 791
434 970
605 170
126 151
101 769
692 699
127 545
449 914
976 802
907 755
989 361
262 698
150 633
246 877
700 512
809 439
352 742
104 383
635 892
462 527
151 778
445 743
148 318
844 620
319 375
513 721
906 304
669 754
557 954
502 809
476 179
757 820
479 260
28 61
173 108
295 642
680 432
157 679
954 447
927 553
828 965
644 715
675 778
620 350
148 973
272 958
632 740
145 699
441 643
98 380
950 331
573 402
988 855
729 605
243 668
411 631
600 571
497 34
572 373
234 847
926 652
257 136
365 866
697 248
395 215
48 729
288 736
807 783
725 248
100 503
503 527
58 591
702 80
667 844
193 446
832 67
763 645
289 614
757 799
674 509
70 312
453 124
269 317
234 464
442 228
749 48
818 691
271 848
763 213
921 394
536 894
795 391
508 727
889 850
422 696
762 776
350 549
972 807
926 120
976 654
832 218
712 978
726 783
102 622
995 31
380 483
533 337
944 684
155 95
597 42
200 525
137 966
809 148
742 174
642 326
227 831
407 363
756 52
567 82
924 215
213 13
216 196
742 786
810 382
52 312
88 74
544 34
447 251
256 688
600 433
134 423
48 261
216 28
274 276
884 192
889 194
113 753
118 102
461 582
156 675
2 727
969 995
710 430
157 632
304 107
800 308
651 698
215 774
205 804
152 599
963 900
236 181
939 270
370 713
682 250
793 156
618 788
850 836
512 409
661 907
502 11
731 71
662 660
584 902
431 581
450 415
797 492
720 692
446 650
704 586
813 108
636 433
686 212
234 906
183 25
89 132
19 556
263 19
955 389
188 165
876 78
715 329
202 40
652 304
781 773
219 995
749 478
437 354
834 988
764 298
497 544
944 866
141 686
965 760
878 83
406 56
283 927
148 637
118 662
58 604
115 704
946 847
935 889
660 465
651 309
365 456
42 35
244 998
208 71
155 933
682 499
327 394
991 262
763 99
918 333
341 819
754 658
950 16
658 836
64 697
974 236
359 671
448 888
908 869
38 321
766 581
38 476
245 952
554 92
778 732
173 189
241 692
784 605
424 793
150 167
548 469
18 523
88 615
254 883
200 970
9 954
868 991
239 912
593 431
3 395
763 72
500 442
559 273
706 804
650 852
583 855
668 180
107 502
727 685
376 61
371 111
854 879
682 952
215 589
661 929
34 945
237 839
867 990
399 15
738 424
639 133
731 321
916 682
743 635
468 394
101 881
237 766
109 724
563 288
975 185
751 775
517 742
587 523
104 808
158 671
635 798
25 316
520 71
599 207
622 272
510 868
381 748
810 566
928 381
96 45
15 603
351 782
117 391
117 800
95 407
898 432
579 189
650 342
349 754
448 575
381 102
339 368
618 465
84 679
373 836
151 969
580 530
491 943
588 351
322 363
347 215
438 795
772 132
532 391
388 380
520 795
260 94
204 177
110 580
440 218
278 937
617 64
989 502
820 300
263 865
228 442
763 314
751 321
79 850
704 910
115 163
497 702
131 317
444 543
634 726
966 820
209 19
509 250
181 253
110 10
524 266
745 381
171 687
771 350
435 990
490 756
80 268
14 761
637 868
642 259
998 124
603 279
778 661
153 315
972 880
60 922
511 778
546 410
915 815
522 246
588 817
608 539
917 119
535 920
484 360
976 433
253 95
979 288
458 695
533 253
304 294
322 573
285 237
173 174
171 893
790 356
858 45
702 772
423 214
157 547
357 778
455 17
363 355
126 374
657 652
69 606
244 344
444 203
331 354
763 410
970 455
72 254
109 590
286 587
278 706
838 479
847 664
842 116
919 771
422 887
979 34
571 970
17 614
525 34
326 185
910 62
613 710
433 96
127 758
661 161
166 404
806 970
75 282
765 497
665 334
255 508
259 398
105 177
704 997
753 961
282 815
879 741
92 424
987 312
520 100
990 749
235 560
748 856
800 649
50 962
397 502
91 489
892 861
626 456
919 293
412 547
604 864
480 215
752 74
88 788
317 942
152 931
901 508
834 849
516 667
788 310
812 644
648 629
883 160
136 319
601 210
93 272
856 687
486 509
325 957
459 481
657 471
355 854
778 654
754 17
858 804
310 650
999 144
562 653
99 303
916 572
69 62
596 881
973 718
215 636
86 786
902 146
84 369
409 184
713 361
810 209
421 904
919 29
506 73
915 892
16 992
586 615
624 882
75 275
985 300
818 284
772 581
847 725
441 712
875 676
466 210
115 231
524 187
96 904
93 494
458 915
321 926
32 167
411 41
182 997
313 469
851 859
635 690
655 837
430 840
24 697
611 454
437 149
939 397
87 970
903 567
665 709
747 630
852 927
763 984
807 107
912 100
537 706
418 954
52 237
742 396
110 248
885 515
545 766
355 167
555 22
566 248
264 72
984 904
976 52
929 783
475 372
517 589
734 37
912 221
686 174
434 678
640 11
967 946
682 174
221 303
274 158
67 415
941 47
865 32
175 337
259 269
79 663
811 12
40 593
305 947
376 641
976 198
424 29
399 922
518 447
563 315
738 975
309 669
746 91
759 224
332 882
381 224
221 988
423 920
184 969
737 349
490 282
763 215
325 618
985 734
292 211
978 898
386 306
452 782
328 710
959 30
323 449
286 683
203 191
289 318
599 794
656 187
473 826
32 30
471 405
88 288
252 484
245 194
887 189
148 412
182 425
719 74
867 150
202 850
916 892
60 274
18 67
873 913
548 210
6 973
389 929
495 72
912 979
256 876
193 932
537 587
947 50
63 747
850 441
589 219
183 563
799 28
573 793
599 813
59 630
700 822
684 766
865 207
47 318
906 370
893 894
114 816
314 830
831 945
819 326
660 729
81 978
20 929
593 490
58 132
16 47
143 116
308 217
261 194
400 509
124 325
62 571
123 84
417 294
861 688
112 855
612 764
905 596
493 846
977 544
188 479
980 543
706 452
728 609
692 807
830 744
994 680
440 849
529 290
932 351
74 959
32 570
520 824
771 834
733 541
604 906
325 797
198 583
797 475
971 755
731 995
799 828
655 920
189 64
765 268
309 468
640 780
356 321
710 923
690 782
239 787
291 602
331 516
925 501
224 687
963 100
967 668
221 538
226 821
763 67
162 54
444 968
230 695
797 13
976 170
699 317
569 537
266 279
209 782
769 638
705 892
423 474
944 371
486 583
754 137
281 93
598 257
916 820
564 906
634 740
364 61
851 124
325 493
446 609
967 271
4 837
430 526
346 884
225 727
877 7
771 134
918 397
772 611
753 730
454 992
884 113
913 451
981 777
240 905
738 663
908 578
155 675
63 430
480 952
506 349
620 914
996 552
550 395
238 983
51 232
719 693
503 634
602 844
422 361
272 937
957 842
166 227
871 293
912 746
312 486
178 837
825 415
763 107
833 505
888 808
318 15
231 995
462 438
600 752
553 913
318 118
840 800
600 658
210 520
45 394
854 959
860 598
582 488
156 936
416 822
244 690
373 510
632 68
72 678
630 662
275 790
141 315
193 774
736 181
79 584
855 180
130 291
811 377
966 972
277 132
51 481
847 529
28 642
500 152
699 129
725 416
786 944
595 500
113 649
69 709
502 691
565 21
747 971
938 408
799 695
736 161
930 26
515 654
488 664
834 497
885 58
151 311
517 494
675 98
689 309
235 128
578 435
981 897
120 715
5 49
437 18
389 91
616 188
786 35
927 690
94 949
324 574
371 589
444 934
346 347
447 496
612 397
976 363
643 614
895 606
151 399
103 22
170 568
330 162
553 107
270 222
26 185
694 516
719 840
966 257
351 129
614 226
431 739
592 271
83 853
715 620
433 557
754 574
119 181
905 345
648 788
75 810
986 967
258 676
851 940
964 561
327 757
686 18
850 234
331 71
843 9
252 210
118 222
901 839
502 727
916 657
513 202
457 286
559 437
143 523
136 778
938 324
149 964
971 734
687 249
520 420
747 972
405 512
288 799
64 819
70 459
765 474
409 468
318 801
965 548
946 548
138 866
941 244
131 848
257 537
242 302
731 364
544 989
896 540
460 62
729 653
587 431
964 276
542 183
10 151
390 211
704 380
288 948
415 525
601 350
607 321
768 1
887 308
387 479
327 810
420 556
170 409
479 617
536 359
619 94
601 558
2 346
312 814
601 935
739 667
577 674
312 129
380 292
940 682
592 511
149 87
309 96
472 215
906 633
393 895
649 207
491 702
747 389
645 314
649 442
385 159
747 343
165 603
190 920
997 736
205 933
458 801
681 438
910 73
193 597
581 557
264 605
697 390
859 627
993 4
570 767
169 430
826 610
565 407
10 778
85 479
48 597
649 256
503 230
377 92
0 915
17 817
450 514
100 143
805 1
308 563
744 184
963 652
663 414
185 270
278 692
978 195
517 834
794 413
526 652
939 127
642 438
260 73
750 357
789 739
984 277
78 381
288 337
744 52
520 896
511 922
993 157
929 997
122 437
881 110
987 89
37 670
198 616
192 472
813 662
648 651
804 291
947 709
853 450
75 549
580 439
99 510
315 980
752 175
383 776
840 998
553 332
562 270
708 838
957 516
224 598
964 825
361 556
873 550
321 217
856 253
582 811
315 691
99 715
948 656
88 799
794 604
478 81
646 472
536 417
393 10
337 867
444 55
345 608
967 771
437 681
283 827
89 2
119 138
81 948
116 258
360 220
107 639
557 946
993 26
536 734
121 442
399 380
641 104
627 777
829 715
248 866
64 647
753 171
48 615
377 846
53 671
607 625
564 554
264 535
268 747
674 400
922 639
474 337
668 544
907 597
148 55
8 232
999 423
885 743
29 345
321 873
979 613
901 814
466 271
689 387
805 741
307 8
811 752
222 850
463 555
644 568
505 245
570 835
158 289
844 880
154 705
961 346
987 536
278 246
707 913
223 80
21 699
562 590
693 298
805 217
423 195
160 360
902 65
658 480
107 848
777 10
590 46
12 682
364 918
135 653
343 247
219 658
479 712
641 172
230 275
405 947
389 337
438 481
860 920
111 694
62 598
200 720
175 734
933 571
162 524
733 319
449 354
347 472
70 110
772 207
94 572
908 681
113 767
27 384
581 177
418 211
700 501
144 483
363 360
663 901
261 858
274 23
419 31
175 266
449 767
641 885
802 841
536 815
377 416
230 676
99 985
427 757
849 624
683 613
837 525
48 914
839 599
467 696
138 950
878 480
14 896
177 887
799 871
486 610
558 626
951 659
909 768
344 199
209 958
929 395
399 419
922 86
348 563
196 490
87 827
67 306
778 261
883 593
563 358
806 828
758 307
461 127
132 802
589 947
36 964
577 161
433 615
367 430
997 410
710 322
549 173
287 245
141 585
992 790
979 262
790 768
865 413
138 628
194 323
449 482
226 95
490 534
953 184
396 168
907 690
335 348
240 110
374 609
806 805
104 253
484 463
452 155
804 891
335 258
794 150
453 759
865 413
937 963
114 425
59 588
472 213
482 742
888 956
346 895
676 305
711 970
886 970
197 372
242 44
584 357
416 120
276 758
545 318
340 62
458 185
25 141
744 874
353 53
95 743
716 78
455 804
905 612
728 500
240 659
785 685
720 935
924 559
417 713
409 483
637 981
155 856
837 599
794 323
886 431
146 659
122 264
771 599
531 216
210 514
428 920
323 104
547 672
355 923
304 379
99 606
916 381
718 828
880 612
428 314
342 360
567 786
904 444
884 582
79 533
31 22
260 562
526 842
295 540
8 834
105 73
734 10
297 7
363 280
308 233
207 447
866 819
58 353
89 390
424 262
50 506
426 261
742 972
181 388
499 928
844 551
899 293
924 480
762 508
494 246
826 153
675 409
808 89
566 642
100 141
703 912
1000 480
498 940
91 774
839 47
703 66
306 958
881 257
403 332
768 562
206 995
873 999
708 374
705 109
847 548
242 404
747 825
491 938
387 720
289 888
643 118
119 685
148 871
322 817
875 627
477 570
989 232
380 804
447 834
850 748
530 618
464 503
365 720
107 389
790 719
455 220
573 544
565 772
764 330
36 296
536 389
398 687
499 683
236 961
5 713
830 827
660 95
747 288
595 843
460 252
175 359
915 788
897 268
771 243
736 597
330 438
680 268
144 986
878 564
72 478
616 636
395 451
654 929
934 305
172 606
617 675
956 989
298 525
883 199
633 656
16 896
681 645
162 551
408 877
412 36
322 953
944 362
289 359
670 276
241 461
1000 164
807 677
301 888
270 8
653 864
228 617
293 485
305 349
470 613
269 125
743 277
569 891
846 972
79 809
14 936
182 601
377 242
379 313
168 670
765 153
351 758
788 44
310 485
231 673
289 839
423 483
953 323
136 406
805 55
660 285
366 194
856 127
945 177
374 685
429 686
339 315
725 610
82 248
247 344
133 425
554 156
456 641
843 346
487 568
845 495
783 673
301 908
282 415
342 752
295 284
680 137
269 689
752 151
1000 320
978 107
103 207
539 411
594 413
193 715
411 558
168 530
262 767
806 832
795 708
697 820
648 930
61 937
182 304
586 275
594 739
611 987
447 568
588 261
466 609
778 3
3 418
251 894
236 442
583 119
595 98
639 297
440 803
513 177
127 530
801 395
358 570
854 941
517 212
476 417
428 331
462 136
409 490
462 278
778 549
785 602
163 481
61 780
541 180
122 528
640 357
115 633
920 54
759 959
476 252
83 886
367 936
157 850
745 398
191 600
102 47
118 787
633 313
494 724
884 847
690 123
786 42
784 935
446 965
346 436
338 286
177 74
305 395
636 770
377 96
43 148
298 878
597 752
629 489
508 784
173 908
521 645
934 122
288 335
248 363
435 38
107 229
856 540
728 870
275 123
261 760
34 22
320 549
611 496
513 578
731 11
325 699
492 999
846 885
369 790
226 182
623 415
444 270
322 798
690 757
94 278
852 958
471 378
749 714
850 682
126 244
547 12
4 58
712 526
940 446
640 209
317 119
323 841
740 747
222 26
20 596
609 501
580 377
28 769
386 893
805 533
58 343
416 19
841 756
145 555
201 217
749 134
789 457
755 562
220 103
353 870
474 930
720 40
582 433
333 319
700 252
936 627
43 851
332 865
19 279
14 350
272 994
458 600
627 861
528 746
419 89
725 335
507 265
470 953
887 978
117 423
15 16
866 960
638 199
998 105
781 991
924 110
559 159
243 569
854 109
327 750
712 254
589 500
465 789
886 113
164 849
124 686
992 283
44 644
292 654
992 213
311 167
812 687
547 545
278 1000
460 723
437 243
76 253
524 265
144 406
318 94
250 58
445 525
456 706
87 782
650 146
668 667
469 56
705 384
283 909
25 116
434 862
918 242
954 27
385 660
272 68
282 137
891 68
648 265
490 791
400 326
137 455
751 662
864 133
769 727
193 104
141 111
443 176
136 423
518 247
292 332
217 956
552 739
596 304
867 77
566 31
263 401
994 162
213 693
753 270
433 830
230 523
646 451
64 780
624 93
199 771
972 996
962 448
362 320
432 424
992 875
142 115
717 615
72 932
992 365
912 394
757 173
373 640
320 449
808 37
138 437
42 26
367 275
555 488
990 226
60 193
992 664
804 248
11 316
963 828
169 300
524 829
826 404
256 715
268 867
687 262
706 737
701 484
683 737
462 997
627 44
533 328
821 744
256 221
610 524
544 918
579 613
842 906
114 313
277 987
220 523
43 292
730 88
180 630
366 186
30 235
816 335
960 579
235 260
454 179
840 295
509 90
305 915
130 495
524 85
189 161
634 316
121 568
323 895
452 450
776 526
783 291
15 220
938 766
282 753
717 700
541 908
495 496
145 816
822 144
814 604
536 114
358 610
502 622
121 212
394 443
633 750
530 93
70 945
136 890
34 29
719 827
92 512
733 51
235 308
522 569
148 96
465 272
764 119
126 798
123 287
56 741
367 94
901 365
580 374
622 935
217 214
501 821
224 879
697 723
695 990
997 355
667 745
831 258
104 475
57 555
208 319
695 962
833 533
498 604
148 605
618 546
746 843
247 324
833 48
99 146
22 442
868 958
704 204
324 466
832 532
171 385
355 316
641 557
327 641
110 513
666 504
506 544
493 113
410 565
158 330
343 513
330 508
164 245
297 408
629 223
881 567
892 162
943 359
401 399
115 52
783 108
205 62
509 867
571 418
209 418
70 422
649 444
493 291
463 784
554 957
587 373
758 642
367 249
575 170
859 363
886 53
944 724
280 940
1 162
485 408
561 523
752 118
535 290
86 595
870 731
410 754
223 693
693 950
554 660
385 873
837 368
443 396
824 532
671 717
996 950
440 461
823 451
143 851
276 651
379 481
558 512
621 736
168 698
870 201
747 510
412 706
699 280
787 362
92 464
489 913
174 222
862 654
907 727
175 331
268 517
203 642
84 159
152 323
760 846
715 24
14 301
312 837
686 822
192 403
589 503
588 292
645 722
386 627
51 194
620 292
272 293
49 416
18 462
191 454
851 793
863 756
132 520
660 298
885 368
230 668
569 483
563 771
627 504
801 821
751 647
143 403
127 325
83 903
426 627
138 430
314 396
132 64
23 694
362 635
370 161
41 673
435 332
270 783
431 449
683 78
771 995
674 878
792 632
682 924
728 33
796 538
59 309
583 241
650 59
303 891
978 188
588 921
302 77
817 576
873 303
995 932
350 566
824 263
240 358
624 684
813 627
385 717
180 756
119 679
921 38
652 950
692 33
599 743
904 30
707 659
877 647
16 968
268 303
742 497
992 664
895 304
396 943
711 745
338 858
361 52
433 455
950 956
685 748
298 984
879 305
475 250
13 764
211 680
964 404
736 323
315 550
40 392
806 82
309 715
56 947
320 997
59 518
300 456
548 83
597 668
40 359
570 158
886 563
535 820
435 966
161 52
346 562
801 382
321 498
630 100
977 9
199 762
862 813
824 848
182 550
743 901
965 194
556 514
927 527
444 99
684 969
628 852
55 629
788 265
959 33
55 455
291 214
686 639
735 676
362 528
151 5
840 820
49 885
35 507
527 661
698 86
511 301
391 754
999 681
682 44
392 137
137 752
188 947
833 635
36 214
271 156
896 553
45 62
52 177
899 20
452 967
699 797
14 938
648 141
641 787
431 624
377 998
36 569
389 463
533 400
753 535
245 95
528 966
673 790
123 329
178 518
833 506
76 620
856 609
482 461
76 904
853 666
125 767
975 928
22 69
376 721
726 795
343 371
792 956
242 461
323 385
223 37
574 994
346 212
658 25
156 76
472 677
694 288
106 400
509 621
882 269
233 59
233 494
465 179
47 188
553 849
299 703
662 209
664 538
619 148
916 912
115 201
894 502
611 229
745 787
908 162
357 922
432 79
75 205
555 790
790 108
190 564
553 790
227 294
974 233
915 997
160 597
605 590
209 857
433 3
652 78
300 845
429 941
248 175
317 301
163 32
488 93
775 70
278 452
33 682
251 625
813 686
613 713
782 405
572 281
45 734
873 153
292 867
503 438
346 166
695 434
385 898
776 195
271 70
222 730
650 12
134 273
868 668
188 731
275 169
392 422
63 346
273 59
490 755
166 978
599 596
914 498
242 49
323 115
870 155
524 115
0 112
359 482
475 642
243 178
550 370
221 133
204 651
211 894
474 26
823 217
423 245
631 932
842 554
399 591
901 41
45 187
704 82
584 181
