10000
821 631
860 691
741 578
335 23
790 245
812 900
44 608
966 667
511 970
744 281
977 90
117 115
921 13
935 187
1 913
884 777
227 774
944 573
401 63
160 817
588 413
763 300
495 196
215 867
991 152
18 764
380 323
583 425
791 200
590 508
264 765
650 454
510 86
110 755
688 94
511 132
963 234
384 44
315 578
509 57
801 23
715 709
404 593
723 818
859 395
569 754
885 72
63 762
606 331
26 154
897 901
548 128
85 640
613 995
184 465
518 487
245 916
40 895
156 757
184 765
905 112
300 288
300 542
783 686
867 628
543 660
203 686
86 146
409 559
105 688
457 754
595 820
364 874
266 366
104 476
617 852
37 464
65 271
685 65
624 577
497 981
945 238
406 653
414 319
579 161
828 173
500 585
19 127
873 246
345 560
484 422
242 407
862 1000
65 508
747 444
875 489
812 418
909 926
158 285
813 481
343 295
296 704
158 114
244 562
863 585
604 648
979 368
306 33
522 481
495 549
998 868
498 143
666 276
688 781
753 231
329 948
14 286
926 909
45 977
566 832
367 323
751 408
27 82
457 845
262 584
244 732
681 186
54 415
50 53
866 363
36 836
342 1
363 304
499 943
253 872
692 698
366 906
16 621
326 647
231 282
831 802
801 512
632 580
349 500
252 36
406 768
359 725
578 218
391 45
580 373
239 756
153 636
438 732
792 32
445 962
985 153
815 345
900 373
686 591
250 218
878 955
333 362
234 891
319 701
830 665
738 597
510 507
429 138
58 330
576 438
57 929
788 194
28 783
199 317
675 454
294 528
990 421
872 78
137 288
215 789
816 670
476 583
615 775
371 340
595 221
455 107
233 460
863 153
413 113
149 638
208 603
767 478
36 620
438 776
64 877
628 660
769 26
813 251
646 826
333 211
297 374
163 96
130 840
202 794
103 262
312 282
360 476
360 303
906 750
650 387
826 693
559 661
686 55
647 535
617 743
349 398
708 995
624 629
747 87
778 419
236 406
983 290
694 703
502 124
76 278
511 497
647 101
767 138
681 758
376 68
357 285
404 611
964 245
16 532
502 974
96 442
961 55
608 408
1 746
296 822
834 793
560 131
92 709
402 197
653 190
639 769
578 774
344 251
135 339
469 159
963 775
826 650
845 424
711 572
741 193
923 780
553 21
177 252
260 41
82 323
926 716
40 498
665 407
164 16
338 282
728 57
587 939
662 719
530 535
128 18
731 966
129 418
145 790
858 409
565 340
639 845
888 598
817 934
567 84
129 302
684 667
431 53
569 730
720 925
897 126
625 963
280 675
377 615
9 28
591 557
122 892
605 182
608 478
545 84
486 23
875 213
984 236
284 140
394 599
146 767
172 464
5 515
106 412
866 20
953 92
47 106
876 95
308 170
458 419
214 77
111 925
248 522
989 155
366 742
914 91
18 93
204 478
301 307
865 222
488 200
593 854
712 747
730 652
58 895
424 749
550 641
986 725
241 30
192 962
717 478
292 215
37 268
186 310
785 733
237 945
885 390
44 886
370 383
715 704
736 938
518 323
325 690
905 127
790 383
860 786
754 245
620 285
445 496
801 160
144 804
820 0
683 347
249 750
713 904
498 985
493 910
497 513
545 682
111 465
93 722
379 738
739 176
2 397
65 130
770 49
416 76
409 126
2 917
449 861
172 237
455 385
634 112
197 285
871 678
606 446
459 159
871 118
940 293
450 88
430 925
195 216
936 460
37 828
974 517
96 524
294 895
506 539
764 904
646 161
191 873
827 601
820 233
497 39
957 669
225 396
959 842
524 994
317 266
222 140
94 178
971 749
484 495
289 531
799 804
191 251
700 732
511 932
8 605
716 298
269 687
955 807
233 825
211 415
893 143
737 576
366 286
646 381
291 208
838 880
362 788
779 826
356 720
907 602
3 411
260 305
390 824
768 43
574 51
552 88
576 258
849 340
715 444
574 28
925 839
417 150
705 275
497 361
400 336
468 238
862 288
598 637
369 484
813 264
81 136
506 358
570 952
505 277
4 985
872 818
237 220
567 14
743 415
923 226
241 231
441 416
132 993
366 625
503 360
743 651
721 162
924 67
33 528
362 182
104 579
930 685
741 102
273 657
172 171
435 21
783 285
518 117
182 565
321 192
401 420
409 432
280 910
209 980
719 266
2 896
569 105
779 386
866 67
443 869
748 811
103 94
477 521
926 459
184 377
500 771
863 872
467 109
990 164
522 908
677 791
696 85
530 213
429 212
619 934
744 64
342 969
311 655
2 119
71 806
422 498
167 694
96 897
28 184
761 145
935 207
804 64
152 216
442 5
508 304
403 219
78 274
717 915
189 482
758 279
460 285
559 850
269 973
729 95
300 750
634 548
415 445
831 665
415 545
170 29
830 809
290 112
42 635
458 518
417 417
533 247
538 465
660 475
906 286
573 435
666 595
996 729
991 96
759 544
374 837
655 455
565 97
992 492
664 134
452 396
381 992
695 827
626 861
880 556
537 757
855 943
270 278
479 651
181 558
238 145
539 446
442 69
818 855
713 179
739 933
292 6
114 198
771 882
627 598
387 406
956 452
966 818
190 443
217 187
310 744
552 802
193 271
544 968
859 823
506 397
87 27
799 826
349 899
606 846
16 28
729 887
125 891
877 314
47 959
807 538
479 50
67 923
784 558
833 377
193 390
84 590
858 620
102 831
873 102
440 882
611 852
434 194
315 131
220 11
761 148
623 694
960 961
321 840
402 684
858 742
428 433
613 693
801 553
735 288
505 206
678 886
773 711
560 709
934 998
778 873
229 776
712 418
147 357
409 691
80 898
96 865
927 890
569 904
577 675
13 736
142 800
532 47
26 481
571 449
639 326
789 440
165 312
299 750
905 530
339 946
650 233
156 45
829 214
957 67
963 137
10 488
487 991
323 534
764 914
320 384
830 628
289 804
488 657
382 887
395 431
934 663
50 450
264 926
737 794
280 575
515 885
757 395
492 317
739 254
14 254
292 780
265 535
738 468
754 438
22 346
632 338
613 467
823 572
679 860
956 640
435 655
790 400
725 536
603 29
743 705
169 956
336 629
6 871
893 569
424 734
613 324
418 508
107 968
707 792
888 906
959 414
136 75
198 990
975 968
900 568
67 401
324 734
615 39
242 96
236 406
14 761
801 763
591 917
338 843
588 159
289 23
281 689
726 985
272 127
219 223
190 301
896 377
541 176
667 311
542 168
62 595
59 642
94 220
206 400
426 624
928 585
24 59
393 540
810 27
630 135
612 346
301 420
99 387
176 694
882 664
188 823
181 508
398 148
710 253
236 671
843 439
28 570
57 643
586 554
958 968
717 859
958 723
383 840
995 261
303 704
398 1
401 122
404 596
676 135
443 948
967 404
534 938
168 272
937 622
671 428
852 287
641 2
39 419
977 994
833 371
342 1
870 261
888 392
222 377
465 77
928 903
387 255
722 551
533 266
910 951
479 44
20 684
298 191
251 961
122 614
699 534
364 830
395 429
48 234
301 411
883 797
317 491
890 129
279 603
120 340
104 281
562 761
273 127
736 197
700 733
177 183
822 764
340 260
405 522
358 616
504 275
482 883
646 640
828 534
942 957
412 551
183 293
143 654
71 778
567 809
366 841
479 571
524 309
566 394
857 30
980 971
576 200
282 813
7 659
293 517
237 98
191 14
462 343
621 898
279 924
51 395
27 590
686 720
657 77
996 943
515 245
906 21
82 46
636 859
68 945
595 977
529 981
356 237
773 961
678 954
78 501
104 804
621 454
113 282
68 349
179 514
189 585
620 748
715 518
410 597
729 124
404 503
834 159
442 482
411 926
639 116
897 36
594 752
124 140
651 34
848 444
372 496
189 176
623 393
966 987
42 834
114 51
895 642
504 335
423 383
547 777
563 452
277 397
408 125
483 425
978 696
105 796
34 7
973 367
910 980
636 361
962 17
200 91
119 513
983 918
941 481
204 898
299 109
211 571
814 847
884 558
841 898
828 714
308 975
309 865
343 467
897 591
591 293
745 386
106 791
296 587
614 132
416 785
654 158
58 405
16 765
428 518
780 341
913 69
631 137
829 467
323 284
651 747
628 3
564 759
752 813
895 299
798 397
585 734
114 436
171 331
21 896
484 421
689 402
886 933
758 753
941 892
923 746
473 527
41 896
188 950
996 224
729 460
672 294
673 109
690 528
149 409
370 640
603 350
192 781
554 430
978 289
968 133
514 366
525 5
627 874
64 925
443 717
922 453
261 829
447 355
441 437
551 363
802 239
835 153
64 824
849 848
283 359
744 566
700 179
387 59
980 351
23 429
500 842
334 33
779 273
999 784
333 201
505 336
126 703
670 276
724 202
806 689
757 688
74 623
800 329
316 84
169 958
960 10
254 917
201 122
558 474
673 557
269 679
769 751
551 139
413 33
992 608
137 903
277 346
170 324
663 760
52 419
41 603
604 491
922 410
990 855
959 409
652 350
651 135
85 144
649 893
138 75
835 463
79 60
271 255
939 351
0 235
348 311
334 784
765 907
54 942
45 729
870 790
586 819
441 606
551 891
724 706
654 344
855 826
41 707
179 266
689 277
789 186
600 894
600 470
617 397
235 530
216 800
593 844
458 924
64 271
179 26
19 279
413 482
471 118
501 582
939 649
614 562
738 245
301 542
627 778
867 262
43 859
166 208
712 149
782 188
713 56
933 788
859 356
11 461
607 535
79 757
358 836
499 319
129 673
523 634
839 999
878 888
330 43
570 356
349 924
741 280
413 559
241 997
368 195
354 683
601 708
746 710
939 32
398 687
686 941
186 34
414 964
366 537
71 483
139 509
64 112
479 760
842 1
931 199
572 327
316 523
957 703
463 668
370 82
491 319
287 611
703 461
628 417
88 168
263 968
801 321
605 185
331 91
345 372
28 227
102 816
94 93
505 692
476 588
144 728
399 206
821 713
504 119
687 174
287 847
798 218
670 320
279 803
333 27
329 469
647 643
231 622
547 271
821 226
816 866
589 165
631 319
47 883
863 688
51 538
931 89
18 582
440 295
622 590
179 318
437 280
762 284
409 952
960 555
623 30
561 559
878 165
952 912
956 363
495 328
312 813
472 828
738 131
909 672
690 401
974 874
250 536
472 855
44 634
474 623
467 785
912 629
651 997
656 431
845 314
398 250
918 348
439 418
996 131
503 815
516 627
766 998
123 541
909 73
161 264
314 468
752 922
524 976
844 158
426 142
922 757
773 22
649 334
266 860
314 629
786 819
631 685
376 262
934 147
173 535
816 84
776 736
564 762
863 159
814 93
384 682
856 614
629 474
377 642
688 988
733 348
989 506
480 276
125 740
401 725
90 910
925 971
753 367
270 131
148 620
206 804
169 558
825 419
743 178
653 339
777 426
187 830
903 597
850 237
862 582
340 69
599 895
968 762
217 330
953 436
166 416
536 910
592 122
598 945
806 805
195 372
672 73
513 917
285 171
990 963
217 844
113 244
604 369
164 928
301 738
356 419
898 343
788 605
854 886
241 13
168 74
764 512
686 415
235 358
338 157
217 989
59 920
492 331
623 921
643 405
156 912
798 52
594 836
463 359
903 928
62 910
144 472
80 747
894 340
255 834
138 493
987 989
631 427
925 954
889 371
249 111
82 261
267 850
52 383
657 696
310 3
528 226
402 350
251 680
392 537
476 315
234 157
734 372
894 478
17 243
160 226
5 877
365 556
49 510
845 418
897 356
504 197
859 940
417 296
745 66
621 705
856 52
37 692
790 320
674 765
315 607
656 793
950 50
922 909
223 91
993 216
504 740
146 557
312 128
443 237
309 645
134 536
104 222
962 58
959 133
188 935
57 646
161 582
673 918
678 274
280 138
533 632
70 597
341 879
153 404
36 749
806 447
923 951
782 301
483 149
4 775
528 867
175 406
24 923
109 898
343 842
238 424
690 411
698 867
363 94
686 461
989 319
909 684
47 889
941 495
256 59
756 727
861 105
820 890
35 964
103 417
822 976
971 147
799 16
899 533
201 367
436 346
668 655
809 428
129 325
430 616
122 362
824 212
911 197
738 899
134 414
911 276
148 744
987 521
488 508
673 105
177 611
98 620
693 76
479 122
471 218
738 513
53 193
344 860
349 130
854 69
893 110
846 313
376 702
623 731
861 23
69 289
791 884
828 83
651 638
375 49
233 358
515 782
643 960
885 548
741 184
855 278
217 353
944 525
658 281
943 777
851 818
141 953
908 721
737 392
555 963
848 105
236 103
889 778
806 162
535 410
527 391
433 270
720 789
418 260
470 876
438 593
498 642
937 857
157 346
661 448
143 164
247 101
477 142
71 365
547 652
432 285
536 190
224 691
719 550
690 965
894 936
201 496
138 285
277 707
248 768
806 489
569 76
777 645
219 747
867 25
685 540
351 707
897 617
187 350
505 992
786 30
392 80
942 472
205 644
674 366
921 56
701 916
932 795
983 423
454 611
934 717
61 372
217 582
879 141
972 962
780 224
401 26
386 906
451 94
80 744
452 421
507 979
539 156
791 385
879 891
754 811
866 627
69 538
726 266
141 242
121 68
600 998
204 195
850 425
114 107
592 567
650 750
138 111
676 374
865 278
596 971
875 862
35 280
794 725
98 715
430 744
615 832
567 208
225 205
213 983
165 144
719 794
13 651
274 60
397 830
375 778
184 916
721 190
432 51
658 256
602 928
364 995
703 473
989 46
196 673
81 11
198 971
475 259
40 674
80 573
123 332
812 354
151 694
946 989
253 739
671 698
285 92
925 562
788 430
92 322
445 34
633 237
997 948
540 201
422 967
757 27
405 655
690 729
705 428
555 402
451 335
69 655
28 530
37 731
915 602
188 363
466 636
724 532
404 232
694 549
577 131
279 106
680 641
670 365
951 662
510 788
462 531
613 166
47 217
638 331
179 497
450 260
449 936
278 42
286 509
732 92
556 913
139 288
971 423
341 262
352 965
839 378
103 575
726 464
255 574
477 854
679 602
752 642
404 236
810 552
263 270
993 72
846 341
82 840
691 574
929 281
205 189
613 743
411 546
623 968
849 704
708 230
52 929
727 117
348 66
169 803
735 688
788 653
769 15
490 917
754 418
762 669
56 120
744 601
57 661
733 711
391 199
791 809
70 641
117 923
419 538
884 699
306 182
828 763
86 95
72 732
388 590
684 109
506 672
83 860
407 213
203 329
125 955
293 535
517 359
910 397
762 963
86 180
473 726
840 1000
131 245
487 838
67 372
415 724
697 233
906 236
694 574
777 436
597 161
742 710
122 732
75 428
475 343
272 455
868 972
316 322
190 886
847 999
334 880
260 671
346 159
151 100
192 635
794 316
737 235
174 319
642 412
780 396
777 327
799 590
834 707
410 772
343 905
692 148
136 279
811 762
985 328
521 634
635 302
551 920
428 895
830 789
789 454
282 677
589 826
529 181
526 605
707 33
254 524
866 862
208 130
220 301
896 563
882 215
54 814
814 308
464 187
871 583
199 285
485 644
734 296
326 672
889 76
363 215
466 432
882 224
315 213
142 632
471 441
490 349
367 575
553 265
708 362
959 15
989 200
220 777
928 198
404 891
993 659
531 813
765 591
919 79
4 665
375 720
97 37
437 869
246 300
432 676
348 497
979 764
601 830
702 447
273 881
681 329
923 815
774 404
574 410
273 85
705 186
763 937
33 694
894 719
925 784
360 283
922 381
766 630
350 690
55 28
274 885
473 918
441 554
733 694
956 538
624 283
377 304
202 293
587 130
480 10
871 554
901 550
729 331
574 163
613 779
200 474
87 642
948 907
664 415
496 802
954 151
358 917
256 458
792 620
540 573
616 814
668 485
524 168
761 451
191 802
892 458
873 767
796 607
550 98
868 962
9 796
736 406
417 140
88 206
554 419
493 594
772 153
97 465
238 910
565 34
521 144
871 48
731 492
227 692
192 702
392 608
456 221
815 421
883 556
695 543
42 134
784 853
162 507
291 78
96 522
871 794
476 972
537 164
153 578
87 658
37 824
836 819
816 372
178 106
321 637
198 996
760 592
747 682
179 403
864 873
384 644
88 248
331 286
902 160
243 670
434 251
728 897
172 700
531 887
74 450
113 13
872 692
734 886
918 348
761 730
686 31
15 728
50 932
186 982
834 56
504 904
487 713
620 336
57 790
784 11
468 10
694 370
110 347
486 674
830 597
345 207
332 183
568 254
140 581
965 489
34 163
192 819
304 116
936 499
330 630
182 595
747 238
900 47
27 826
296 690
188 199
66 290
717 912
842 725
402 255
369 681
62 251
301 649
799 80
134 287
172 785
910 876
286 186
115 572
287 505
485 312
349 442
974 698
536 859
595 12
944 104
973 917
845 785
401 603
766 748
456 677
649 332
105 198
146 189
94 929
904 263
166 754
590 514
815 648
576 621
60 377
121 176
891 406
653 414
102 730
301 497
186 470
579 814
689 684
978 782
266 662
932 509
498 770
672 444
363 884
214 767
260 249
64 873
203 142
221 63
818 656
437 651
279 625
473 99
950 286
986 587
610 522
186 413
861 520
220 514
164 943
343 628
941 996
738 875
799 373
888 286
565 172
885 727
37 726
48 100
132 393
528 188
559 557
777 289
528 892
786 65
50 10
68 764
39 739
432 670
746 813
30 144
486 262
645 470
47 307
818 530
907 304
341 961
17 328
87 829
727 301
99 522
352 621
519 108
855 564
742 41
730 85
811 546
902 946
478 773
787 61
333 240
898 930
437 708
207 136
230 876
162 161
562 202
557 664
516 471
313 579
610 327
863 425
929 175
626 403
518 724
797 281
397 709
362 887
391 502
967 804
397 360
353 612
877 930
781 0
390 915
999 8
864 233
87 955
969 102
929 210
609 683
246 699
275 72
170 594
484 879
95 620
936 388
631 588
429 83
520 839
368 562
866 20
142 338
923 206
306 57
495 229
405 243
180 891
108 951
723 51
940 598
112 27
990 100
98 772
795 613
162 25
378 285
73 146
702 446
516 595
993 175
139 782
352 501
356 1
859 736
21 190
439 176
173 641
597 286
336 469
684 611
419 504
143 435
491 630
577 200
983 581
324 110
372 308
991 223
758 335
387 918
295 137
930 547
854 533
994 795
370 216
664 870
254 569
626 876
274 519
363 546
838 585
83 170
108 153
361 588
700 277
194 886
945 314
817 84
745 364
763 892
805 802
428 194
43 423
271 636
923 5
51 711
138 145
113 717
602 136
744 114
360 582
550 704
195 847
931 794
781 203
53 770
108 223
312 371
696 902
914 755
275 656
682 497
671 453
259 517
499 494
503 850
762 986
643 827
288 978
263 226
920 405
848 451
355 512
378 94
34 882
303 801
213 269
281 874
529 686
555 973
599 373
839 383
605 490
317 960
775 358
685 338
329 700
748 806
676 314
486 494
643 253
117 817
137 276
301 878
140 911
923 240
805 651
556 280
698 444
500 859
399 93
864 156
702 89
969 676
48 926
263 947
171 680
180 694
352 935
766 517
262 393
505 661
878 589
438 195
773 797
503 673
149 597
57 778
637 878
358 951
474 294
133 742
939 43
396 810
627 456
40 943
85 256
584 490
728 289
820 45
517 286
326 230
903 876
1000 154
434 577
935 915
995 236
410 91
844 430
141 601
970 16
195 744
463 420
457 465
717 391
249 858
504 711
682 648
980 592
953 170
943 290
718 575
893 829
378 114
791 476
964 386
224 316
362 951
803 664
654 654
963 656
487 216
989 767
503 416
587 836
866 454
798 389
286 552
193 305
749 40
878 999
86 23
607 990
449 123
233 393
124 627
633 631
532 198
562 695
689 612
602 506
858 694
51 754
118 724
268 5
571 767
106 448
33 580
209 693
482 634
388 51
193 179
473 76
448 998
783 59
132 882
662 843
706 574
14 609
858 508
858 207
616 68
264 402
451 840
428 998
164 628
12 900
599 294
925 109
407 211
675 188
261 223
765 630
276 923
944 419
53 594
233 788
709 340
326 326
752 921
63 673
657 770
952 499
1000 83
11 600
738 237
929 284
219 786
11 158
38 743
73 516
172 719
301 153
812 916
888 162
479 591
291 821
104 555
896 229
175 721
392 845
297 686
79 294
757 792
919 685
307 671
521 618
300 785
752 622
134 286
694 772
848 888
280 795
115 550
440 682
820 535
601 553
481 294
766 419
210 679
886 388
980 734
685 511
918 690
586 985
373 467
698 169
396 548
601 82
621 490
784 794
215 884
347 825
759 445
11 253
429 648
953 60
107 592
421 637
513 291
792 355
762 493
715 336
531 247
899 603
520 379
657 81
378 63
281 523
434 566
9 42
562 126
67 284
955 525
109 896
457 248
437 635
651 608
192 565
755 681
14 75
718 57
520 857
0 111
372 957
745 639
955 832
635 410
444 99
317 180
644 325
128 965
620 826
384 340
166 755
78 506
594 32
632 879
776 537
922 259
899 482
142 237
190 975
924 173
297 903
329 271
163 271
697 360
912 366
649 885
272 676
30 860
248 508
788 456
15 753
777 911
765 541
205 998
696 585
573 967
551 438
408 232
945 32
160 703
407 348
234 391
362 622
501 560
891 353
216 691
689 868
253 513
753 337
25 288
296 154
968 252
735 45
322 732
800 149
102 156
234 713
941 539
729 721
256 52
62 238
582 585
875 437
302 100
804 768
623 989
292 142
804 167
934 323
603 972
813 555
200 592
606 555
690 492
910 325
954 378
707 268
724 250
135 322
677 492
650 984
536 738
828 856
34 787
415 56
824 136
250 157
664 456
734 285
143 5
391 99
461 614
473 53
11 244
91 100
287 312
101 666
737 511
807 831
203 725
598 46
829 640
857 462
685 974
670 896
116 579
19 838
893 82
731 429
339 666
934 168
485 408
616 504
862 93
638 555
772 943
791 577
743 494
495 953
239 438
376 799
958 486
862 972
840 430
603 27
120 595
209 857
573 922
108 93
33 520
659 476
737 543
935 34
296 488
884 338
360 69
695 523
96 294
185 261
342 108
867 533
975 662
626 519
312 899
941 558
953 167
600 228
469 548
737 688
857 685
692 746
161 455
609 754
278 578
586 329
676 13
582 446
975 921
806 600
20 127
651 479
124 164
796 324
888 126
846 565
8 430
951 227
90 111
41 870
922 329
871 902
897 827
880 257
342 294
372 242
778 433
556 120
62 581
765 942
43 599
322 949
941 933
260 901
650 549
658 851
820 752
989 713
231 759
921 219
685 121
591 685
975 462
921 590
234 236
594 369
695 806
992 860
423 504
266 644
151 343
16 669
560 281
37 746
691 148
237 274
536 408
639 140
429 244
144 948
705 494
152 86
948 492
459 112
50 885
674 491
551 328
573 783
178 519
0 355
218 240
156 400
221 163
273 298
903 759
496 769
763 71
127 885
399 967
240 485
864 508
103 542
623 156
727 924
458 947
64 468
110 215
440 901
241 798
343 506
477 357
538 919
457 80
931 269
429 124
359 731
958 623
794 435
905 955
36 153
335 60
598 162
332 930
272 314
997 796
881 138
223 435
209 792
983 737
701 86
319 508
541 941
503 885
624 582
554 956
332 559
927 616
268 282
525 856
27 121
288 182
621 238
462 793
774 883
176 613
511 411
808 323
924 882
89 975
218 953
245 676
810 577
747 467
500 376
724 728
990 745
840 636
817 724
255 234
123 813
919 6
401 345
34 394
597 375
657 179
980 142
593 210
988 751
12 687
633 960
385 79
678 821
884 379
816 998
242 255
665 601
934 221
538 109
539 514
204 613
18 779
726 784
34 442
721 728
938 0
611 52
223 39
706 343
997 825
785 501
80 698
836 937
248 422
125 405
583 236
515 372
717 657
446 666
110 387
752 749
681 104
588 7
175 434
795 243
645 302
838 137
816 545
970 772
3 960
249 571
943 613
814 163
13 159
304 182
616 573
577 868
356 487
435 311
967 772
219 647
465 853
258 713
575 869
107 903
721 395
560 465
275 149
945 352
450 294
885 37
762 141
190 586
672 932
913 114
28 426
653 855
9 502
873 286
740 715
17 112
375 150
229 181
208 506
53 136
792 265
496 669
174 426
280 450
985 846
347 625
102 663
681 84
489 595
158 183
353 715
915 88
321 800
533 643
723 280
173 350
500 282
502 971
810 839
520 865
387 618
811 517
526 301
516 143
477 691
912 357
446 4
968 88
333 400
7 98
536 337
992 436
850 610
857 249
548 493
685 289
744 628
780 153
660 72
32 418
327 814
5 672
370 129
814 135
156 171
923 531
901 867
815 345
991 68
41 762
909 392
727 114
60 27
368 347
125 249
289 823
900 968
84 705
82 965
617 530
90 979
291 952
544 352
909 243
135 380
837 956
842 734
866 646
134 229
310 398
884 599
793 31
415 584
910 110
866 199
584 999
53 644
67 871
858 959
341 164
917 968
991 460
77 462
74 4
686 482
780 188
273 612
11 505
667 183
687 980
23 447
815 7
891 102
756 18
196 566
322 846
493 873
792 480
533 495
605 94
85 546
553 417
852 406
680 93
140 116
569 469
483 380
536 135
131 940
5 742
149 283
13 920
600 587
716 69
79 360
501 515
259 367
232 619
386 887
452 174
242 963
366 42
310 848
428 518
41 858
206 305
829 498
393 327
627 186
385 798
438 822
821 249
479 0
779 590
276 605
906 215
126 292
283 646
644 876
830 522
739 419
617 434
807 772
58 649
835 9
106 811
106 569
55 585
697 758
92 101
863 494
471 727
38 296
246 836
500 233
358 220
35 849
669 448
208 54
249 213
172 28
419 788
340 359
432 569
954 116
268 536
58 467
769 489
334 99
939 157
525 840
206 10
78 388
927 599
674 451
874 899
767 691
349 266
28 720
585 362
585 923
239 433
412 784
157 468
646 477
258 490
642 532
277 179
492 755
26 194
24 863
340 926
524 526
523 58
490 567
440 894
562 143
237 6
196 295
792 247
993 955
429 948
845 775
808 214
869 84
737 607
316 465
848 299
322 757
277 302
19 432
139 877
596 931
869 755
950 844
915 658
218 768
335 965
799 509
25 10
701 988
25 444
386 413
580 193
848 13
598 544
52 274
57 993
673 841
956 4
273 813
199 145
221 629
556 65
202 543
545 395
937 616
827 375
435 179
996 497
678 874
36 541
139 842
280 379
492 664
956 505
297 949
829 206
711 848
562 100
863 365
945 46
235 993
6 686
512 808
967 460
897 910
869 877
665 596
630 103
66 331
940 779
837 652
609 560
151 15
205 182
53 191
523 111
344 331
821 971
936 13
125 858
335 667
753 210
588 734
379 568
61 78
235 290
10 256
110 367
840 225
684 972
968 329
572 345
520 667
21 295
709 983
433 327
164 233
113 594
187 849
683 764
292 565
33 399
896 687
938 327
523 162
172 900
263 72
99 266
16 253
213 995
56 492
888 556
44 712
191 546
186 153
524 660
405 430
309 565
242 533
470 491
950 204
899 430
292 191
219 365
874 42
246 594
807 536
211 16
936 508
1000 486
154 415
943 50
875 132
377 939
798 346
509 477
330 986
606 467
720 504
438 685
676 626
838 579
301 560
206 187
632 329
114 245
354 582
315 40
462 297
252 973
795 816
213 736
172 614
913 293
949 60
212 493
542 570
810 484
265 711
174 718
887 371
531 294
817 767
165 215
489 960
829 439
687 23
707 516
594 431
706 968
304 626
183 368
785 953
678 712
378 539
33 967
169 897
307 335
943 680
153 584
572 352
822 989
893 158
281 495
784 416
347 248
143 679
647 791
576 622
117 779
269 144
873 83
736 213
704 319
825 83
282 678
614 890
120 757
173 767
50 839
253 628
97 343
18 128
435 30
444 1
116 105
946 60
585 384
941 214
15 918
123 52
10 620
208 196
201 353
535 658
550 192
247 17
57 692
750 971
526 208
853 487
182 485
217 828
829 441
837 311
752 370
476 715
729 123
591 672
936 364
375 476
924 394
597 572
607 936
299 268
245 490
708 635
325 634
948 270
49 289
535 614
551 118
173 453
11 938
380 668
453 635
505 996
193 147
315 581
399 827
213 746
588 273
309 377
507 498
873 737
743 408
541 161
311 381
322 846
995 708
472 76
610 386
258 980
891 746
4 426
799 240
557 479
129 57
449 543
914 52
929 856
661 197
605 557
517 33
572 414
161 64
940 935
531 254
790 311
755 454
370 790
277 840
514 428
858 700
942 828
692 963
326 383
288 812
244 582
582 899
11 570
914 447
521 952
960 610
677 227
519 676
536 938
741 886
359 146
401 165
380 248
869 472
869 688
536 792
123 902
74 822
896 189
138 222
271 625
718 757
750 745
855 734
599 115
820 881
130 900
34 320
694 922
417 505
10 981
40 870
154 371
144 944
799 320
6 209
57 234
95 341
289 245
873 211
930 205
41 150
342 152
182 145
202 734
562 853
628 892
722 4
741 864
397 95
128 161
596 870
759 912
362 766
902 609
622 102
955 998
471 56
155 445
0 944
955 143
880 38
594 799
655 157
618 870
180 875
10 464
475 647
249 435
90 392
244 411
960 202
266 643
902 971
334 242
604 714
34 293
328 659
37 591
481 585
347 133
829 16
583 640
269 671
538 114
767 484
549 171
803 109
672 875
969 670
116 469
252 322
944 972
64 543
396 362
982 377
776 596
838 310
995 856
816 33
747 243
352 709
805 839
242 74
19 236
613 297
301 357
952 661
135 958
642 443
454 604
405 485
151 125
615 525
186 844
304 767
22 725
519 159
951 629
612 102
502 120
646 450
650 755
462 453
794 482
28 72
330 74
468 119
416 726
535 968
420 502
495 928
723 441
229 511
324 470
379 115
686 354
884 555
353 56
744 781
874 614
900 935
40 542
779 691
792 776
371 760
60 558
19 957
889 107
286 562
130 140
939 326
171 431
238 723
320 640
81 675
267 640
614 636
194 568
329 432
992 368
998 901
31 588
94 956
576 4
440 230
489 787
515 662
515 80
90 732
908 143
943 43
34 391
74 400
114 188
710 842
339 537
554 168
306 543
123 931
121 850
374 900
372 157
935 81
839 323
236 935
241 944
189 539
389 596
845 159
931 759
386 737
212 498
398 601
781 272
672 499
966 720
66 79
820 799
134 588
819 766
199 706
343 522
181 583
166 483
653 143
446 822
77 873
118 844
516 208
165 113
776 618
585 850
221 111
786 285
518 297
463 396
846 840
20 203
458 989
257 11
771 367
688 516
155 923
711 653
457 68
397 848
519 195
829 754
56 739
512 897
545 174
875 465
485 148
372 613
171 436
716 202
132 15
77 585
328 224
886 524
27 346
901 271
426 506
834 987
848 242
45 471
999 171
339 308
811 11
17 765
675 20
468 428
831 702
271 184
295 976
225 591
516 631
899 543
623 407
619 564
305 556
533 955
208 856
211 902
385 636
965 855
943 384
906 849
31 678
298 200
744 928
923 841
697 318
848 972
729 193
381 659
957 825
348 737
323 248
600 451
237 346
887 228
274 756
768 264
786 485
231 197
796 144
831 281
285 939
350 772
659 381
775 354
821 268
926 511
793 85
277 407
473 228
942 388
504 335
171 424
940 379
141 79
787 465
368 148
465 559
622 388
965 878
106 883
437 381
310 715
180 564
143 396
141 885
927 342
397 742
329 897
699 930
561 142
984 504
454 918
413 60
260 129
776 241
441 472
205 173
456 945
278 927
118 147
317 773
99 233
87 899
630 434
963 50
535 396
532 60
801 969
175 473
229 308
43 927
93 355
382 135
570 219
482 229
140 391
331 576
613 918
557 101
603 65
448 101
552 833
204 993
766 890
137 501
587 165
279 146
462 936
80 653
36 850
370 513
581 435
784 26
599 504
448 638
469 827
12 753
838 453
331 482
325 433
478 842
196 112
183 96
25 792
593 887
523 717
109 683
936 352
614 143
289 666
422 440
165 253
772 198
277 778
272 871
864 835
449 360
965 280
954 583
384 185
268 908
30 782
190 423
619 804
104 820
69 77
55 622
53 603
982 862
847 569
71 940
303 207
688 200
401 441
955 87
330 405
602 809
252 468
753 953
900 140
541 316
35 863
247 617
606 51
686 124
239 861
238 765
873 178
691 963
527 319
427 484
83 571
47 52
254 162
189 451
420 406
408 528
983 580
679 738
788 618
550 419
193 754
977 599
792 997
623 778
976 74
666 793
878 944
874 171
716 123
971 177
272 0
890 857
875 159
873 494
458 567
737 852
67 350
644 257
445 572
52 27
183 965
935 941
914 303
316 485
491 447
521 889
991 78
970 303
579 472
633 605
134 428
928 226
484 185
74 960
588 16
70 1000
41 588
346 459
995 996
817 999
890 33
111 590
876 843
101 661
676 586
957 278
764 886
218 50
798 525
794 563
322 40
891 965
746 52
668 292
412 894
724 440
303 973
404 628
76 46
892 842
863 604
418 110
104 68
556 352
675 34
999 621
770 14
729 341
269 471
898 768
271 888
683 538
878 670
347 720
917 406
967 620
766 901
739 158
591 11
459 98
891 609
569 680
143 736
656 867
371 436
688 714
944 117
488 595
646 483
834 358
149 332
669 834
988 475
950 748
524 627
871 954
701 546
807 81
351 397
121 658
878 727
996 970
149 405
549 357
14 451
468 705
79 421
127 227
431 178
681 349
226 230
482 467
19 337
170 574
8 406
45 404
996 588
174 691
402 647
648 619
363 306
457 932
708 979
68 264
515 727
138 852
294 611
713 993
845 802
120 574
370 843
64 487
283 580
394 842
21 783
835 21
579 988
671 601
922 937
567 197
503 919
602 70
203 747
513 51
631 965
812 265
768 812
585 648
342 279
678 688
932 22
328 401
855 14
448 689
319 585
602 445
102 519
163 661
338 233
704 216
750 251
622 143
664 947
676 404
992 585
577 963
768 457
322 482
198 934
187 701
149 704
543 377
913 57
803 300
835 166
971 781
777 382
483 285
258 179
272 523
75 856
139 193
973 132
934 865
223 598
581 167
426 78
65 127
891 118
636 983
621 608
597 349
565 716
369 937
86 121
226 59
449 546
592 194
203 533
646 16
721 466
194 990
805 744
865 189
808 38
91 92
843 231
32 189
310 40
223 874
698 458
232 287
962 692
678 275
59 22
171 272
801 65
140 758
478 93
223 64
181 122
659 902
16 439
925 141
923 18
508 182
614 718
759 577
265 297
580 646
357 451
358 522
295 845
714 368
639 875
75 936
741 789
159 89
973 488
286 638
27 171
16 771
430 517
443 291
250 66
626 361
953 335
121 277
211 273
296 430
158 298
596 3
925 302
939 55
428 92
79 610
85 339
280 848
299 684
562 538
322 706
266 247
736 259
986 693
364 21
623 346
403 78
206 1
290 20
143 406
148 838
283 10
409 505
489 472
644 245
828 691
774 699
442 459
958 900
296 186
475 446
831 547
156 908
59 847
667 392
87 166
337 874
670 47
22 372
416 502
624 550
405 970
605 444
751 241
134 559
325 247
569 898
583 464
205 597
897 405
927 439
556 397
899 109
882 541
360 408
919 199
851 231
371 636
963 445
366 107
683 255
538 538
700 726
987 130
464 479
312 704
380 576
237 204
694 832
993 321
322 791
964 717
358 691
922 815
800 161
7 80
785 930
51 334
617 114
85 943
294 448
539 580
253 797
286 522
250 631
592 312
313 786
590 833
302 836
387 507
447 498
87 700
911 559
772 200
12 720
792 51
899 351
673 374
388 415
653 789
535 385
862 689
580 197
693 307
78 973
578 925
945 820
954 795
96 100
940 768
193 111
715 267
473 800
627 413
879 615
816 72
221 74
539 255
432 434
800 520
704 464
132 338
825 951
938 542
794 599
976 746
311 909
750 290
301 906
75 829
782 845
386 199
824 935
316 432
13 120
624 777
96 613
44 426
614 365
95 190
155 120
497 818
193 1000
469 797
185 92
135 478
539 905
722 629
399 518
731 632
747 614
501 941
409 530
865 403
427 921
828 588
109 672
823 488
424 115
343 804
668 90
683 628
406 762
350 838
416 57
896 757
5 241
257 971
963 30
106 951
440 581
799 340
873 222
940 997
308 588
108 815
78 238
392 241
632 667
179 861
610 319
173 842
314 416
343 59
806 88
301 937
279 538
176 773
729 193
754 950
296 599
72 682
897 687
743 185
71 999
907 147
10 525
541 169
173 575
218 112
756 418
926 30
392 123
277 374
975 994
972 362
231 113
856 470
253 548
462 413
24 144
162 38
906 918
511 590
12 77
803 183
797 180
151 844
694 810
673 439
475 968
762 285
208 661
397 363
322 170
25 420
909 440
76 975
845 7
331 144
4 377
860 775
674 666
727 378
689 494
81 264
340 149
542 858
63 291
418 957
490 414
271 325
989 412
654 300
145 852
23 879
196 810
972 481
580 606
312 390
761 902
221 926
598 718
413 7
755 314
799 377
13 502
323 99
641 68
39 226
0 668
738 681
468 304
464 526
965 85
864 798
157 791
201 915
944 624
732 747
845 310
778 602
761 762
633 973
907 286
507 329
750 285
269 596
228 740
392 745
686 429
403 836
129 289
741 555
892 382
245 733
984 829
18 136
578 643
414 324
251 801
570 538
845 943
381 167
937 215
385 896
855 339
29 565
295 525
50 903
861 607
809 340
7 10
488 698
936 119
981 126
519 439
816 405
31 198
947 24
415 313
332 398
221 741
217 832
684 451
656 678
749 547
949 29
947 957
644 864
460 279
358 199
988 507
43 270
572 37
540 330
718 28
526 917
65 729
327 169
721 994
145 747
289 421
803 710
787 514
399 208
544 258
785 462
578 770
695 196
216 252
398 841
74 951
665 155
4 22
311 753
529 946
355 798
66 603
208 294
655 640
900 185
909 399
222 705
241 463
137 270
50 541
406 771
578 353
811 513
229 241
546 600
921 762
236 429
347 277
210 653
564 849
903 2
902 668
58 105
458 195
277 255
453 332
96 944
904 634
60 298
822 525
265 829
709 707
835 609
777 988
409 413
735 283
734 556
492 122
246 111
403 84
850 481
485 881
335 962
19 394
22 800
890 788
285 576
53 11
131 404
837 344
803 674
752 441
869 421
700 555
595 724
898 791
555 618
212 125
954 265
202 198
306 420
630 621
240 780
402 251
15 384
765 427
235 742
777 831
609 457
502 537
195 14
41 709
880 583
306 511
878 676
336 145
485 205
758 921
638 978
614 550
449 0
838 304
357 146
807 521
478 898
735 149
76 168
801 844
915 582
155 706
98 680
447 603
731 707
251 862
847 151
88 521
704 117
746 418
63 179
80 968
439 581
185 594
590 736
508 75
532 119
411 259
17 828
904 547
770 329
736 707
830 717
692 460
34 456
581 620
827 626
63 79
546 433
789 751
674 88
101 874
909 679
793 168
917 548
720 853
589 542
538 58
277 100
37 377
410 514
895 43
675 769
191 878
773 265
285 371
941 826
719 154
398 412
888 175
758 252
6 193
297 689
831 133
935 386
729 99
249 304
142 278
742 170
658 561
589 863
992 247
113 550
517 958
309 778
342 304
472 580
397 578
112 949
602 276
541 120
399 307
141 301
355 53
1 940
614 250
381 893
979 61
673 778
1 495
921 287
7 485
78 498
83 149
486 257
277 595
430 49
734 17
181 752
329 119
437 895
776 469
981 303
298 102
807 966
225 400
462 935
257 28
594 628
159 890
309 386
185 560
238 655
441 265
36 564
706 270
92 417
822 661
256 577
641 724
773 918
388 898
374 539
737 663
622 528
307 86
19 544
447 238
438 936
841 955
423 665
421 381
724 944
894 870
724 49
22 280
105 828
600 298
953 239
848 704
631 829
443 533
673 501
962 810
780 215
369 311
170 396
695 546
178 789
802 592
97 752
933 936
560 960
905 991
283 27
408 65
506 263
912 573
115 486
94 382
136 285
483 126
340 669
193 7
827 138
255 325
715 909
504 762
15 508
861 48
544 611
515 305
835 101
18 538
55 951
279 526
459 109
131 531
779 279
884 29
192 747
649 214
155 476
74 179
22 153
710 822
871 665
469 342
478 245
991 664
437 907
917 99
91 490
10 51
260 859
453 74
381 77
862 56
504 615
873 116
15 562
778 162
171 932
591 295
731 286
782 973
33 760
429 779
432 429
218 31
272 265
290 173
313 594
33 5
190 532
597 453
425 995
156 168
366 610
779 15
941 58
659 236
87 46
983 64
747 363
357 83
429 413
152 417
488 709
421 493
964 453
84 2
743 886
286 105
684 894
563 469
977 476
359 543
20 47
519 773
115 571
317 736
96 630
569 548
162 457
263 779
754 549
677 199
49 433
159 826
437 365
314 264
286 103
571 907
727 360
174 254
581 809
836 769
576 509
418 515
119 451
371 92
433 721
627 403
540 283
11 0
645 792
763 119
878 953
255 831
30 142
76 480
719 489
675 709
398 505
372 271
68 478
934 299
733 512
737 606
213 104
204 11
101 166
75 21
209 287
931 645
452 806
666 163
750 977
758 746
74 212
472 761
324 700
704 309
252 927
350 953
942 979
914 485
476 593
419 203
860 530
786 907
632 594
109 88
456 407
59 703
674 437
728 603
446 676
292 376
982 908
155 680
707 925
482 116
500 55
428 46
125 975
969 374
718 808
36 680
357 633
488 828
126 565
32 195
781 318
245 964
363 915
537 766
397 782
990 457
1000 286
809 700
77 109
455 375
58 974
914 164
323 367
763 271
483 104
746 639
30 22
964 956
54 975
564 9
431 446
778 538
942 973
168 370
689 382
73 117
60 916
646 307
643 711
624 142
772 553
866 748
214 51
478 962
436 273
552 780
603 310
900 249
251 565
314 858
527 784
141 626
221 10
934 467
684 952
343 357
883 479
149 108
711 919
639 212
522 969
637 68
205 91
36 201
36 674
556 652
673 669
510 947
301 723
224 858
980 577
538 975
735 187
232 643
173 913
13 380
277 850
840 107
255 359
287 293
328 181
70 881
54 964
240 872
191 907
715 913
90 732
103 643
727 619
899 151
808 98
594 149
429 580
306 470
405 610
877 309
472 189
543 124
703 325
575 285
939 462
114 182
740 705
305 191
1 166
334 917
966 135
384 838
796 97
377 725
654 976
666 42
574 672
256 87
463 797
298 343
100 943
252 856
749 588
22 295
165 350
698 530
820 305
831 5
627 809
348 430
355 716
831 751
894 537
991 265
741 301
351 225
542 580
242 385
530 782
111 641
204 827
184 273
862 673
49 493
945 577
861 8
361 971
683 221
984 836
238 272
192 915
930 250
496 576
82 214
761 263
691 306
232 498
634 382
839 18
742 616
173 773
620 352
188 195
598 208
617 864
508 568
341 969
638 413
391 719
447 337
562 622
736 316
527 159
752 424
533 834
694 482
507 970
770 845
231 524
525 130
665 804
437 96
468 436
328 413
281 210
307 396
483 31
147 112
144 819
723 829
83 718
375 373
197 596
87 199
496 778
669 991
768 87
689 223
688 811
721 557
92 81
434 904
707 672
94 560
864 680
735 130
663 979
9 355
787 781
635 314
745 189
862 646
348 166
879 587
295 893
241 509
590 875
907 634
802 757
117 664
281 920
922 331
62 975
789 291
275 213
338 312
492 172
499 763
220 428
941 905
974 52
876 316
874 137
580 323
18 662
701 867
904 430
83 756
165 921
583 98
169 541
386 632
82 707
23 764
709 134
808 249
629 552
576 485
606 803
918 569
582 915
9 393
773 742
958 155
512 424
429 148
847 625
515 456
797 427
809 984
678 763
1 288
369 229
115 436
479 537
553 765
350 34
478 142
349 59
993 339
341 306
352 231
666 633
449 537
93 846
764 123
98 920
214 331
672 750
627 257
426 366
986 797
277 348
902 567
35 738
11 382
879 241
139 661
323 630
844 725
102 397
880 664
81 320
222 725
225 790
595 478
872 218
63 655
53 669
150 984
347 206
300 3
642 829
347 619
950 101
419 740
635 452
987 991
530 427
711 236
743 487
852 270
233 253
847 220
134 748
406 222
602 475
632 241
6 954
917 279
861 640
564 99
40 908
234 380
388 345
611 50
818 463
163 736
15 741
684 567
748 153
375 706
53 347
173 875
207 601
549 161
915 212
298 110
22 938
589 753
592 735
489 452
25 517
860 636
618 727
240 442
678 200
273 269
766 855
175 320
997 169
356 5
211 708
393 611
693 354
711 126
377 267
24 674
969 834
301 159
815 984
410 524
237 991
887 154
588 563
6 691
918 871
105 113
683 147
610 127
342 249
625 122
782 387
576 595
857 876
394 460
687 481
406 732
865 777
805 329
779 529
748 148
162 801
804 153
851 390
824 289
298 802
220 883
181 259
1000 549
793 346
284 769
370 819
800 779
930 417
117 951
723 253
676 663
946 203
582 957
752 596
20 82
282 283
956 980
175 502
180 293
742 296
847 534
747 727
457 123
923 727
17 478
871 652
20 737
706 695
575 163
522 443
242 505
992 399
9 404
148 247
350 34
434 646
443 529
834 88
715 964
450 292
660 32
632 736
361 437
514 5
767 156
137 977
293 242
873 830
882 175
475 183
348 1000
493 776
537 873
411 849
901 376
488 873
624 349
535 493
384 359
124 208
225 248
774 4
876 973
480 136
171 577
377 463
645 936
988 403
97 926
875 711
81 319
868 229
309 925
248 558
459 737
191 156
635 28
285 952
205 664
182 674
730 735
929 453
778 4
524 339
904 771
375 618
517 821
756 496
356 386
82 293
700 958
488 962
147 989
276 984
175 301
12 770
972 794
350 921
688 505
193 460
907 484
496 794
485 228
283 662
137 125
551 365
689 26
788 612
867 937
879 722
321 783
674 685
345 282
101 849
701 141
185 697
517 608
682 746
560 807
623 369
271 258
906 943
343 310
759 702
369 471
255 138
57 817
199 714
562 611
589 793
815 525
891 922
790 371
210 296
52 164
152 741
383 154
479 140
319 789
347 169
57 446
59 560
419 993
466 662
624 131
410 931
588 922
965 696
192 281
14 511
836 120
301 503
551 460
255 457
455 531
567 213
341 281
211 773
519 737
410 213
493 61
249 930
944 102
553 837
489 362
236 496
851 561
253 107
968 688
799 506
459 809
523 89
828 833
118 13
390 418
275 471
61 295
859 260
115 671
990 434
348 370
429 932
546 43
872 356
807 894
514 710
962 315
705 124
305 540
485 900
806 686
553 939
603 610
116 771
94 996
982 919
76 281
791 230
939 816
342 82
756 864
757 10
93 630
273 620
664 572
68 941
417 442
935 131
24 494
58 20
143 18
874 496
833 231
967 350
972 19
483 787
207 912
940 491
962 185
559 540
215 266
192 830
280 982
42 450
581 583
84 833
668 775
829 670
259 287
505 539
276 894
446 155
764 563
863 525
916 662
566 329
425 229
801 245
952 478
43 49
82 915
521 390
238 507
673 528
776 923
687 771
455 623
328 821
581 389
173 488
714 506
719 624
53 805
395 636
828 576
489 804
618 583
937 712
319 322
852 843
118 300
551 562
225 775
358 632
467 283
683 831
544 942
803 848
209 218
336 682
509 191
312 640
879 760
479 486
152 413
264 253
151 215
348 861
527 948
386 134
877 717
435 95
251 231
840 616
81 439
283 7
403 673
862 676
747 786
735 798
844 68
159 381
832 318
576 171
893 663
353 426
279 964
598 77
62 22
794 415
851 741
292 676
908 744
176 43
118 223
59 84
242 175
742 494
313 368
240 924
290 325
75 562
719 898
929 690
655 607
494 130
63 767
62 337
185 88
604 878
564 81
2 947
984 209
139 555
736 780
156 62
976 267
347 306
446 963
694 19
752 762
135 56
880 35
168 940
569 765
626 374
218 260
998 67
106 318
21 988
321 218
333 446
438 558
334 337
774 117
737 459
164 767
207 440
874 707
623 962
636 584
954 381
494 842
271 777
436 593
420 40
449 953
107 710
980 574
421 848
145 471
421 113
569 270
289 869
221 141
191 486
140 210
28 584
516 623
881 14
671 833
498 513
248 820
182 675
505 545
31 51
375 860
109 434
755 706
287 370
855 511
205 1
941 906
171 479
642 706
246 446
112 972
370 426
840 976
518 76
112 204
6 185
561 285
327 70
141 171
313 822
487 348
87 429
795 428
743 834
975 13
536 920
636 516
202 960
263 608
904 562
214 335
36 7
97 895
610 866
112 934
153 991
312 667
534 199
157 189
763 565
433 260
584 404
560 574
478 907
368 391
18 889
563 563
511 735
996 682
92 57
975 315
241 573
946 947
181 360
182 724
312 781
938 165
566 810
330 47
8 521
447 103
879 726
652 916
986 867
261 140
109 722
956 324
439 485
113 912
792 473
424 808
58 881
285 32
688 408
476 27
997 895
633 332
331 911
365 251
162 586
829 541
124 571
747 716
545 869
558 390
13 811
184 610
316 795
166 96
15 499
889 495
825 340
795 181
628 987
625 357
515 868
605 600
20 920
869 844
632 625
318 545
505 509
234 511
552 529
399 28
385 447
517 221
307 12
957 689
119 600
457 36
23 494
290 891
92 244
803 457
682 277
756 140
690 357
580 395
788 915
929 900
919 214
240 640
674 322
729 328
271 131
530 588
807 846
765 738
812 591
70 166
922 397
584 207
204 13
108 507
983 748
586 476
722 511
526 310
50 50
659 974
989 924
628 268
568 131
700 234
12 531
12 108
820 537
222 189
738 709
534 678
610 949
882 994
100 445
545 226
404 617
872 286
728 822
937 904
596 237
884 687
413 831
716 965
674 578
588 370
584 658
593 62
680 710
605 566
217 599
58 321
964 562
420 633
555 776
233 986
767 992
939 306
579 791
384 826
630 709
124 183
748 941
814 167
970 801
938 331
937 738
503 966
185 697
852 871
956 591
675 726
566 148
472 114
822 455
367 530
386 871
151 236
46 492
630 383
424 118
619 458
5 688
592 938
995 872
913 501
318 147
477 759
122 724
960 481
956 939
560 240
294 560
2 192
153 969
151 334
715 292
121 879
0 18
869 350
255 765
671 567
135 280
591 394
470 662
840 505
300 220
284 463
792 715
510 895
577 571
559 984
855 403
736 487
303 235
271 157
788 243
288 904
871 277
194 129
323 941
290 400
507 303
742 663
178 12
638 942
630 94
704 849
286 698
808 571
72 117
291 714
768 847
35 414
945 463
173 672
433 552
495 258
80 126
978 913
824 69
131 520
935 448
314 608
786 989
951 561
835 928
453 323
294 867
248 740
872 7
420 588
765 76
389 351
855 672
679 557
583 690
973 387
553 336
846 977
880 341
170 576
230 631
717 619
459 120
877 468
887 158
459 634
321 350
475 652
834 289
812 123
988 355
57 139
776 445
977 174
993 887
607 573
285 886
492 348
71 745
661 276
846 776
269 684
510 793
739 617
112 778
608 220
237 826
181 941
384 229
641 838
950 126
113 760
148 503
207 18
254 612
889 400
508 161
347 243
639 881
930 359
359 471
7 467
789 155
847 980
180 784
178 639
317 694
165 707
221 873
976 679
229 475
604 616
732 481
989 631
526 458
884 102
1000 724
954 794
375 636
581 113
229 390
180 696
492 579
714 277
946 842
874 370
4 407
893 899
549 116
110 358
296 493
717 185
549 405
779 608
646 578
852 413
915 279
518 758
576 155
673 526
190 116
556 404
267 895
639 812
234 800
370 411
63 127
177 916
704 730
835 672
223 349
937 873
83 344
545 917
564 544
249 879
848 474
921 488
342 253
723 848
165 108
334 706
550 663
790 577
970 745
671 142
167 138
110 434
789 640
808 868
740 389
651 981
546 937
439 363
228 573
342 976
851 724
528 937
443 886
199 824
759 714
242 747
298 607
324 245
314 933
259 498
50 534
144 532
367 390
275 31
419 15
876 318
185 265
710 55
673 866
711 39
229 15
111 314
772 232
599 488
18 987
318 483
69 255
839 265
54 865
805 11
439 958
627 126
120 851
415 997
978 534
910 877
363 641
209 397
862 722
154 966
82 151
323 106
375 392
238 948
72 947
480 529
610 216
79 864
287 739
184 479
341 452
408 543
808 494
892 853
669 952
120 244
14 249
171 161
123 719
542 21
510 285
330 641
204 788
333 478
490 166
446 497
821 105
719 207
677 284
520 742
165 470
997 681
765 435
100 941
502 247
759 422
753 17
8 883
900 936
60 147
145 953
724 577
533 729
19 757
53 589
648 182
62 73
610 274
283 444
616 649
459 221
434 245
339 862
888 683
867 670
768 472
658 942
18 643
157 59
433 711
919 113
251 541
750 900
756 51
671 699
313 372
812 180
938 357
343 427
137 655
26 96
905 762
290 224
552 837
627 82
123 91
119 913
986 325
214 719
407 659
820 210
689 511
447 75
825 515
169 826
175 577
712 198
237 741
478 663
589 47
292 14
108 283
628 644
565 666
810 204
630 62
122 976
652 300
793 261
478 968
313 996
979 742
104 70
492 272
481 401
126 679
720 394
206 647
577 433
426 871
760 815
21 603
377 207
811 483
84 540
200 585
857 563
391 979
266 88
343 216
106 609
756 895
687 873
676 795
223 951
775 96
548 71
236 206
196 185
98 327
621 36
516 590
400 493
940 886
808 797
611 417
848 482
141 437
395 831
756 961
186 75
295 333
43 560
872 789
621 503
216 580
92 487
303 290
805 124
629 834
408 708
62 778
898 471
647 33
557 35
318 863
583 286
221 873
59 75
584 257
758 776
646 330
550 802
591 889
277 92
302 952
385 818
391 7
144 316
622 607
290 512
677 334
110 647
750 998
220 859
531 88
344 305
435 725
307 109
463 739
16 91
531 862
366 148
613 24
361 120
860 497
696 629
639 835
881 660
915 982
708 662
924 143
955 706
879 100
853 305
535 286
182 922
703 418
93 859
811 442
283 275
174 370
945 90
568 935
431 907
715 484
614 945
871 209
126 804
786 908
503 233
481 350
792 131
489 26
914 254
210 242
268 918
904 23
110 330
8 459
123 9
621 647
267 610
977 337
607 905
847 597
771 655
707 138
901 507
35 370
835 277
527 465
276 73
635 691
82 175
908 400
377 858
952 929
507 880
814 802
159 481
428 57
552 862
587 521
756 843
622 461
998 90
545 195
108 320
136 107
544 622
147 205
803 895
426 177
635 75
629 984
642 829
530 421
399 456
833 294
952 815
773 217
650 323
619 451
852 455
298 923
697 126
805 741
42 211
668 444
36 143
661 65
701 266
469 646
574 197
364 556
850 345
120 524
34 239
374 825
125 759
954 39
247 295
951 871
388 231
421 688
97 469
709 277
145 411
150 334
903 177
968 943
642 440
243 965
461 625
377 582
928 133
626 179
725 302
700 348
454 908
364 611
480 471
808 590
747 385
61 860
974 546
353 367
384 306
603 559
380 355
124 505
227 600
366 403
53 2
37 762
936 465
123 519
231 639
847 762
562 807
556 980
143 144
541 674
622 793
175 146
710 181
694 529
440 644
569 374
472 953
673 787
465 484
805 395
875 390
98 605
293 981
2 573
512 836
79 326
339 106
859 825
444 331
676 590
626 893
652 213
544 756
741 920
624 533
797 364
413 792
121 938
106 754
644 546
827 550
646 230
802 169
237 510
292 164
276 29
350 677
137 403
525 958
151 311
461 351
871 530
5 458
637 98
510 840
346 168
953 28
189 604
901 970
717 791
757 889
202 882
575 767
164 29
91 274
485 687
366 154
512 317
381 283
157 701
361 284
617 664
602 506
194 317
349 840
983 228
929 164
98 700
291 77
14 965
818 846
860 420
605 172
981 198
144 491
28 821
632 856
73 966
267 587
391 711
57 378
866 501
341 821
405 949
210 503
209 432
578 629
228 275
399 96
123 929
675 827
949 47
532 471
936 143
641 491
812 756
967 172
822 454
271 421
229 104
104 64
575 122
366 649
924 314
75 433
224 818
679 610
886 670
889 773
489 622
55 181
516 50
356 472
957 792
799 738
655 536
761 929
887 170
439 184
770 346
229 61
493 849
41 295
481 705
718 227
783 984
692 692
265 854
682 399
596 413
856 359
153 67
210 943
425 152
771 740
554 861
111 419
416 422
491 380
771 309
346 228
600 213
697 145
981 892
237 629
263 201
713 941
744 724
722 316
674 107
310 915
37 132
729 356
584 574
96 407
407 975
861 152
509 853
681 176
458 839
801 245
916 83
98 90
887 833
219 839
954 239
106 969
206 674
19 385
199 464
251 99
229 835
330 776
994 343
217 793
718 247
272 52
634 204
235 508
405 320
343 497
982 455
442 522
809 938
195 91
487 325
654 653
496 613
870 204
856 313
391 920
994 594
443 407
241 33
526 137
749 871
61 228
512 326
961 555
665 662
598 481
231 625
378 894
286 88
418 787
648 99
504 475
58 184
241 779
355 126
591 398
981 325
103 133
372 593
849 369
95 19
76 307
751 861
509 745
953 652
803 791
382 233
847 821
303 726
294 783
180 928
497 856
174 126
948 431
362 792
478 425
734 987
151 994
265 996
650 375
405 706
655 182
20 462
192 152
476 58
397 475
349 967
66 194
345 625
946 141
209 250
759 872
552 262
359 133
633 885
195 985
962 46
307 259
307 732
831 392
304 399
391 137
786 332
651 257
611 762
152 925
0 663
1000 33
793 856
320 972
143 138
264 18
139 762
39 679
790 416
604 689
5 878
207 100
453 577
573 929
118 690
413 45
199 155
968 739
700 20
112 614
848 129
325 679
898 530
448 580
300 974
218 653
815 424
379 778
119 822
856 228
12 599
198 314
391 147
383 347
285 273
961 128
842 81
807 69
717 900
159 469
581 792
69 928
442 170
556 13
748 496
93 656
488 397
426 0
426 335
328 915
789 212
4 541
635 117
901 200
547 510
123 20
75 527
444 788
128 964
548 501
294 58
106 182
186 467
339 366
558 3
193 799
565 32
486 903
987 16
757 508
730 574
582 60
927 869
45 42
325 66
314 536
47 414
117 974
703 851
748 135
465 340
577 277
32 721
313 238
403 658
18 503
577 3
400 615
305 779
922 312
874 854
902 561
447 838
468 274
150 61
468 777
386 800
576 439
946 65
820 91
772 552
328 669
199 421
942 253
619 913
125 811
832 292
124 124
328 119
435 477
10 977
832 289
45 181
578 171
212 472
472 600
158 259
433 363
140 917
961 380
55 850
85 234
877 658
572 148
339 221
731 807
440 144
694 783
374 949
683 322
929 531
406 679
301 307
686 79
112 993
460 779
898 995
82 188
447 76
952 266
428 219
33 559
430 573
141 393
707 439
347 224
223 939
343 821
470 700
737 570
824 311
740 621
2 410
574 313
775 380
35 646
623 231
233 356
730 334
519 637
141 261
160 736
959 832
744 414
44 677
633 177
786 451
22 557
929 500
493 535
547 513
854 342
703 156
604 772
945 49
443 904
125 686
676 215
786 600
164 132
65 779
758 636
273 685
66 765
426 722
472 793
78 854
795 579
143 252
561 767
445 785
327 498
354 609
741 604
426 609
74 65
700 103
156 986
830 700
755 263
711 854
960 686
951 965
400 119
165 257
79 242
770 601
162 700
712 747
582 200
644 114
344 281
409 623
394 98
789 365
631 156
300 560
216 756
943 647
324 642
869 638
259 172
397 974
132 360
810 25
140 567
447 12
514 723
837 38
367 757
484 772
429 899
538 935
382 511
249 599
413 97
573 999
331 163
525 429
613 228
798 562
366 928
960 121
801 528
353 794
49 821
946 512
228 17
844 405
32 626
758 233
412 53
732 696
125 273
254 107
812 455
46 948
678 814
373 538
674 741
327 590
165 558
39 110
474 407
881 865
863 122
674 916
98 818
95 693
953 363
729 97
18 381
50 580
795 266
686 622
96 934
493 548
848 566
677 737
79 524
969 745
944 830
68 759
515 325
75 949
178 583
967 794
575 418
209 335
920 374
881 865
705 282
141 866
212 466
129 737
951 115
601 36
393 242
518 806
562 142
673 805
727 915
113 764
271 928
176 947
634 669
547 184
303 21
100 821
637 409
864 456
351 612
243 494
946 504
427 677
307 642
554 941
845 177
18 332
747 189
513 697
796 721
821 753
460 759
342 878
530 505
95 693
607 576
540 322
104 36
109 916
862 627
130 211
31 621
461 899
426 160
930 110
773 912
651 912
190 517
481 579
782 94
841 483
876 178
184 468
496 595
491 770
680 445
619 709
548 176
548 417
852 658
12 938
264 850
688 229
12 979
218 157
760 124
760 193
832 206
588 368
540 586
498 756
658 613
545 274
259 504
157 146
25 933
97 260
808 461
459 226
417 337
720 319
176 106
524 332
254 248
846 505
627 376
847 841
545 83
423 6
555 600
308 371
231 921
621 398
396 617
110 681
276 854
686 914
243 478
99 571
921 208
862 6
300 264
210 635
300 344
493 319
184 605
273 50
965 649
435 632
867 316
79 387
795 392
386 814
631 156
479 622
353 942
760 500
589 115
274 977
66 468
274 885
998 441
617 237
540 682
419 343
852 513
248 230
457 39
981 192
238 859
243 108
20 202
106 319
652 295
859 25
22 630
980 685
18 786
224 473
470 799
941 618
917 750
951 703
478 434
151 445
720 320
787 544
713 788
547 816
824 876
31 774
289 739
307 286
774 3
268 262
558 210
744 677
101 720
749 369
730 216
869 115
895 993
851 160
365 157
83 835
844 116
197 680
889 997
314 861
373 679
784 351
887 972
316 965
713 436
427 328
43 118
709 137
273 117
113 355
212 817
714 748
947 421
246 434
103 261
697 905
153 872
212 218
502 97
569 905
71 408
710 88
756 329
18 858
663 428
420 76
258 67
292 67
615 701
184 554
44 964
147 692
207 673
457 6
855 639
511 897
838 581
74 666
765 437
569 830
147 537
182 236
931 283
168 740
405 481
139 819
995 571
190 498
632 714
408 948
258 735
848 451
265 930
112 800
334 310
652 341
675 413
160 266
953 176
355 693
216 415
276 100
127 51
207 165
551 624
38 26
138 72
695 868
50 396
547 729
446 178
198 682
153 203
452 452
628 807
751 179
43 369
312 312
136 153
598 962
225 419
143 176
704 566
546 100
345 897
478 582
451 630
181 310
733 52
3 507
341 586
128 848
668 547
665 230
353 324
634 497
969 194
79 792
291 130
872 585
493 195
405 847
830 405
963 631
200 408
347 465
375 389
48 723
583 804
930 726
526 699
696 174
516 849
833 224
697 441
381 688
395 709
42 943
698 853
708 932
597 626
430 691
373 29
407 789
77 616
408 358
770 837
359 96
106 736
65 129
664 237
962 571
787 766
308 377
60 899
616 702
715 329
297 396
515 298
765 528
567 90
569 757
529 636
578 980
980 193
559 802
245 531
762 226
963 69
962 586
742 923
577 220
437 19
201 892
612 355
907 732
709 999
365 217
365 69
979 653
614 744
874 546
439 629
486 593
772 199
800 497
445 706
474 504
721 128
309 849
27 640
28 440
535 456
291 487
187 460
933 354
656 581
177 738
903 420
649 129
729 307
109 808
859 78
340 439
821 442
261 422
692 985
927 151
56 123
45 217
527 543
153 712
124 666
251 280
25 271
128 472
583 883
832 350
987 440
136 660
262 84
856 269
964 689
787 348
35 180
583 361
5 826
471 707
257 573
468 682
417 324
379 966
671 468
623 429
636 14
289 33
701 647
836 986
445 775
569 703
41 920
282 623
265 142
9 795
103 515
39 445
533 789
778 271
699 170
848 9
482 939
517 167
831 296
951 410
742 3
757 86
841 100
249 116
24 616
434 366
188 917
896 713
560 875
729 873
868 154
890 791
197 451
982 679
545 796
511 394
150 379
664 657
422 855
360 313
655 158
179 687
953 810
323 708
803 804
418 493
601 422
3 160
646 380
344 67
738 192
101 752
694 753
359 725
468 793
375 818
931 333
371 762
310 650
884 171
557 957
181 283
330 999
377 255
845 776
594 342
963 471
763 261
522 460
514 420
326 981
509 555
77 90
5 879
436 820
205 306
625 429
213 13
772 439
379 44
823 771
610 818
160 903
893 978
793 541
620 214
408 269
179 16
909 659
961 676
349 618
5 927
740 131
606 596
31 94
35 629
628 244
154 677
683 834
560 547
968 726
57 603
612 273
50 932
94 99
448 697
945 872
384 649
658 311
416 854
190 9
157 902
303 684
596 289
484 905
333 319
882 447
186 988
983 461
849 44
84 215
128 833
287 367
779 552
56 800
911 181
779 48
366 332
852 817
597 262
118 750
475 887
38 215
39 644
371 394
666 396
980 158
971 786
392 129
422 988
925 683
419 737
123 472
861 857
431 216
441 431
37 495
67 125
692 232
832 294
951 582
510 594
796 942
787 520
791 467
975 240
113 303
504 424
90 924
400 268
217 483
507 272
523 626
857 469
778 985
221 619
725 765
172 449
439 907
190 232
494 121
992 66
235 470
458 137
969 519
973 631
103 330
720 281
481 635
868 362
839 360
608 307
524 482
649 49
569 515
676 988
887 149
822 478
686 75
119 932
253 335
154 354
924 663
695 932
524 95
110 644
289 969
977 50
107 211
367 362
216 490
473 448
642 657
761 32
640 177
821 262
461 194
68 491
55 155
593 590
787 802
31 889
218 600
767 388
749 251
946 295
6 833
820 636
230 773
707 79
204 28
886 913
803 136
678 243
174 600
482 580
238 141
689 60
8 465
709 329
59 152
573 180
715 316
116 292
31 497
978 743
754 179
729 119
363 113
922 673
107 393
746 683
855 965
442 838
788 445
785 833
614 455
888 962
184 280
420 596
176 264
46 888
704 180
556 318
413 562
99 826
211 307
81 13
788 223
164 214
297 149
989 341
827 499
14 859
337 298
411 475
331 524
20 518
217 820
921 954
999 278
281 897
831 536
815 833
161 136
158 824
528 792
306 13
507 511
736 894
570 517
78 164
298 797
26 363
399 387
516 699
106 218
788 524
459 580
541 977
903 671
886 942
924 908
249 812
515 24
646 543
494 139
342 565
122 561
15 764
901 79
269 987
935 395
805 164
581 258
885 705
400 700
850 536
8 206
601 53
947 744
683 553
293 546
93 961
190 438
214 598
544 497
889 232
824 66
215 669
294 865
204 423
97 407
189 988
81 829
675 414
185 784
640 194
757 376
148 608
518 10
567 614
939 166
366 304
601 321
201 165
744 308
554 708
873 827
811 700
887 474
969 202
732 743
632 942
234 597
33 223
852 342
693 570
349 253
976 924
116 298
908 297
731 10
754 539
657 909
500 821
821 800
410 502
902 195
573 613
668 411
646 753
743 136
9 884
874 321
497 906
904 262
155 905
457 150
919 999
145 175
372 705
850 605
445 608
698 164
144 249
204 219
269 844
683 96
379 396
433 228
837 181
130 709
611 509
876 75
206 29
365 895
305 900
291 899
865 566
34 669
855 65
190 531
998 253
26 6
309 247
281 743
883 848
521 358
869 984
219 558
608 923
542 253
742 361
210 984
69 615
399 89
621 477
133 182
96 803
952 437
434 958
679 266
412 693
116 744
319 713
128 484
946 783
304 338
145 165
437 84
329 692
963 581
676 396
499 242
821 997
512 989
117 332
814 194
749 856
816 100
227 430
801 797
397 178
628 260
745 842
21 870
573 844
263 71
998 491
364 242
800 885
218 917
663 752
761 189
258 181
123 530
7 107
969 523
723 714
336 663
452 884
537 701
178 330
967 290
627 35
145 644
179 524
431 673
606 538
399 892
730 755
596 613
55 245
785 77
937 701
24 364
121 528
547 442
155 157
355 3
462 76
152 628
624 522
96 626
382 663
78 465
38 458
945 676
861 540
135 220
956 772
731 580
964 845
246 718
245 129
382 847
151 437
815 554
798 835
679 661
947 932
339 779
507 951
654 757
596 48
943 332
753 720
827 969
960 429
38 665
705 587
876 704
412 766
916 29
312 68
233 222
568 435
746 487
475 565
919 458
499 589
798 95
668 837
880 162
55 873
982 129
90 93
325 498
347 815
279 182
668 784
154 166
875 890
902 343
500 150
914 970
337 476
154 929
95 967
625 979
708 126
899 811
76 528
253 764
814 921
193 370
587 977
4 1
64 198
853 49
270 532
342 937
3 630
752 261
767 810
263 339
25 208
962 814
417 639
116 529
439 81
790 852
437 0
817 325
392 60
515 780
135 347
116 112
656 55
935 731
75 475
909 742
274 827
522 215
710 936
771 723
964 884
433 950
260 905
438 123
134 838
631 928
95 779
441 948
495 324
328 394
265 624
788 505
967 546
627 694
586 849
661 115
759 2
819 915
479 26
322 493
71 554
396 999
701 970
571 800
796 968
35 112
806 384
611 187
592 936
765 832
809 434
556 72
963 183
272 633
912 846
241 365
714 951
77 117
881 56
776 263
793 908
746 972
889 181
630 822
585 250
949 687
911 948
922 929
697 816
245 305
785 323
478 608
188 224
254 170
243 368
751 74
326 932
79 506
863 257
322 621
665 355
455 260
934 200
57 456
901 333
379 1000
396 603
836 971
320 853
785 180
361 856
831 709
556 180
964 211
324 192
22 182
688 87
740 42
397 147
412 777
814 389
713 233
60 40
365 851
486 402
593 515
299 719
769 423
834 382
826 507
348 567
906 737
824 687
102 628
426 26
104 839
343 724
412 969
674 390
822 652
749 831
193 318
227 757
199 987
266 964
821 969
154 64
37 568
928 72
336 187
608 31
177 602
162 660
283 292
157 809
840 659
210 247
696 22
679 294
346 150
918 170
771 854
870 921
197 895
476 927
988 694
568 598
456 523
101 256
160 841
671 573
119 300
738 252
583 581
716 960
892 876
589 515
760 38
209 879
386 509
540 292
540 447
852 867
433 618
618 122
382 665
978 503
714 241
75 402
306 711
820 782
803 874
741 365
35 329
371 298
44 467
617 410
479 425
777 62
756 684
725 586
842 336
317 567
962 8
844 966
476 735
795 573
330 984
972 968
235 940
703 545
188 102
305 228
876 607
486 60
359 353
748 604
214 571
675 275
708 910
695 575
838 972
999 64
615 98
392 240
787 634
946 918
456 140
112 562
777 631
325 867
62 612
355 606
351 621
837 972
133 87
691 317
960 968
449 179
466 109
28 582
184 620
1 179
336 28
656 376
564 437
187 349
626 752
573 399
153 744
578 150
617 679
343 155
952 98
218 869
473 125
902 979
511 957
718 821
64 712
738 608
430 639
692 747
640 88
92 820
398 554
489 954
484 823
857 598
235 919
49 564
147 965
344 438
247 391
741 633
713 872
553 466
283 286
163 620
222 499
398 365
322 622
456 795
344 343
205 225
871 699
372 407
218 894
644 523
350 713
36 522
213 241
86 967
219 595
512 385
427 440
886 940
804 361
134 655
621 859
472 0
655 580
17 636
513 301
291 884
125 321
339 242
297 126
129 573
26 233
714 549
337 418
281 991
332 568
0 618
62 411
147 982
265 790
368 372
830 28
301 160
163 585
187 347
873 896
864 306
836 336
965 466
726 775
280 538
256 363
827 46
672 874
967 299
106 131
241 23
784 673
966 970
914 355
258 205
476 103
489 203
937 814
221 502
390 876
307 261
475 664
141 650
622 857
85 863
455 486
874 781
988 547
786 46
621 686
41 907
590 703
490 730
553 283
117 474
331 643
676 887
15 766
124 176
911 866
852 40
392 818
226 673
524 644
867 492
443 311
273 693
72 744
489 553
840 411
561 421
578 343
195 411
958 503
870 832
157 997
725 618
83 89
763 305
418 155
965 805
80 919
399 983
976 956
747 573
904 117
745 418
882 609
840 610
842 285
547 231
481 942
425 741
473 507
470 271
86 555
414 797
973 980
523 618
812 854
871 335
842 105
538 54
574 508
290 934
278 401
993 455
972 312
221 19
139 403
879 707
870 26
947 883
680 380
943 263
192 715
376 56
941 924
723 913
313 779
757 383
654 292
556 532
706 232
332 1
85 88
25 232
13 490
473 281
197 950
308 428
734 275
358 995
559 726
332 358
998 277
814 88
475 0
823 716
4 776
751 470
449 854
653 297
163 297
589 734
729 45
304 563
27 685
362 48
312 490
415 39
722 748
540 916
646 143
346 764
592 698
103 709
409 215
969 0
763 786
884 277
411 588
841 855
152 282
361 342
468 905
844 475
881 638
534 761
118 712
364 552
5 981
85 357
373 579
86 797
106 35
19 134
806 809
105 737
703 564
985 946
878 749
549 512
540 673
312 10
185 444
898 603
296 744
81 883
376 222
376 754
174 151
156 663
230 678
371 571
725 409
17 877
196 369
956 62
51 499
764 299
944 209
787 999
369 437
916 814
464 144
884 379
757 782
74 402
29 226
311 674
340 632
145 304
191 521
861 187
182 681
474 488
97 873
228 706
480 266
591 898
486 945
457 154
849 871
22 600
49 646
443 548
233 81
6 111
525 27
660 501
306 48
962 319
211 778
488 140
384 467
70 800
64 89
90 143
997 714
41 519
183 25
787 714
204 360
606 928
432 230
707 547
273 369
672 871
12 127
988 823
886 684
561 223
351 146
601 698
32 251
217 294
876 284
623 373
609 919
910 220
749 61
109 975
450 288
882 794
167 592
666 592
39 727
986 568
812 818
713 675
778 672
947 106
179 548
227 527
663 16
560 674
476 592
489 906
453 851
292 447
545 850
298 103
695 310
961 234
814 637
175 513
80 541
650 237
208 764
541 252
662 230
937 720
6 531
977 180
182 534
961 559
370 792
1 966
771 396
957 612
3 780
414 471
744 202
614 631
688 887
392 126
291 247
326 43
206 855
62 857
243 604
377 723
102 266
437 128
162 259
744 615
613 368
780 792
286 772
856 656
885 194
843 774
421 225
444 328
412 329
188 452
608 798
154 807
428 988
416 851
905 139
985 585
135 926
887 211
875 83
503 996
99 534
677 702
338 222
469 889
794 142
761 390
857 590
743 208
126 759
308 622
762 522
548 83
500 203
825 573
196 741
712 878
319 979
917 311
240 657
493 960
54 965
501 544
252 905
698 219
277 736
229 692
280 402
158 296
721 306
303 922
892 59
351 200
83 440
147 991
681 134
305 541
357 125
815 409
727 200
709 980
32 802
530 258
124 287
566 402
762 353
484 400
908 177
890 657
728 647
982 875
547 708
99 176
43 89
8 957
12 976
825 107
503 361
610 245
658 291
510 497
879 53
531 69
506 817
975 784
47 173
881 854
23 460
606 65
703 474
811 990
544 511
138 105
659 950
353 808
301 200
994 592
479 51
302 510
603 645
461 401
471 368
434 324
169 480
940 713
65 764
372 456
771 686
400 923
118 892
906 909
267 470
212 202
4 59
19 853
933 376
16 257
108 471
965 179
286 363
856 479
370 99
587 908
799 82
863 717
690 163
580 119
961 69
553 764
865 676
462 206
283 221
367 301
253 872
316 416
157 201
300 844
258 876
836 213
633 957
501 190
364 777
514 148
784 990
330 276
799 737
494 827
90 417
753 272
401 36
10 594
555 520
26 328
314 813
268 978
490 122
181 47
121 59
679 489
61 298
903 207
688 644
764 518
382 812
624 807
510 742
350 259
482 690
864 367
803 606
400 907
169 429
342 791
404 535
901 474
148 181
552 348
186 725
746 462
795 683
928 380
848 882
148 692
841 648
50 598
406 831
589 484
757 578
122 985
409 793
431 157
606 885
249 695
619 664
689 861
700 192
247 965
496 84
616 183
199 497
562 257
219 498
851 912
117 110
19 9
997 232
64 551
152 241
907 608
452 839
132 587
260 745
184 493
649 449
420 464
308 968
676 643
690 508
251 769
194 808
607 773
875 325
763 420
986 147
638 140
125 191
835 536
678 973
461 88
175 332
651 642
738 128
369 742
493 206
833 245
884 479
523 68
678 502
126 176
725 109
243 839
463 198
648 641
97 44
976 668
263 342
307 688
767 535
27 458
707 610
933 111
742 208
670 701
923 234
243 316
78 657
424 83
908 981
81 320
140 802
92 550
117 315
75 702
806 69
661 474
328 835
858 541
820 828
890 797
930 78
814 194
285 653
626 648
871 173
267 338
413 898
425 499
15 480
1000 122
428 905
463 660
174 514
117 339
896 350
188 682
712 716
87 820
254 459
41 370
50 155
227 150
34 251
3 499
168 106
366 481
349 474
926 909
341 512
966 10
35 388
581 643
447 81
300 808
207 70
742 860
499 614
392 822
998 351
978 159
526 829
624 339
89 157
881 42
607 934
1 195
698 325
145 233
748 359
680 261
392 96
36 162
4 429
836 790
267 127
458 940
707 418
811 777
185 474
673 296
813 516
629 612
965 969
712 206
269 481
540 275
246 261
148 42
852 31
490 284
639 390
924 408
426 38
130 931
833 703
29 698
523 415
461 182
564 74
944 609
155 651
240 39
308 767
477 543
153 635
782 125
416 548
379 589
540 945
32 252
961 880
761 416
445 97
381 385
717 367
23 991
929 665
324 229
684 55
793 79
130 558
747 114
735 741
157 520
109 114
65 451
716 725
840 700
779 46
368 538
159 71
735 229
658 254
413 919
684 106
338 825
216 369
975 938
238 872
782 332
17 255
272 652
621 751
899 816
185 184
978 2
464 661
707 802
971 807
798 717
967 57
595 899
482 215
588 543
89 808
912 434
703 309
386 5
185 994
563 365
831 644
906 784
744 677
585 632
623 176
233 412
961 56
374 458
256 741
879 289
460 1000
28 122
733 620
296 453
984 115
507 285
959 536
578 325
367 876
213 759
424 868
504 940
729 585
858 457
183 32
497 744
528 666
388 676
264 8
800 180
817 181
570 973
17 14
13 336
777 658
692 80
559 967
865 706
226 547
877 11
201 567
625 503
950 378
393 220
627 259
401 899
377 222
986 667
138 809
755 267
624 629
145 328
925 714
855 984
771 600
347 381
13 885
983 655
963 774
149 368
893 678
132 558
935 940
384 186
318 377
304 100
273 227
90 479
768 996
267 559
152 664
834 557
658 402
583 887
290 402
266 552
646 618
185 28
208 700
30 811
633 559
426 734
288 351
501 115
528 467
362 775
420 570
536 546
933 982
314 435
581 896
991 383
683 565
973 971
770 679
979 444
66 901
919 648
546 329
98 450
329 753
841 251
101 617
738 255
726 231
113 585
588 176
665 835
351 152
901 307
446 286
623 541
834 867
529 677
236 989
886 401
566 697
219 498
158 885
829 700
911 825
568 395
753 52
5 184
280 463
183 194
31 42
591 822
511 723
243 713
257 593
99 929
685 569
943 756
878 119
763 767
493 722
120 920
408 121
173 816
87 60
596 286
19 228
481 657
28 986
253 487
602 842
375 911
545 219
121 220
237 371
212 549
848 597
237 888
133 953
713 310
424 860
850 656
666 20
371 27
750 846
902 785
22 565
115 693
924 942
443 636
414 414
802 820
426 724
801 61
602 69
352 419
618 13
299 642
231 631
657 753
137 415
962 151
61 665
921 124
967 294
982 833
150 923
184 89
178 533
493 806
286 488
299 999
947 37
205 436
707 380
12 631
546 427
487 58
605 214
508 769
1000 565
59 410
272 931
928 342
919 153
529 362
62 658
197 115
663 797
440 507
254 434
347 154
810 400
40 973
211 788
235 1
571 259
215 653
226 482
929 112
824 47
839 83
242 452
997 41
787 884
469 634
957 386
273 689
253 791
758 38
368 434
321 208
820 964
725 348
58 384
647 358
624 261
676 250
283 463
461 813
746 715
186 474
182 258
211 489
771 474
69 929
572 986
882 280
593 889
729 381
728 916
593 870
743 496
918 131
695 24
379 335
412 740
495 687
417 381
400 596
676 768
377 881
836 280
363 283
635 842
154 639
778 998
966 674
164 502
497 556
924 226
357 513
485 922
625 55
306 502
794 392
147 135
554 450
41 664
495 623
325 567
56 971
892 83
855 59
140 695
565 988
314 992
279 320
328 220
763 928
460 296
288 915
929 337
167 133
154 712
966 115
642 535
313 55
817 57
309 940
103 336
620 179
14 589
319 784
55 421
58 562
556 77
800 946
954 292
503 653
546 102
544 624
546 269
266 389
241 688
477 189
575 124
329 398
131 897
501 778
683 279
553 122
271 115
837 3
696 468
84 142
819 952
212 473
742 638
721 558
281 226
32 591
702 941
709 854
52 206
311 31
193 747
855 431
722 127
116 859
72 817
820 494
779 939
694 780
948 868
624 984
764 390
28 616
199 523
53 886
438 354
856 830
982 877
36 533
551 198
278 760
726 800
902 160
837 384
579 797
694 767
798 733
885 132
594 223
525 984
787 148
821 447
792 14
224 376
237 575
30 628
881 639
365 175
17 578
234 335
322 284
625 168
664 407
133 277
131 417
321 269
644 284
460 524
354 963
378 154
340 105
217 914
690 35
407 868
743 270
628 307
591 464
904 578
954 442
512 887
240 143
295 158
284 863
21 695
876 242
581 909
501 424
950 82
274 882
494 186
624 952
400 542
382 104
805 794
635 838
27 151
670 941
692 253
397 246
503 353
219 72
507 864
922 145
339 335
43 4
91 934
854 890
795 598
636 151
84 893
93 213
352 610
241 518
648 738
352 96
212 223
199 808
447 503
940 4
996 256
800 203
364 610
214 409
575 185
556 388
923 652
104 853
116 502
59 911
833 711
470 978
894 808
651 947
91 492
538 682
102 125
208 406
976 704
519 302
255 301
59 712
806 604
300 203
29 475
705 967
448 935
895 865
453 755
255 632
895 104
553 832
61 499
832 476
782 671
581 354
89 178
622 74
525 307
949 756
768 559
911 992
341 232
164 260
177 522
662 475
262 989
578 54
370 87
745 143
127 185
992 367
896 850
543 334
200 547
944 850
979 860
341 585
819 327
8 545
951 283
203 11
310 535
628 324
963 667
962 771
735 958
743 636
684 726
31 355
215 355
375 930
984 936
765 776
116 856
788 449
61 746
602 949
661 714
313 417
22 406
46 405
878 698
244 97
17 955
202 986
144 102
677 626
789 49
989 181
452 360
298 396
857 144
663 609
278 67
36 461
600 298
460 892
212 930
876 122
610 941
7 601
157 410
30 616
552 365
915 305
944 8
26 518
205 534
47 920
315 471
450 536
86 863
857 5
640 892
344 651
421 290
755 394
504 563
200 359
66 616
395 357
602 713
69 210
729 626
370 250
190 893
993 626
544 75
80 487
436 334
57 945
22 479
499 876
269 108
514 240
805 498
948 257
105 352
924 237
540 110
845 870
233 990
391 482
732 676
4 819
149 42
224 830
946 539
154 798
598 799
590 398
971 437
120 461
224 429
108 858
374 281
74 173
671 81
860 65
843 628
615 310
823 608
425 186
876 610
369 464
580 145
239 595
697 633
567 976
467 670
982 861
227 460
683 646
835 284
434 110
666 842
34 233
754 379
90 349
223 512
593 67
988 390
944 87
862 914
91 490
189 544
634 194
737 768
37 923
956 12
701 327
621 924
17 897
444 87
704 870
352 189
323 345
933 975
918 554
222 251
488 534
76 520
305 350
181 627
60 968
99 56
741 790
628 964
275 685
804 485
667 147
611 966
53 599
596 696
970 923
56 517
833 491
897 722
305 208
203 677
766 555
690 996
679 60
136 112
580 78
219 623
914 855
876 411
804 375
817 159
998 449
377 278
611 263
605 8
937 529
736 503
417 148
316 10
910 976
890 415
631 202
829 686
449 323
1 570
859 796
769 908
805 186
373 386
263 612
647 279
20 621
936 814
926 387
70 288
556 987
505 393
435 261
527 62
935 994
287 999
894 82
222 54
599 577
632 922
753 209
561 293
90 623
386 802
472 561
552 250
888 968
259 777
897 554
176 273
249 451
582 877
499 38
931 266
920 18
522 547
480 1
772 367
398 144
392 764
756 434
876 419
579 882
291 131
765 588
97 962
762 482
866 383
245 760
161 632
188 948
128 951
267 264
978 268
742 60
978 917
310 464
469 430
516 881
265 2
743 188
770 829
461 369
987 222
68 783
696 441
931 706
247 680
805 248
379 686
922 494
208 620
302 732
940 338
519 547
35 808
596 943
270 758
845 154
656 735
674 955
685 44
348 849
787 382
4 906
812 868
439 723
97 216
117 479
109 266
400 951
613 7
169 192
800 568
978 763
232 661
830 700
340 21
937 791
157 157
666 821
28 701
691 134
672 162
300 476
169 326
672 669
403 728
278 985
754 934
458 179
698 735
323 461
504 1
637 992
494 687
599 699
966 265
342 616
107 302
950 85
196 794
665 391
898 294
746 277
702 85
183 280
921 740
819 995
87 74
438 500
535 980
117 678
137 128
956 404
321 59
140 186
401 977
977 621
511 726
477 142
135 621
883 170
316 511
407 107
523 859
217 148
609 387
255 866
175 951
204 801
135 459
569 976
497 441
826 697
509 339
626 895
354 3
731 673
82 729
280 549
496 264
531 61
920 718
882 12
99 655
656 125
913 55
571 35
696 175
685 337
656 528
172 108
233 960
526 706
685 153
380 145
150 530
726 742
7 309
501 94
173 483
127 202
108 181
764 913
146 990
323 674
958 455
934 583
590 887
224 365
802 764
667 697
136 750
673 630
250 735
611 965
556 886
813 225
545 376
76 923
476 100
829 836
579 938
219 870
334 947
208 318
436 555
455 267
281 133
706 363
810 462
144 245
564 269
595 179
295 487
95 305
911 74
745 537
431 922
771 56
35 494
677 510
823 788
110 153
90 425
386 907
973 823
461 198
618 583
596 454
125 940
884 987
578 11
311 0
586 71
153 159
849 95
730 90
957 781
309 690
508 839
752 1
645 49
110 313
737 156
183 319
79 69
585 140
419 971
524 814
669 403
493 594
176 37
783 530
252 674
95 423
382 613
882 964
976 777
558 821
551 192
933 750
299 133
453 331
35 984
680 889
830 627
278 101
35 352
138 970
381 887
737 641
522 892
760 385
910 414
791 160
200 601
817 160
909 446
520 59
255 402
984 894
648 49
339 205
413 647
877 340
558 975
717 218
645 254
991 249
841 527
27 902
627 256
473 140
408 110
510 314
797 352
895 321
783 833
496 308
593 264
777 997
478 774
293 843
409 699
323 71
550 560
138 773
329 919
502 801
144 753
357 514
24 131
115 156
912 791
956 12
693 769
615 236
154 10
18 716
385 119
213 220
548 864
594 599
618 559
220 460
240 674
628 911
459 456
73 254
868 797
469 130
393 515
690 998
678 542
98 228
209 824
202 938
94 226
687 396
686 169
233 358
719 957
573 514
310 385
728 801
992 360
765 68
138 659
577 455
392 84
506 965
186 630
584 836
495 887
970 657
712 624
698 931
581 550
450 723
160 318
762 977
77 603
27 785
453 277
668 569
364 916
603 942
694 822
186 283
7 776
96 438
985 767
593 260
39 955
868 251
217 457
189 526
223 671
395 796
913 594
400 342
30 736
332 45
721 219
21 789
162 718
395 89
132 622
980 563
391 601
368 273
736 664
195 754
672 972
96 10
745 641
920 659
927 218
590 72
307 708
219 935
315 646
517 478
750 128
687 640
326 585
698 887
179 201
445 49
890 984
863 967
757 409
37 161
68 284
126 876
703 238
749 910
399 959
250 373
116 146
657 818
732 795
696 414
959 684
820 775
670 153
408 893
939 251
535 760
396 719
45 742
174 306
928 257
904 61
226 983
294 311
792 992
293 627
962 221
113 136
202 20
895 179
59 336
790 113
302 406
906 958
658 18
833 664
784 94
271 876
2 58
50 356
575 290
78 596
15 802
221 903
171 636
522 32
103 130
864 402
637 269
106 711
826 358
495 385
413 470
486 855
613 861
820 770
575 351
791 546
872 232
768 372
404 660
932 457
413 145
508 511
953 779
381 466
439 68
29 79
419 704
849 390
807 433
915 104
329 199
975 352
700 687
298 714
555 244
160 459
148 89
689 944
977 157
475 123
479 665
806 37
805 831
426 998
156 271
983 975
403 590
888 954
390 213
158 266
65 93
697 327
390 243
533 781
136 107
9 999
551 900
341 993
523 882
587 790
767 833
585 650
285 957
160 116
728 700
197 66
151 649
396 585
623 434
507 603
363 207
523 256
361 927
224 489
523 921
946 866
788 61
996 692
863 959
780 584
906 495
273 337
618 183
664 983
545 166
471 854
182 431
436 43
151 302
840 996
594 871
550 802
963 402
32 717
632 868
901 96
278 348
105 488
78 357
127 177
201 401
234 591
869 516
403 947
804 865
427 892
96 410
587 18
602 765
250 334
353 388
933 237
507 132
447 631
380 406
411 448
77 316
133 916
375 390
639 138
968 130
689 568
537 811
591 714
115 504
548 972
715 308
214 580
597 894
723 430
870 700
8 914
349 800
306 306
290 752
366 767
143 864
444 717
136 582
96 254
606 246
667 201
391 912
764 475
380 467
632 960
280 811
53 733
602 503
272 767
228 104
488 687
393 711
702 373
966 788
649 750
620 821
903 449
268 982
48 128
489 465
915 698
141 477
291 63
784 879
39 575
33 606
861 545
122 103
857 312
498 429
378 945
242 997
803 607
439 879
312 65
113 833
171 814
986 318
509 828
810 828
154 105
796 269
299 896
676 441
968 796
725 840
409 244
147 121
511 787
972 211
109 507
942 262
211 931
129 25
305 334
455 646
878 817
970 489
656 826
651 967
951 80
311 397
790 672
929 789
601 739
902 547
45 173
639 256
328 902
703 300
598 501
737 830
98 997
841 180
606 772
715 642
917 919
873 791
613 358
190 42
715 44
736 831
561 107
181 310
753 16
751 69
597 480
966 845
813 877
873 73
489 787
748 190
478 82
400 5
725 149
956 360
283 236
178 937
591 249
674 4
634 771
801 779
607 618
333 954
162 307
210 20
41 976
728 420
716 404
953 822
292 802
178 837
748 136
41 65
488 907
438 210
172 108
500 470
946 639
518 26
138 649
558 923
338 294
478 886
326 208
262 850
821 553
143 249
274 349
168 440
680 621
806 295
436 488
749 285
307 35
577 179
752 357
861 785
380 349
