100
35523113 18151002
49142492 99591416
31065634 44562405
8116784 29770004
98623824 28605831
91737375 76472251
20269799 70496327
89465319 72124824
31023662 438122
34482490 99358078
20884458 42823625
93593824 56279340
67386653 25768396
85169838 91780209
54234136 22920254
64004024 17436772
96538491 25284344
86750145 4154579
16336349 81215903
90506895 98341911
63282433 24576874
68329138 84708436
46330110 97083199
25112872 26064153
36985249 63135198
69246185 88005631
21235014 95970229
63052993 66977303
45205348 99287290
89672450 23096456
74302537 87028817
78422293 40197105
29539606 21193975
72516436 94791037
27673496 87388206
77614431 41634360
9634233 57137224
82747111 66176495
68702450 90663306
92124605 95127204
62051432 86317132
1074804 3344800
70694438 62632308
55939374 96658569
87018890 3409416
95901279 13146264
69205086 85497139
98254121 26745649
50846392 78527152
12151995 56778769
60207381 24177348
17263418 97579013
6498005 28439726
15556082 95135553
4802000 7055292
8518517 22271034
80259153 21282158
98834187 58418693
71708192 92930078
54296720 65971363
47597258 89625782
52056892 62801304
25745759 34805144
28030297 53146559
67918645 87579496
98485956 29460217
51223743 7242339
77419956 51863264
88364030 63700108
97117248 95965571
80686371 75105588
77961043 7925933
46207438 31615571
9805695 39066827
14246176 66015285
92511503 8249198
58046442 69253120
16867513 78062325
5817318 40699668
91154096 316540
27137250 69044418
46967567 28441422
8644084 6323422
26190082 97799884
2119079 83772875
88929700 15835466
48597797 30620327
95803727 90662866
97852912 70178916
99269946 71567499
5531744 95208073
97751097 18828128
94912653 29136260
65514779 13281234
8965522 24737959
91963066 18553179
9704683 68842270
69352870 62156539
93429873 22299654
37771856 25074739
