5000
76383387 6682818
607725 53118947
85393679 75468816
14331973 35971369
3974680 30347228
87569517 31637503
47872064 98087923
14582466 9468050
31386366 61154558
48281460 59366670
35750093 42627518
73695951 58835312
47738842 72398596
49021536 84213573
97011368 31452854
39597897 65667086
73559187 25421346
69297950 55730939
73554067 27276651
88181966 36352525
41704377 18811217
49505243 32177009
95484110 9596763
38117657 75424398
95463459 78257959
12102721 91507814
1252460 23637878
35343928 79147320
78713374 47527299
39318816 55294447
21414101 32062803
80010572 33567394
23117171 32291298
42819115 30227719
72882601 91930271
71235816 37293550
46429116 67119803
7092235 22031196
13104714 41696518
82272083 65472484
8780862 27742351
53656915 5819550
31270714 23554993
14243469 20623522
97929295 45491734
95959487 66459278
68769518 39499780
21597509 7118247
73172305 97656610
38569443 56996466
25777972 81539947
36230828 4283183
40870438 33207722
24039487 91264935
68933549 84264288
96511995 8289262
86630100 67338088
19656347 24922248
34932400 40028869
57830630 99983845
21273937 91033548
42787246 58377266
78134677 22350587
83041375 10595817
82838857 9606304
12798404 69816853
49140856 46021120
84708038 72677571
4021562 36826548
95441960 40046085
55420764 73668959
85032083 31671428
6994444 57016727
54548926 98783069
66404496 38275570
8482147 15161711
12508567 74215813
18990792 41082918
97911631 61807667
84624327 78740994
24590649 62392481
12480101 50070722
18079440 59005952
84142752 16194922
17744758 26338757
86931354 40784922
23093925 3199789
92014279 69431199
73326396 20859247
37813492 51317816
33109192 73036608
85161863 26900865
88340996 68595537
94906744 57408453
59823072 56021845
26165990 12992992
34545527 77777384
3860439 866065
41609691 54617673
93701098 68428288
90275477 95010897
64727662 62469314
36309841 76289841
31684484 24770404
41311441 2606735
88934078 38932925
30415713 63228259
99872477 98393569
58209652 12899684
66796247 95618639
3092303 29647808
47145112 78836031
32715444 54184604
90742866 61350760
44403840 87086367
72616372 48654403
63179416 98454630
41128641 90687968
65144107 26586569
2918996 10716232
56978634 84819730
80260810 60285922
47244992 99612259
43415899 88760272
66045829 20894514
74264756 8175007
82431581 52455338
17433288 63346255
35352362 65476948
79581351 8189836
53180105 194524
99137131 47832491
23326686 51875618
54973113 4299010
85844508 15119748
5073053 29586741
30133816 41803238
35209238 78940980
13065723 92795204
9178693 57319133
28560489 47060790
31767626 31774859
88859200 80332999
11951152 48438553
72804325 52031776
99935157 11397561
52533035 36589874
55309370 87465145
11071878 86888270
65614610 78270913
40727810 10438038
46336011 98857940
94564999 35118154
34977321 84857041
53397862 94231673
50168455 59823751
49045767 34187641
38583571 88442865
82639243 44355508
3953979 74953929
37006647 11396366
20236001 56536162
51289523 17721933
65859967 59950206
28278379 86083785
92570074 55589296
54485277 80459773
44887920 77351544
64848270 98773414
76827385 60944868
98099644 34296869
5376117 77731699
80715433 50772148
85863480 45159331
70399256 9373702
29900956 6559784
30596680 51423136
11032710 83528668
55565996 59204790
61650291 97134097
96949613 45980395
8393158 97337235
4437860 65128904
10543029 46500178
388398 95479799
29321015 52553296
82363045 78405734
59884783 33016037
49929872 34920157
78527983 73631918
46499836 48358202
69065821 54874070
14882730 47986776
96465447 99480231
59958074 8924294
32189041 94794038
95733554 97664094
39585055 49398789
34288058 13680214
14096971 85266005
62396022 19382203
2721237 15989683
57496506 90081711
62740145 97088728
4973066 58992533
92401239 271734
64755354 45933977
60168144 63462439
46065039 70660664
62302712 37476783
34769953 94878664
59639763 66494259
9676802 28313539
41902036 77096770
31815092 38805303
45721508 43440002
63241768 75473934
71276809 10640775
6060739 76626601
46329175 2221533
41289848 92830266
79016682 71348528
19416978 46725206
64530271 64463681
39131268 15808361
75178453 43898951
57569303 4833521
33373637 13264126
22465439 87105511
71770201 94359315
71659791 94281764
35528531 10632918
77019395 47869170
41186029 40784516
15393519 98394834
89220888 20725184
61111878 19831552
87818062 35540971
52290440 84376177
99223152 76491752
98776086 46730424
82313782 16333612
4926723 63198591
57678840 92765360
14156215 40872571
38605798 44841626
95211902 16692084
40728947 25844803
85989938 42750811
53204428 28107174
44511744 50970632
42914767 82769373
77281169 18835048
41571656 13468861
54799499 82194863
53643001 52426144
90960232 54164195
5305667 29394677
96651140 55418273
23516196 35060567
95385110 31270449
367167 86496889
9960659 45461465
10984388 77673776
76119806 93353002
86878086 91601757
69909534 71342359
85087994 11060574
34059402 32240226
6830150 67979081
35073067 88521330
45579036 60764407
48214188 23108590
26945794 15395409
34763246 13293348
17784747 34444377
75185099 77689246
40693909 30384488
40660298 88124560
53543047 70333515
90133147 28065194
93738201 11580978
42970118 3662485
57274202 89945497
79470550 45126846
83062909 2252280
75105316 96578089
86376056 55957813
2240643 11042365
82400077 60810766
29966314 96749149
60015267 61989933
35898307 38333986
89954752 68730848
5998083 72940788
62984509 29849527
74586238 71078715
99238500 74498927
28703324 32561150
57470186 93422188
98280794 44035594
55938852 15857413
66470877 83963502
26469389 58262868
57039103 82666101
33259173 49229489
8211635 81706807
24554752 19948257
66639694 24083446
25533564 99048779
64758710 47517924
39761679 26493861
73926496 90674605
17532445 64391667
69449079 96293892
68504905 37864326
78524866 14222591
62809756 61299416
50487092 88701513
66241193 25623674
86398495 55040421
58075869 9552729
66036161 596459
27899570 96122165
44664191 15217109
6294513 47264228
5702511 43865802
29254784 91348731
44868604 15094988
36550905 6821727
12522457 10721015
97870805 47658561
15216603 78752426
54819629 56281121
57448744 52201961
20576492 96016513
46555058 98808926
37471746 16017619
86678725 412947
9446917 92737534
97397059 93182177
77142788 13224592
40966993 57985242
36979848 36600911
48731775 3933440
2372298 28217216
35878532 22999836
71761350 28791483
26681965 94640860
30967318 93328555
13505524 67110004
80714207 59663131
82257545 19300266
90945215 42739993
74016824 42508443
23838504 3042978
22503760 26331508
20523433 65847305
80475849 33665682
34382060 76368318
99916895 97346392
11936787 12602852
9829109 93716021
72450800 90772738
7839684 91771975
57437576 54602920
18781149 68930981
73364091 60060117
60715405 34021198
33930633 48237762
24611577 43923242
47119405 83379092
54410439 24794007
22097834 30968043
80047922 80051677
6105706 94314036
97830906 89295722
94882807 41257129
85494417 54205065
56572058 18394322
7872812 76387364
17069458 13639971
56744904 34403385
68618118 69563622
49570868 51651905
71642799 94632232
15680769 5174383
23969402 55404277
89300651 152768
46751766 42978180
29461672 28244843
86150577 74921739
6919340 82806598
73970596 51203367
81670577 168167
54392075 47591163
91319481 46543846
70066958 4436111
11670954 14289631
52737762 37774659
83849386 25403216
86252416 51328456
96293726 89476524
59906800 69478324
98296700 51059120
34102451 82960809
42934052 91536158
2728252 28903177
15125044 86801460
91986979 50159042
91504553 18183224
57286126 35836833
69268631 25789281
90454718 82180869
25251336 70786461
39228915 7706146
65121783 22570327
90895418 41796958
91315972 405540
32344806 8430466
82359127 30330945
44253212 64784171
98398540 85159027
96536875 76626241
97526564 44913391
97496042 36148081
40025860 45998427
6927488 12935085
16318571 63005528
69194313 21224422
53828181 54653301
96222943 47140550
20988326 15204206
49137132 62391123
8102338 38510449
99662617 273308
94994164 62260302
58228593 82766488
65443862 28297972
94199534 83236352
403397 5375522
56829891 29526032
29677117 3412759
5577596 70529991
48184300 72806923
10513351 81115656
12892086 88843367
53213242 25355511
29099987 77368798
96399297 3860666
47447027 48785157
90788577 25466901
6682055 99935188
69842883 7526379
1794657 23632679
14043232 19867851
79764861 99622204
53377089 7900701
73959590 53239096
77063717 13802998
14438651 75704724
29748215 29976359
7156669 57736809
44393523 53698805
69477740 40410158
75652956 75998481
43210407 4181214
99198440 91340584
64828460 32045227
52421473 81024642
15682259 78454349
72770099 42976634
17365029 90186332
24281570 3146253
34937078 34462533
38494411 37445109
77914693 41434256
23591611 27250797
89039766 39844137
59670177 31674701
77910311 26008226
74873631 44911321
61433941 60640873
66559551 8090594
34038709 11107230
18911535 83515488
93703222 39329436
15211330 37233346
63026285 95232117
53443559 16459933
29543473 23036489
45649044 47972720
16030824 79088020
84188668 85072504
29160423 32167373
88282535 81934214
57049245 77239887
78182375 96422703
73618203 1838122
1704174 79843994
66351839 90405619
52790867 42298935
74511780 60145193
4210958 91565983
14944975 3204613
60584562 60279574
66108025 10175008
99580772 53003737
95758336 37683613
49920015 92639753
75616955 58550853
19840136 31327696
60277157 85505866
20408852 2489386
49905703 11660614
56259681 34941557
48532420 32130986
72074995 12980039
52160416 48029302
17325910 44018645
25983427 88679187
8990262 57023645
35411024 78883484
13429209 99286331
78178388 88403235
99817590 73774145
81863376 21805885
95041784 75213782
23893440 42746121
59685430 99058909
19148149 96867110
25006619 2712395
93289492 60658786
40544074 27482730
85201192 19648796
41516567 66646210
29240853 14154171
95143570 77432939
3834383 8584143
23351416 72913918
80583465 6390986
91537939 10101615
71149211 2084444
45689942 87865201
73205844 91017745
72767076 81456226
77323552 25112899
21607921 5554997
44638375 23187204
31916415 85748601
28415595 21387766
85032546 9809738
71205035 74148313
81237028 77658382
73316412 97894515
36319850 79390383
33835178 22003262
91068738 33430710
19765552 31825388
47583324 11007090
83261404 5290668
50728280 40156863
42346474 38155563
7027566 80008632
62475179 26366502
58615417 85558380
30920952 5693904
10864122 47827337
89784918 40111877
70025578 2060207
65559431 53763117
45270851 18640484
76184089 54674902
57669500 52951628
69278838 84597281
71384490 35691859
66905769 59058383
18086809 64185755
66961387 11147652
56462778 82055275
77363627 96758201
44490480 90945534
5573303 84196395
1750211 88087084
22800642 43699075
41049594 65857016
1081299 41156604
79647452 70015059
24967022 34052622
99242420 76798466
84638381 59585074
54414379 88162311
90812354 39840724
64750718 1897091
85976120 62875939
80135466 18997528
30141485 96496183
38887730 71921707
91105192 32111686
20270117 34005860
72529554 50742400
66105734 56225061
70456770 2441668
85921765 39829907
8711339 64407499
53299776 8153097
92884124 60978007
58386629 24815542
74136890 85561737
56742232 62162291
17392973 90208612
74620766 8602375
65047570 68341925
71366688 3644977
7273304 44989986
43163083 60146557
96286573 88547526
56997860 69109508
88010952 5278900
36489667 68890999
90091236 23046415
27946114 18167644
43569210 33804838
74353699 95991692
64882172 24141636
39109706 59755418
99640050 80729169
17815396 23943357
84623114 6830680
17653106 60003836
99642134 60046221
77463316 81410190
42030212 72032894
30229437 68798902
77216601 7460293
22926405 23168653
72794546 37783782
31957318 55542004
83850829 19387125
85308162 61970530
50796719 42508584
54545940 69399665
26264686 23598211
34397712 92536652
13553453 91016544
95357583 2684169
12412269 19702120
30332886 28760512
79564542 34859237
38167259 43425394
77468462 75576444
55856280 45573923
79819207 26371568
33715176 73531572
43540586 79557858
76924090 94913404
7035067 10180962
24894467 29863014
89973139 96816207
81943515 23466966
64030898 13663129
17987765 91108116
53208752 22330187
21963177 86026061
24823312 23984471
78819818 3188802
4527456 59809987
40736870 79026531
14639929 67250758
9666259 20331437
33434179 40168571
31671878 98016565
6726648 17103762
36547465 2938283
32437406 4098906
27910892 58483341
42354402 43164314
41386788 27508789
82061548 41473555
98572496 95433569
71775450 48516402
92700937 38391736
63329758 64257894
71803430 9540212
78318768 21747018
35863799 47756268
57205322 42989818
20219766 82164584
32587365 28522012
35899131 85895758
32641979 77675945
25987822 38999011
37838913 31886146
59079484 87495035
54757095 34061208
66189032 61220958
96653293 71036222
71125661 62423671
81502556 1858470
40209691 28456343
81258474 85194766
10169912 60429951
34780650 35698048
92658206 67085230
45339266 96137917
29793705 81628098
10252133 26260296
51110551 46952681
52112468 72706748
61455856 69151000
28997715 83213964
41087857 27683440
58864262 30260768
51659743 62154966
17552577 22435386
64523973 72970813
15066289 23805617
15034910 97083334
43332502 24424637
91361286 30496876
82819369 7938270
49585715 56054355
58199620 15004243
38457883 13103259
27389188 48658906
45115715 92168453
52748899 76709362
65431456 21994012
1444931 79943397
90823686 48909877
96616032 11423484
56774214 60981025
6264186 42591051
57199895 31683963
10890571 22107607
23615424 30426472
6843062 22943091
73005327 69763762
69265517 69470384
42358901 809861
93845733 52070219
94879782 96363643
88002381 2863527
68833754 58173799
84933478 96714250
74930900 72729946
69225685 1018577
55134585 20365193
91809633 42717993
57959180 776937
61941051 80961619
59860291 91894716
61422633 90573882
3760296 94316504
29874203 63477589
62197459 55802520
36788036 10400354
67913329 27319975
35628764 39636063
44851555 30046861
65707016 83701496
45254185 98199127
79099812 58902122
3314036 10082329
77568615 72015294
11865023 44496560
2175014 61902991
74453023 49487930
17192046 94702224
27661349 29250707
89336624 53725854
57834632 31576292
73671310 75907819
77167468 42969337
25718259 16026977
16997855 49358898
40587782 3238718
58273030 36425863
28988316 33070300
81262730 8821833
75743289 88436444
60113198 41012825
19566610 75277777
71305697 8074740
60658706 33992417
44815139 56151867
3269514 63861241
66333890 40948941
8717408 27023355
70182422 5683820
83307785 51179604
64283891 55102577
5630141 23058671
32570758 22833736
7380224 49461927
12435013 32781228
95308640 91002843
37334800 53211811
91660659 55020665
27849134 4766399
50471161 89051192
80171073 46122366
83818104 33136009
37995779 7288867
20980229 37808223
50658586 8885560
78036952 63150741
57812867 11870515
29265709 82055399
3389497 1667832
56985449 36509147
99849815 44140357
92060781 24848509
83024893 81446807
79049591 89401101
33557549 5856547
30867897 50974123
22285090 30184708
34959933 76174330
44424219 85730020
48439527 50034023
42585861 49584305
42011744 20763006
24926558 60625019
1161823 29388938
22141003 50941129
58705160 70647383
19248273 66786769
18371501 90638814
78732813 85862033
88249493 42688982
94868856 69721523
66996234 54615034
65241153 83686395
32047575 59178823
85140814 30266671
11641850 67278259
18651964 14521180
73225906 32882036
81555111 33100128
22743470 36157322
79951840 81679952
97804791 99128017
72956098 75122216
75071055 56260368
14591489 21861249
58438563 88380316
21039139 98564994
39925425 4353090
7455943 35736534
5507056 54228189
40240600 1122505
23439663 16842103
90112119 6968996
94043031 62408182
70330425 29214926
65815123 96011067
97884056 84112239
25584221 64174201
60483218 15583113
33637289 54109526
49582620 74108338
69985169 43560261
50683981 56897109
21427115 95458260
76646579 41102820
35120282 80726563
21519287 593487
56710075 209896
15386565 38185325
77463595 4987863
80003124 56981320
76498455 96664051
88783118 14688451
35764265 38327985
94549129 80500496
75560543 15634816
83110249 71461819
98177028 62716993
45388857 91805560
16043487 95188590
37423964 96725865
52201129 40687114
40682565 37390886
94472581 55751950
87175091 36598066
239288 10940866
18979740 43434566
81726668 4037081
84327068 6286682
75634422 84029944
77948167 87911156
22996703 43529955
69324706 82882815
95947074 16603996
27948836 72565640
41312439 18746881
1205824 2677342
45921409 41703025
22175729 59613853
30119867 44328263
96670658 14313493
60557388 39804103
41640929 21617115
34788761 18768084
4893490 87655391
34478706 12111556
49303717 5221986
88836984 50351644
48786455 39055188
27880304 27514812
90569825 75356620
88980411 46149228
4981184 85879665
64786959 90295526
11074080 69903034
41629092 42417179
90901194 87907594
61323042 74698882
63251118 12500572
87165581 8170195
70586794 6164830
51614192 26151115
660834 21427226
9950720 14593366
45335647 56749818
2509064 15114272
15939281 60973074
75837890 90521455
65006419 23759291
48392770 62800259
65554477 19473559
18667264 56968017
89034484 43061211
74756050 39148352
28121249 3929193
7570978 51902
9986688 48377936
36327302 69422700
81924191 597566
92781370 72735868
33332487 681696
32490033 11028661
70146263 24007619
67430101 75513851
51075609 72103625
85193252 21797679
71477352 45143203
84585291 90298501
99999833 12795963
71902613 55226616
38727969 20399992
36545720 64614476
88649197 10015089
36979666 77003835
66218804 22179711
5270663 38849922
69501825 9180418
46800117 99776008
108517 21372975
66508134 56244082
58163397 27120714
35313227 8969850
81799161 2253517
41911195 14882885
90167384 85580511
67571457 46432653
48642718 38261303
41060381 41019650
90228225 62859263
85338524 113944
77037753 67287997
92239539 42201255
5650838 73099494
78952783 21552065
60719784 71916479
14358302 65546283
54684774 16977343
71554180 44823689
51090103 1847918
98376490 12888604
70109786 44345473
36717554 46838638
65165758 92047958
51469747 21522194
57750283 98012563
44784539 50771490
20611342 49510013
50545209 51797792
96507876 64061081
95457139 48717638
62389170 244648
35925728 90827131
99957538 63567250
73250782 50446972
51420815 69850310
99711223 11084043
14581037 64824334
89121803 30037996
24282846 70428285
47659080 83784624
27932373 38202119
31184017 59921372
88108236 92222580
36942195 42920228
43282412 48007966
65435918 29834448
27640498 72156554
30916226 27483821
10264919 80987688
69573368 78636812
85325012 28860610
70051049 45703479
52229981 37577064
74168042 78114502
81562687 29249929
71745799 49074345
78022879 63244239
73781184 23972875
41118875 85750247
25923223 32660386
19770834 12407705
3464924 78045221
60897044 14358102
28597176 99985825
9723130 79298314
86865894 71995743
3300742 58650684
72847717 50790858
28588432 57447650
67400990 50505327
78061086 73202821
91000218 17868339
13256865 46020926
2771606 64328281
51491212 60632543
9698118 539752
12286643 35072818
64130532 16094651
86480110 89204348
7371593 57790129
59158186 79612074
8137983 42172853
78118084 24730835
424088 2927291
47970783 11835358
41409218 10577325
81192844 35882500
61700750 3363714
9520988 68791508
89856429 31207698
24031446 43049384
85291595 11933547
83117088 39616091
22340557 55904131
57889626 30024085
58629730 93003246
20771012 80612290
79852950 97446278
60491715 83192871
37017386 8868360
92326047 47576467
10466248 46042163
79512067 86219204
42119156 16205309
96415868 64710905
34850439 32753588
93993741 44175371
71805263 19721457
34610282 83231780
2512097 34956008
68496844 63558124
9906457 52269925
47213408 20547634
20008423 62794323
46835880 41913152
72992861 82023494
4944208 8615974
95370523 97906824
1809862 58937629
88911379 88669649
23221200 42591365
75923891 37713372
71625946 1615721
79507041 48981205
76764291 12513523
93900074 47769570
98091785 51500237
90082415 62834501
99657691 99796072
56067374 77978087
19858177 24015455
85600768 52669079
1898768 20512775
68029256 60013843
97252788 62749716
71269090 34518370
30030886 81027444
43001800 35543335
56608091 90007318
95518658 50115313
84115785 16342272
99175191 66333325
96942030 44026030
51708131 14404229
36979999 23080199
91655391 37258686
95409344 65500881
35059136 85965818
15777910 65278037
92402711 86672615
31980022 21559670
50154725 63624661
38175376 82270814
45482718 48561965
23199250 26459699
65937925 19020980
31798711 14556360
5335948 83348495
92195876 34145693
52958616 2365585
64928056 12824471
7709518 71493826
79002121 53311780
14373249 59607206
89076783 23301504
680680 54268516
12915537 75200976
39446118 97761905
50254113 72215644
7210404 15182687
12005149 41156143
63769518 20553020
12496485 66570118
37594741 36006055
40919601 44975866
83884791 52525692
28712066 17136502
74935313 27886988
77003339 73350501
3311969 32092715
65193014 56955927
86079483 56716647
65431264 15334189
53658195 57646838
74857941 93983420
41708630 39337680
26166011 45443753
16877938 49514368
60871124 93958637
5346950 69224998
15889276 47279825
63486049 30860853
74335000 90603868
17540427 83198268
8661907 5460461
6354477 225508
13082237 50626134
67717227 45755226
33652594 40141164
85366689 17236218
76663213 92287286
15758771 31320994
17407425 75460164
35281037 92181236
22984072 48491044
62444992 32664707
49620596 22783559
91950276 87910845
46031661 95972253
98997160 27249079
4277781 16795076
79390090 76617700
6237081 18701600
83732511 70893710
76482780 50477381
88237108 23663548
92664861 75810190
29423608 52591683
3200796 35208369
40776106 55674810
45087293 14194683
17203823 32838899
12152844 21514926
60341291 16887968
11383191 18438594
10031025 48120607
90625958 96094272
50817953 79628224
97882964 62120278
32935677 25690273
48027950 25092957
53468401 65483529
8973232 33042656
12886950 45012703
78976329 30172436
64511909 69498315
9226982 95098290
7639793 99674687
53779774 72656183
7783320 10195743
43959052 836837
25127451 3003608
25015782 83427052
33817478 47569195
22149603 53116733
3483134 81277215
16920514 15704115
32000168 23806962
88345731 78398557
19517973 32479754
30304992 10691110
93723377 21577942
15422120 61621877
70793674 64586549
14735905 16095431
66691774 27223184
12540081 86843975
59705977 31395661
23053975 39345377
48695258 42983697
60734400 15475373
81380179 83194271
91687591 27271089
72581908 46249035
59637676 31911307
97929453 15708549
13088528 57884012
82181833 38517401
25125080 67338458
37176583 28726471
37120257 71032120
76234795 38999075
62898317 90854149
35031530 86783938
39887726 8142549
18843525 86437159
583656 51400293
24415932 6353244
98114714 68972100
99838240 49595029
26904215 36702105
29915655 21071826
14151086 93606917
83419406 48695959
58229465 69704827
64286884 44563399
97333651 6730396
37109710 59018681
46970650 73151882
74404640 66462156
41729272 96342843
10586693 19951041
83329627 37942307
22868367 14367873
1715140 88039851
74238564 59067492
4104857 25795502
70512536 38262802
76437905 56719083
87033561 73827152
31897130 31087624
98091283 79729663
78433496 86496535
82612575 69034153
56228478 41486929
22595046 27667688
66881199 93786618
66821882 40425588
75191984 87446830
19837830 77064172
81653221 48096843
80154284 79943149
50949411 74071814
30193212 82835598
50210283 62387166
55878865 72737287
84017338 6986448
57847652 68490756
66298541 79136950
13221386 70324570
23107196 76722011
66663882 43462187
50009948 53754000
87078421 74609781
13283315 42865179
67011590 99988657
53873705 44633244
97688326 43666788
19463922 58918611
58483747 91963534
98297694 12460080
41552571 1670401
94356584 80127084
52899567 6799040
55985427 61786639
88370084 91126150
72534277 29495680
81534335 3212335
42749048 83531155
8407885 14158269
19883138 85673796
40048250 23411353
56786417 27894078
18455013 76793395
62936212 53781364
43057899 92946929
38326711 19508646
20009212 86260663
98558281 40187695
40093911 39218980
41446661 2107412
32218078 40128424
60630602 67305933
17580600 27347912
62963467 57791811
26177383 68406174
54562360 63671072
3438883 20217791
41149864 79494659
2779279 24116435
755812 32941541
4731280 81832688
26261151 33581202
74474786 20568385
38490721 42450660
26261904 83025345
79198162 56250011
75939347 92846355
45442008 54025643
36926746 86052363
41490033 25666640
34282762 4070069
51403739 20491180
8495971 54685434
13992420 86989015
22639736 62012085
35829430 26854516
80184785 71836100
27660225 43714206
51774359 21340658
62052982 35790899
90461716 16492902
40118783 11496296
90293813 85347101
45344850 51827827
87915771 825815
74688596 61868479
90341909 25852896
93979154 94453424
19626051 82314152
99648995 27075361
90653888 11585863
62835337 52053990
91173690 71841
55372076 56957381
64372848 99515014
17136603 93667974
83716706 2963617
15084814 6001980
82781808 58393942
23363824 57121178
53206545 54038410
50811315 64537734
44971591 60420979
39502159 52388860
24918153 16892584
23540433 49902177
8695772 363421
11154491 96160029
43885947 5256428
87487735 65392314
33037620 55694556
75683583 24020839
37866679 94454201
25710615 83247756
87436223 38125710
36433652 37849871
38762966 42783119
83846801 36694384
25023530 95321189
86731422 62098870
61801629 66456053
71418845 31049047
92240151 21071386
11375895 55744221
26014657 39475227
23997113 90328904
8008901 24777146
64369535 65063967
93664706 43703984
37457833 26557428
12044269 67148205
10568068 21468370
46049137 12168368
56048146 30187278
90163265 86819087
42330035 7583533
70759214 90766892
60941782 19650482
30752072 50051981
97766249 61918931
18706805 77329704
58347157 42817968
91575024 12902210
79566559 53267222
10289139 55236411
71962274 32172285
10795309 26623614
84801302 40246196
10322885 60215165
98885207 53273418
5797110 92667084
55873901 78988621
47092659 32497452
18663919 77225291
20922074 76103050
4448768 32054508
66752954 86775322
96229840 52550571
56791295 2256190
28259203 40796671
60504468 98735237
52006580 25798561
71285636 31411765
89181329 3267202
94928736 83359462
36925960 8508131
63849149 19892867
27097761 3539833
84964440 38450509
74217038 56497870
70109373 59602369
36639897 57262190
45256637 14030043
95039456 49326361
77621185 51189262
24311776 87201172
41056569 64057033
35063092 50887220
35286060 64439708
93882408 8560470
61765184 56949593
73293749 78399842
28363312 35923018
74784893 19558810
5341768 16479859
6399584 34822770
52132586 30326585
30230940 1654247
10512188 65104365
29552005 94291984
72939138 409381
70618981 11842178
5122217 88260441
17441686 79104694
15213205 35356502
74299049 67117062
35657467 62521135
52345396 22654583
3822312 98745548
55125861 36589714
8352950 30807270
75924355 60608482
42243992 427680
37036100 87997283
9066609 30172769
45573061 4433466
6340860 82948775
46304360 65923426
32243097 12229015
19220799 66064210
43830066 80683417
29497743 81114568
83820377 91709617
64616256 77364189
77911178 42877846
59208170 68447829
57065805 14126687
48649449 7286456
57692976 6205948
35290438 3443249
9299443 47022495
24537113 53983343
41471539 50832364
45922756 11425219
14273189 16815161
37247552 40812285
7630884 65669153
27010796 42665941
54611515 10482617
77872304 98000301
38845838 28576028
32179763 34375830
76167552 94256190
96921488 89975406
32507002 16272591
99059041 96085024
71252246 791260
64153303 82721224
1823111 94220208
31582582 17349194
26318964 6704063
68826203 76970905
11552192 76354082
27167060 77172293
21346334 36035897
35862323 66683761
65389189 75861747
34579231 7028723
92492409 6935784
99695622 86198022
69538715 87075651
39162249 1759727
99916955 93474921
48098968 64750068
4850567 30808516
61798236 88797380
68713803 75629967
64597836 42781725
20576237 94619753
29495605 11985486
41144236 65391568
12377957 48705484
53677867 79275146
85169931 4608737
95512534 7034338
42476973 63047537
54738716 49816398
17895310 27511716
48313437 70859835
73391537 72203439
56285525 56607579
27892365 61698146
73781235 15158934
77879265 16411016
21546419 94407276
40055141 89729623
71352298 11060680
71505154 96129472
85006048 32974362
80662209 86055540
23032886 37768957
21612980 52746948
64392691 70226216
79626603 76873944
87943786 71010951
60536500 80964483
3851923 10364389
39655215 90131609
72155321 27394965
80201289 609255
82760379 130430
56855642 7649284
62905146 5980396
13964729 3222528
8791087 41839766
37221748 53441144
25830735 70559032
23179603 64081299
64533290 50112897
9624747 13255019
76090667 48497506
4314186 43929298
36208811 17755002
20041944 21147942
91401755 50899985
79598614 78452181
92623473 30522294
44227065 50743333
73651430 93489173
4743419 18379052
60390997 28419862
25996620 75340893
80713884 22236773
67745442 87059141
33519428 83186456
11008488 79898631
81403548 6067917
75829764 86724872
64920263 80715496
83628609 3169613
6480183 84898242
46206889 84762225
34474568 24257883
84506095 25393353
38132249 78006248
72079617 96613846
82251353 26160354
644443 98859731
76171615 5399578
34052680 87138184
26717353 73200001
28817385 73784218
23798726 40610556
8309813 71393660
90076689 79146812
92475726 87732601
85604606 55576590
4495284 43485965
86825633 90894210
61570012 68023133
75265468 64495247
28990890 64158933
36852986 3274721
34762299 90348681
6165792 48530635
11130170 77635764
4379587 54918788
84341718 37497058
6790719 12523530
70858585 74522308
27333398 2828140
29440292 62987220
70917806 55709357
87264101 88787448
98331090 30361665
2686048 47621767
77563057 33193899
93140194 39969763
84807766 51408388
77912456 21832113
84658567 70610948
48503971 18209003
87164132 59767828
38633564 61371902
11013244 42630051
33580413 65336466
20127928 5560218
43122241 58213806
14052935 56573323
19540681 61569580
75192349 68101176
98324354 90720014
15555339 36069311
9390184 53433226
28805381 47522628
87228462 34484613
10246450 28831119
1433280 92192493
44463425 47653368
23956898 57704811
78373507 10543478
80802403 39144765
75889311 75872776
44176074 78229824
97698803 1832918
84751745 46499730
91989132 25384708
47500068 14852044
68531186 25846871
61896251 44567085
88889921 82698126
756873 10607750
48882293 65786150
12632299 5913930
50438869 76905550
26048292 65726707
69117781 44615878
12061050 22328521
47091939 18144541
40381881 81794435
27320762 41919176
84484904 84794269
92581119 80582130
16037788 2228145
5785138 6178669
14004039 1123670
72925154 83128416
7998751 72159025
88939965 55738664
95391191 11880974
32096308 21678279
67348611 339810
57238868 12394196
36507120 15998987
65869060 76808062
28177676 49943653
8303758 27658537
71613154 16515896
77380676 67931477
58769557 17552459
9717636 51744096
80108326 59237232
47353888 52648793
62477289 89847975
72903517 21237872
21057225 16836652
8355324 36141552
28184443 89586660
8269776 61949930
11257515 83848557
40368179 21543884
95920460 41517071
25715215 37849705
50635758 44416174
75194090 22074920
37097949 66081827
68007653 94762120
68427942 24315832
76529748 73200199
59910162 60187827
98534399 5544718
31990881 96430292
97468867 87719549
82067684 67542338
14191030 73123128
87476686 82884232
13995246 18842353
96214934 55734710
32103777 96891322
76402069 30120332
75179545 55036694
69593451 97834499
58142226 73953073
1638503 82526661
61190683 54786244
61289778 78521373
98900507 20627284
59170601 54647183
43741549 78707192
69394119 97741603
21790856 32383454
9322107 62976261
2151821 58556305
64505232 34174441
88933667 58594517
69357158 27926503
79898342 86570764
26874309 71810399
72427789 42526202
35367134 82994874
22653219 3767680
81153783 18440111
68118547 47670848
42259623 59829189
92612719 19693684
3010790 6820544
19557339 96215591
74020171 13272533
8006549 57350890
9246681 81878567
83144148 78282641
64381224 79043381
57361954 59618478
52306201 8287186
92781854 49583944
9162561 20763072
99999788 66797817
30586553 85513309
49843348 82275888
77487127 23391622
5153154 20655551
38165170 27836199
15368177 87033450
79345414 77986493
83116401 82702498
89636053 61362696
75847024 37007890
50928631 71187135
59973727 61777840
42958086 40522386
41339834 41294334
17964265 73384649
65299011 12002834
47006706 91034038
75837332 15209986
52367818 28579240
62051265 99065558
54552764 38942235
18321642 14584101
83101990 35345991
10752843 97862686
32131241 32351799
40582424 6382003
32752115 99697341
25699088 37403501
59185722 88049742
53513088 92066872
42636866 78931249
94999291 38306772
4501017 87156846
62364282 73882736
94642086 25981375
89982126 98407922
32365700 91185579
56291044 88234458
67878175 34622867
45490539 18106121
40108399 43060356
84943061 50917214
50463019 80406287
45756495 79750391
83333205 83760334
77531632 89785343
21342000 59193000
95940586 65213856
24734351 99020175
86617754 61843986
44135435 66111752
69559898 73815432
35616410 57989324
65180961 97125263
9226161 21284935
51623781 67934693
50180275 22805709
16946361 26856081
76656339 27024872
92873127 51373148
64061703 20633052
27153852 51517912
22088229 93169070
32847894 56217016
35840348 55000714
96124599 76741794
29209472 72120837
39440724 30490722
58597283 2522443
54569567 19032077
19652781 95586613
99529516 64387566
35619071 83179116
83283632 65184619
53723812 28005106
82714562 28269648
59403692 57486366
84260657 52748119
81934734 48388992
12015284 12175518
56865284 85099072
48681166 11924205
37672026 24234232
65172085 35391074
24868069 66054984
60561468 74144506
31491841 7895215
12205784 24263960
21164327 75530463
68711011 1970083
91860867 56752912
27227785 56375751
51614861 8102118
76480576 57853298
69192579 60349628
9406778 44954650
72007552 64002965
90647640 84628637
95034352 36209410
62801968 84883295
15542034 45086055
84151080 37086168
65125965 52770492
83970666 58153597
12411571 79076382
47406666 14132142
31127689 60792037
46615575 94329624
41476038 76273292
92115016 77022035
59618405 14543468
56336653 53223203
62862411 63025035
9832755 25937910
40738999 91683692
40207877 88727842
30358882 27470462
84516089 19951549
32842307 22513036
48302487 46965980
96547131 66930146
16412189 31717805
51848368 29673683
23357512 82201063
53282 44552023
67300523 53086793
28918192 85534913
61726582 12060003
25678462 83452559
63210177 47045721
44820193 43187822
33996914 97626288
2929732 85916589
79313196 97665305
86157049 23233256
57434280 7092505
25532633 96209229
62437467 2639100
37150702 1784782
10195379 58394427
35420923 99573974
95852902 19275487
54005336 42914249
10838324 8219689
7981664 45504437
60514859 79632755
60743308 7746006
5524758 6242630
98227207 90176738
67121145 41828973
87944620 91586172
99773948 62014920
10373897 10735522
37207357 60974376
31965938 8754656
43982250 55208743
16092535 16024656
47642323 78689124
25863893 69421345
1610312 87972350
11707600 77322637
16333520 94156238
35169675 97163867
92012999 17391512
609231 48868611
96147736 31532943
63213138 63455561
50365852 63653084
76487407 4483692
79311163 95956475
72807260 69401462
86348777 6186288
14161101 75628059
63801194 67772605
3539914 94489936
13175007 25982903
44590750 60869174
97200618 93394695
76608060 74962597
26921826 54081778
63093379 96729689
32543843 86419275
42724086 30552696
11713393 48236758
65689582 21735038
77174512 6953776
45252001 81069201
8822654 54637519
24075689 77891831
92032158 33965120
54806904 46380590
95650747 20325095
97799455 71997059
86832885 63170175
71868092 73434866
94871739 39049734
37543628 76780209
55568362 54633172
12654182 73118793
14134139 43724228
83739318 91842462
59613334 14865550
76757969 69833953
94864357 65173999
98457693 3411330
8151643 84662260
44483617 14129798
76247067 19165400
21929037 63808088
45826121 26787662
38054427 80388936
23592508 17830912
64131019 80997797
26143901 98734300
50059463 43430404
23153988 60534215
37629176 97455545
27406706 39193662
57810051 96718493
10571771 52452404
44091558 39247419
28584698 83458224
1524594 38691325
62690293 85672495
9798136 8604177
1305900 10594847
95317887 77045264
72379548 54930428
83070566 12853878
34282005 24756136
71885896 66986697
15068228 45801787
95444267 96449496
95954095 45885576
80131110 18609470
29354704 69395559
35371648 56299834
89545778 23698360
31694748 88453780
88263556 69892610
77702645 50735879
75616395 20786146
65315398 42632019
71842082 51170159
22713562 12771022
51845030 80423184
28366953 10918531
47506582 26235469
32560253 16624823
91364986 41790384
84336524 96837054
2299719 98508283
27017523 54936616
22091966 72373350
4894521 826193
13406501 35059874
58433715 41848796
18938135 82880023
62348775 97990030
30759293 44220414
55215192 15216556
52479642 47025777
83958485 19183974
73349485 40026888
81772990 29228103
573694 36983848
53162533 37562660
51502653 49332278
96564727 15984267
29189587 79278713
86694130 81177246
69558267 43417251
82388639 95818635
33789748 57446549
9851446 90345909
25077307 19731054
82978559 48660169
37142126 10803033
43998852 8007041
54412542 88003692
79556257 87695775
48118245 87136824
65292331 43061410
52635207 44454292
93074586 55742229
12090831 48491998
512829 27064020
84876932 75914098
48093326 10692121
68488845 43482484
47118532 12451599
53204487 94272993
78123405 57800670
21841807 69536286
78464163 16792091
13866208 67592759
78703527 58749843
10107472 75255854
69379777 93196094
63321191 79090630
44386887 25632710
71861202 79695396
18313428 52902561
3032029 10451463
84689393 93964337
99395719 79564667
75822557 70882345
24539174 90350682
54918811 5833540
46779065 58285055
66397573 37305386
74786508 39617662
97150635 89209445
51200297 49437102
21463655 18296160
96434983 47963476
67240408 45934653
10184170 67895207
21475427 40771710
91938784 96564100
18699469 33576595
78732104 6184991
74952354 99095416
96883229 66275304
80286447 46678059
93851568 43471394
46469449 98887615
47539986 39035877
81426691 11495325
41223354 60932135
82573597 70057753
18777006 4565805
52605764 90371441
99537287 13618651
15731195 63604337
78707759 71452332
16489173 66469048
81752012 49028999
78416062 24734896
91355356 76509175
17709990 18654363
30429045 30465001
73164944 56924199
58515974 85239848
70040282 17674147
39415430 61738111
50228980 49535780
48029414 65939219
39767898 6525318
77495060 79553383
89936783 53304681
11915037 53069277
92707975 97386500
72084096 31386945
74925962 26835532
29210281 18676896
1445567 48132376
25036954 55369571
48331105 27830313
94742448 70903717
50577501 80299760
19067900 88303499
91878515 95936596
51217930 58224311
43475655 26475400
20694337 13837331
94657440 47690038
40216919 53479853
96882900 35897436
72993633 92109102
47246364 12734664
56133691 27240628
4097533 84980572
82344072 9309813
84618197 62276076
35864844 91468848
7980636 30014446
21446974 42847296
3473105 80459450
92737612 3711814
89468707 92349564
70325367 55961550
60926487 8816127
73863306 48086719
99161290 75053588
37285243 53082725
64000339 63298609
50657127 33324809
46265643 68835519
11252258 17112821
49306422 88972705
19639932 43506938
7096391 89715100
85158809 31556996
11234925 55407916
93545646 31962748
91248204 42034601
29304227 29232401
43700465 63093234
23620846 72809094
25244856 91057721
93091408 24698372
65136491 42971443
60464805 75166448
73084570 56118901
5710403 96850983
14452046 24050994
18685651 22236199
72393308 28460784
17774725 35014226
40812505 81741085
64728260 48481499
89365228 78387416
91551597 38496752
82274476 3243469
62238262 67561587
51251008 64821950
4443446 31029830
91237582 94724197
52204548 88549550
42993351 70598005
30664566 87247858
75101965 80193182
62460781 16460554
76452187 82404343
3129923 17938890
12072861 39909727
93573454 32845424
14164834 78288590
29673117 60781720
36738971 32140815
20881421 74689884
34856359 15042833
36136618 38064240
85101016 69826065
20755596 55274431
55865042 92870098
40284058 71369152
74663113 59223372
36541314 55943101
62286113 65781
60706171 42489174
23108407 24142351
83368055 38151376
34582618 50487112
25782604 17199811
70704704 12326784
39558161 68869432
62139241 36284274
97329696 59530385
41448482 20426795
82539783 16307856
83347973 99625105
3806896 32589303
58209236 96084465
64675273 41168511
99383386 68433197
53362612 60118883
69589119 73920137
91603086 86991817
53113355 42502315
48932660 22348664
59647127 32596256
27752048 18462834
59206293 77075326
10410292 24952041
45010981 83741794
75823950 14210595
60152545 91679778
60935688 57345099
60485542 9834595
66066211 67680411
9371426 54379381
56216611 92903470
5741624 18979956
72342820 78027287
3620990 95745688
75787282 6568780
61719337 72986267
82589208 59040134
27134926 83442739
71995247 1201656
64695474 85395302
56946779 20672617
75267613 44684784
22761294 5222071
44670658 56011564
6039281 77568924
25593398 10808646
67515811 13609374
25649077 66841443
83349313 25868301
6320887 59358722
70489464 17523570
71879018 55602603
28552522 59973236
91651546 74260264
83659398 41590535
11605769 17510433
75370756 11785050
3881347 30937720
77848625 106907
42335701 26255874
38037900 81718748
9559319 40556006
78679519 89743414
27571502 21943098
25286051 56699912
60851164 79201888
85473383 1445647
6816835 92891330
27886796 84198606
84475132 51281271
76593229 52463594
67147657 47583269
35991580 74518724
9141437 18859821
79421316 14318228
52157011 46451382
32508057 45681605
25384823 346377
83692706 96856700
96800147 6881837
65898102 20176135
12181576 86964760
33277009 49700514
93289673 14346975
35581273 59734572
93662699 64712670
6746830 52367043
48605362 49627815
85143731 72072411
6137020 10065171
60624994 58984144
97401583 95268575
32393484 19010033
44896027 57559527
2416170 61059831
24541700 86191950
53333443 94008526
45391113 23839684
38637700 22714750
99597364 37038684
30541460 69282536
35977015 72470221
11053183 4576080
81675254 80265071
2089386 9421925
32997936 360509
14192806 26211430
15296402 85756571
10227083 33590916
55855075 65747968
25942905 96958757
7719180 64813527
38782156 43305080
65647119 10596442
31538403 37797725
28882294 28571815
63886697 18228643
94719960 30482087
58288658 27096970
84354726 30415219
83509369 28460075
45442013 49663683
40749180 2959842
41500836 19672925
81252231 65266544
84385772 36117554
99141371 53338470
84015826 94308870
10929769 36490496
6539411 10672706
93772099 86211639
34282729 31568782
56261556 50638454
57943195 16961839
3371274 33127303
73660466 60703082
53306058 59889953
45270443 18726175
50004412 56009905
98985541 64353784
34291467 72979214
78636688 80407353
42255189 15696117
679062 92872479
39983626 79449003
13990963 554482
26544331 16753792
70361324 75444848
64235893 8406246
46184506 42389054
66759047 8176469
69544505 22332225
97323499 84265667
49705088 41726732
83464343 41859237
45367196 61718430
99206804 47744858
70076254 698141
89528902 13651295
10803747 25599804
52830075 23631882
78181578 87981909
11209197 37585313
33428021 22772596
75278297 53957577
45967783 32401493
95378765 52242097
80677849 9814227
75281119 54430611
40715804 16746
66569115 39790444
18718837 67432872
68377192 57675724
43842030 88340821
16106336 84706571
5954026 25829868
71464474 96782508
52421878 74153876
77500408 48857702
3335688 91682137
22963607 91207499
13838557 82597131
25579115 21947884
18348697 1005277
68907367 48767883
22103603 47653943
52462198 42009446
54498908 98610616
11247959 40867406
67299148 8051968
8714624 28414721
85065556 96877693
90942374 65474354
61191345 18378530
70759096 45343176
87361999 90988005
14391432 74890342
73683674 66141958
7475575 71011432
46764143 57715656
95439535 30266403
38220553 71463510
5565589 65090837
29551557 13029426
67067669 86467033
25570465 88953286
52899270 96449241
98534506 57982894
3282515 44028419
76546209 40521779
73116287 65176090
36060101 19423759
51684513 67701263
62322377 46577580
99621067 32028185
20658408 44866856
97458784 10335546
68580286 83313294
37678603 66885601
8071069 48848120
72759573 80349118
58155511 69280337
20164245 50887551
31768036 71998270
163262 92372863
14697085 54661206
32350068 9620053
32354778 97024832
502888 30492232
34279850 34591535
65651535 19335751
25551611 55626447
707499 45862949
28004789 63120658
40958529 48099059
14780051 14896644
18942766 77032290
39562322 3383882
29674934 48947760
88175002 2192333
39580172 3857355
52087915 3532510
91854959 49010241
29704988 27155834
16267935 83770411
86539308 55701909
2320428 83130265
12863860 52043958
66813145 14226355
98116184 56160572
24874911 25122002
12204573 66074208
83204347 19669720
37781545 10176411
98918958 35508111
45756165 1264985
22998142 16128930
90464430 52337179
92546619 67698500
78507032 40523255
62311117 31275982
21956110 92292751
38187072 60906979
51409271 96400875
37439185 30171713
55994235 98359254
11175651 93231509
13479943 38359902
29191495 70641285
18142789 33365975
3578452 60973130
73229406 36705207
16945954 52101712
82376516 99856168
42497489 98955664
70138853 79484089
73109296 67858412
20886797 35219167
11550120 3326928
34495760 35343636
48843397 34576536
85569810 85385870
60793215 58329236
55457718 61996574
29684923 15256267
54772521 15292581
56460663 76332714
27568 94298612
27129266 71587193
80951162 34372576
18865429 10117290
44270888 89211111
81549466 78857259
49265371 76145330
20132111 26324657
15469013 53705973
98928395 22459463
79973016 40259322
11499178 12620149
22131911 54016643
32866054 83398665
26192437 98912472
31532935 27734158
51542457 12906456
80401496 19018734
51624213 10087543
8686384 85675537
78489776 64546178
22031492 41842798
97320721 32512206
7352949 89078743
10588047 14928510
63329095 24844417
30722054 34682658
23350277 24351105
49296739 92376685
71763634 99547688
58532902 62296630
10709395 12774652
58304431 41295389
17679618 23014488
29080944 86759641
63444004 10445376
3297926 22527294
59036878 88731496
16471010 91296270
17030739 44080433
51998588 29679132
72405354 89411183
56889315 31058619
32013532 19355457
26261309 36579519
27837875 59004173
95643194 65373457
39900811 98222493
1324814 74294546
79918610 46981793
30491946 2739378
81617196 66045657
22637551 48324893
30295199 31025036
99933801 78324699
97182323 53705605
77685933 5203969
6584507 95562253
92913437 70097389
54563219 93996277
13993409 12093070
95894850 84370264
39403534 46856828
76110169 15265378
12372155 65645852
67833169 3613297
62993261 41357445
49712750 55889298
9742099 72762023
84888013 21642239
23075187 87336420
61726172 74284788
59950271 58403035
35397445 66510355
86543200 13897385
32160491 98255767
94632190 33352303
70059085 42907121
68219240 70222857
35142209 36934570
53409393 71860389
13337819 67427558
67489996 95624210
88744761 15470247
22839889 27483450
19232163 4103728
25446799 41551257
14161092 81346896
94447173 38874831
48722891 78445146
43183443 71455240
77660231 16205645
27160957 19685278
29140969 93714325
82164341 16073854
75366471 55476746
20205322 46530511
2533674 12299879
81219931 67030229
10218362 43168253
21238192 75773183
85113180 10243370
37945368 62775980
7923838 8605403
17514925 70771663
68865013 71135550
82474088 64056687
92811260 3691476
88637173 22629674
95468452 83416081
75954967 34334760
46455778 58965488
26563144 75327164
50441847 74232176
28581601 62012329
43643707 67079130
63999319 65963619
92058380 25436744
42856633 65819109
67598219 50813431
34207045 57364233
88082693 155551
34192636 18073508
98455596 11558784
35556952 85787234
39167657 27267900
8764457 4764940
16322191 65507075
34145775 9205307
41249213 31885212
89356241 59003496
84453653 74922921
97328494 51887570
49856043 58683272
18899719 39311185
20280147 55217820
31533227 99476438
30306842 10047007
41647517 31934819
33260789 36779882
98691610 97344052
53843249 97667296
19858300 57050998
46810261 35517226
56905096 24350712
81087762 40303037
3626697 91564636
41101632 5834206
72681193 55495820
7410602 59406419
56008308 15546897
29828590 64212705
97289970 20314174
13786630 40852702
45264702 50567115
65111415 79880106
44807081 49994785
81978947 33496174
60691930 14957448
88609397 37095314
10078946 99928546
6549192 48274886
48588356 68260877
43340118 30152747
91997402 28923867
13497275 6721993
16277215 83068223
6981650 98989998
73468914 52612
48402345 40239320
97320695 69553212
36299363 47464885
10118102 60753735
23697345 75838983
65112035 87090278
68374823 69617584
65887187 79212027
9278297 66574256
87256253 50822695
46941103 94418887
22089771 41205573
40969754 26350590
89652534 21338677
44270801 77836185
93284928 51196441
29255787 5395425
19763093 81883237
41644089 6873018
98572106 40977989
61643664 54390504
22438632 86948043
3121544 41648608
20807446 57396609
27675884 45550856
97870737 47330899
96045214 14955884
14578298 89208362
64629453 2596487
3271728 59843757
71141310 64633688
68452343 59650076
35673435 38845336
62979199 16227260
13268951 89747263
83165863 90751475
30136116 58392866
97608805 30546124
24386630 23021804
94573203 18334478
37004765 81609
80678876 86921857
23918414 73393452
7307433 64690313
64855137 30639165
23073506 67717
35520342 10646841
41927997 80430830
84541372 55256604
57818606 30753662
59562925 31808549
28513357 4299085
80108377 28476411
44802798 52334798
27162642 26351869
88135458 73541139
97486910 83332072
99070082 90477878
65046233 64563731
88060458 80020037
71904570 37795591
29156743 47044992
4010980 52159415
25749645 35618208
30244055 88134495
91998018 93153078
47932432 67790096
69031065 89354934
40530236 15183765
66925632 84206650
66371699 7556025
37062389 26799997
66393996 43069670
45848482 28778608
92341353 14357656
82397460 49737361
54199907 6481342
24563725 43807614
54924775 75308783
47831497 57818447
89109587 60247303
60825064 40403275
21366344 14851903
41891873 31611795
64622304 42711118
48673739 24131220
17069129 39503256
95876709 90881333
72630775 15242913
71801403 98040566
11125014 38917367
44322857 64760746
96044547 46427621
9742297 42114715
60726714 40241081
66856760 64212581
31705690 85263839
6476978 24561796
50884072 65194023
7738626 83188846
83901760 39468755
31047245 36465352
48377653 32841851
11818266 94871782
77961304 90255594
19250323 70202467
65856582 41324839
97169194 55563841
18271299 75612131
82049046 18434934
15634661 39185718
55870126 13913712
44164858 60901363
41752126 84069689
56060001 22322198
90806091 2534963
16570557 5035734
61151451 38752598
60073941 57319602
70598805 56580877
96206572 60913072
63469217 68479506
98290288 28292703
56111503 42131889
36542532 23617421
61317169 21974862
81052108 4592160
29432346 28996269
69076156 82465958
93341907 23831406
30230581 8520645
45289586 33511524
75392670 38239995
12321339 5673418
12015389 18696377
39229812 51599439
86137405 29778553
55672881 24845494
65486665 74711315
37953583 78184128
80608448 70112656
42355325 41503380
64124119 59862202
74320933 56955574
69518220 1728549
85262895 3509439
5464666 57622173
9840136 95754464
3609157 5058031
42725834 18101120
5930128 843022
20774372 73746266
8774374 79255472
26442339 47412386
13205436 71579189
88800814 62129332
96143766 6874239
67161800 71575758
48114517 37568522
35713361 49395326
99692706 36230150
85845726 85575670
57798847 539431
98211200 71441097
14390395 26094669
17652066 42122637
66636226 56331856
46547030 17414720
87491239 46231654
4218256 76741131
95981117 95690125
6293234 62642628
12247099 11938451
27535893 15905608
57213136 82091886
52706513 47547192
7374762 4371252
77421618 39055528
98703854 64600589
27393525 17133409
35954224 42374933
1074393 61127100
39074082 80821587
81851219 1531398
27569781 22142444
98101174 49926883
75617885 97517913
77934034 9049919
99332340 1258406
51099925 13084621
14240752 36494666
76777435 77026445
46364917 81653035
30168296 97613994
50873580 28531280
12877498 94421298
96959126 47327668
30422237 12667105
42678196 76987610
29599940 84015737
72178852 64021906
25173903 84735576
61881687 3218760
63588135 98623155
16570779 26653907
17579172 14853223
60468973 37097564
92717111 58845340
86949569 39675137
91256395 71704081
58096496 65841250
8203744 7989449
6100994 99466624
471449 43336785
63070626 35697526
89575652 2630680
85559172 13944330
60144783 21845180
8180735 52167831
57205506 73565349
79803259 34581331
28235063 20350009
28683405 37694090
14587128 70706113
16261859 58109591
18222621 32097774
7530991 25345104
42254884 68501845
82284111 52452417
75446991 28774797
42158128 6010498
28633481 39968774
10789899 92663164
68614402 98712987
43521801 63528081
32096669 9384744
64798649 38951839
69856301 68034626
66596293 86970586
59695809 1815875
39533529 76991442
68660767 92001374
31990484 92101446
74136983 40960045
21990090 43342548
79517727 90687743
92447954 43653410
48422408 30216414
84534087 48274991
57469058 92509011
42725628 40649933
34100975 16112998
68170484 72394220
43402395 30088100
90124567 3209256
20269006 53761530
32916811 34912710
54381120 83744497
3442523 96170256
17717443 3026876
44140265 62599304
82579736 32636241
51032912 91008455
97863133 604223
81456593 74029829
66454490 52001108
61410550 53744342
97083577 20178929
61690578 71279706
74636118 18230914
89860633 84659571
73728299 56025413
2707941 43978390
41835901 60287258
14268128 87566672
13005085 53706580
26134375 30928838
36863863 37043142
56618523 83801221
3257092 1076609
75080072 56233131
55934406 64266635
72687043 99580426
36147911 81334865
36131473 19226901
47203275 32563275
38503413 90464497
54004800 63418528
47306294 40367567
26007430 82519080
93169129 75945984
14911420 2780902
45986811 42077804
7690344 80715357
84349093 28220143
56031791 57602826
83440756 84999753
52803723 69959453
90253657 71963341
54829854 62588676
12507381 57634823
5815551 66501630
45167260 38837460
13829847 49851047
48913661 59470995
72083352 6215032
43169678 32351720
74223401 40377117
48593877 56190502
58753915 62497856
6667673 90174860
15371604 26715238
91069865 40590537
39316907 10525376
70750720 76428444
32912035 44221492
44298929 17427812
13776558 61571058
48723530 293195
76906722 26196144
65925186 1283775
81512447 79418904
75194029 42379192
15941946 59698402
76968502 36155449
84717202 93968266
90778408 64315317
90056641 92092048
43736885 6951156
88758718 34584621
53543712 67281096
85393969 84978130
63757766 28743490
53663129 38526408
78685748 10342296
55258802 53635487
86495808 26635126
62032971 97995970
60009350 27849468
4656827 91964463
64724940 37201692
22833640 8811186
28717653 83764000
52054876 9783439
99296265 61130153
43534482 64621449
22508531 10896342
20191275 97004271
67003798 37624025
91654701 34304039
19207787 35050327
79976009 40869332
93330830 46421395
95374951 97051094
36743932 45942407
83930079 95510248
13551887 49773671
26020725 89718007
34839649 73248936
65488137 11891763
62426837 38181941
63330941 17696797
41677999 50261034
67849313 2308773
16512355 77656959
11784771 57358268
28537950 58965187
13641143 57196980
65144939 21971022
60458532 94294365
58454894 95848257
59368073 6653223
27701329 65923967
15621909 55454905
22486573 51063324
91263167 87103713
31111572 8149476
87330445 40619918
34438190 37012087
22530587 48164052
18408496 57376666
96431711 21217333
23928269 68944220
1737372 83344156
66474049 90621448
219988 10546855
42058702 151353
20398048 48964930
23619415 87218987
54225855 66134724
99942885 20035413
58164170 77756281
538984 78523002
84723251 10282580
94905043 8133605
11898803 9996690
63779784 81961242
28403301 95570804
95371900 35630111
44074961 11479509
39405160 80354204
87211271 68079339
73710121 48747049
11947023 51683091
52586197 47068253
71125911 72565800
558917 90988579
74051067 73788756
21150515 71794701
52054580 69039033
15366888 94919764
37186245 72991131
31761786 16054964
86367426 52248273
31922609 34674768
49298671 64290285
27740951 43136092
56668092 3448965
82603392 60797494
16658653 4167674
41219420 64395141
1671302 81683212
69154772 51342539
58021360 39039520
19307354 90748716
94440709 95714063
27984312 41814589
93536618 99577711
63991626 56087205
31103224 11011392
71478290 23953550
49018219 75781962
91508565 73236168
59006175 18910796
21457292 39799528
268964 38855957
63073846 57774374
28540350 44280670
14746267 89436027
61266971 76184026
33803220 62071416
86590930 69829496
66899899 37218006
2293419 77659692
95311035 39504774
6612393 29252073
28864222 9256827
56877504 7586058
13794149 14109154
76219449 17546532
47617979 99824753
38429760 48729337
88861563 11469214
81048053 76304017
64293094 1798399
60543772 98601874
78737721 90443165
8100280 89930774
11417588 16329425
45453611 12160408
15485263 95452998
83409990 43601991
76769784 2910124
76911795 92605353
27386481 6497335
13237172 28153430
90572890 93239760
96738807 92036409
86845291 1221340
95733276 67511941
44599022 20703957
29146899 26988136
56562556 23759573
11726159 87913991
80317827 38448211
16050609 81357047
56321310 17810961
6506304 13006863
40466355 53794004
97433985 75358731
69852928 25969921
51507780 97569205
76145363 66121450
4159661 29574376
9515322 947152
23997220 88208591
21147599 94057938
91722522 71516966
97631288 96760346
32663083 45074173
78489679 79280463
51476410 36258141
98584190 48633671
46829136 21352251
84940584 47510502
88010664 53399204
82343010 10183809
41119310 47012617
8732493 37914922
9175306 4881715
72390885 41230998
87371149 35817784
71513051 26943748
64789752 27559800
20997819 8219167
79231690 33264481
83900712 44354956
57259830 81683689
85228296 80067460
81601512 25211622
85485570 97506195
52989983 17699440
70267476 27391421
66432042 27331557
59419063 85401813
88306184 15842716
18249978 66799526
4139883 62951685
69331703 86302062
9566199 91298635
55524543 28060900
77110005 97699027
28158675 84185448
39556835 81982966
31436597 19845950
27911895 91529395
25939352 99593380
32786100 32832315
3424156 20813429
34806210 52374989
27643767 84258879
65887084 84056383
73112047 29604181
5356901 10089262
71289655 52617950
55076513 66160481
71983531 93701320
53190578 97471109
11868375 70946999
70697722 73654125
79727817 80105633
66284486 49621887
95919914 14661340
4710746 90535748
3372403 9277075
13152029 68753383
27297182 51369246
26966806 89836284
24456971 37342615
94233911 989674
81510324 82279842
27486907 39436209
24285213 13815176
98179346 10916666
81999595 28449485
46329628 19994982
36602277 92520062
43872804 50213585
13624160 62898570
36132364 86026088
36680604 67138856
81049121 44633323
89660940 56377953
8040378 24796475
80296202 47111266
2707066 66515833
83411462 28410132
93535336 66998605
7240020 23548229
42838138 84148378
11179381 69021917
98667556 70417499
30940925 78632284
58876950 4424101
7115932 53330302
40622926 73641457
52085372 6592787
57780576 91264746
39873180 20842679
99004231 87343251
89419855 11957070
22958813 67928391
11529347 17524386
2503814 95868991
92694430 39146232
20048024 93205382
41146048 81119881
74631871 6666503
33604551 8876023
64955214 81492245
57139484 39151055
87902355 85220876
93642265 51428037
72067484 5266795
51110562 63475358
14129221 6210314
36404567 66502415
52225234 57519259
30738851 671945
87692295 33252213
49568254 80565829
1709291 21019420
20463386 49105702
64993533 86419840
84618413 62530924
95187805 59189140
4310980 90975051
63659113 33516472
64063732 28853247
51234755 27662252
50533102 7066968
73171214 31272688
81540543 15837728
81491216 62778420
70153063 75037658
16308412 39501552
65730735 13720283
5828979 68629470
36901477 44276634
17142870 453399
86516428 56979764
8046739 96231047
32447881 59037484
95952053 57188963
56332920 85406580
43708822 66096137
32728267 60797468
8023317 12142273
62715820 59942354
13588801 28630097
3499637 3244669
27198689 97209658
78178908 82054723
311606 56105544
62368262 86479328
14558059 90502267
81300684 86556629
30983700 68842
26391414 25004710
21491187 33358015
88590920 80128062
42729533 72797088
36662197 35437551
50513728 76446395
89784321 17676596
11523078 41140491
24054767 14787281
83231137 71978601
94542403 39884725
32718702 55063828
48008819 90927754
10306523 70705718
72882646 43203825
46553027 84397845
93467509 94143294
52627182 84357846
88831157 86175499
54142447 55561266
46720723 86768854
67237223 64271293
42633778 38494234
99876336 26718862
45635863 15562361
50764699 38497876
996751 63309836
19363862 95684829
93453030 41799567
85893763 74174849
59195274 53679785
59968752 29943890
11107153 26107659
60724728 97601999
12285040 94333605
13221835 6898305
39653133 87262823
98362157 38051316
87566035 16446878
69398895 3241534
81376711 81073940
72559335 81548214
28523425 46741524
4122848 99699767
4992882 29953305
58747882 45755875
82202989 64712763
96012689 79221428
73349522 7233710
65544277 1673168
42795944 78290903
82446922 79594199
53951021 36121501
162941 78331347
53851489 9725208
22980085 28437179
46335157 17797772
99467908 53328987
25247378 5152078
66447496 30380840
36251571 69303146
49688352 90271123
64232360 44250082
65103265 1191472
15781811 89697662
28005235 25105993
31522470 66261249
4422542 79805507
76932503 40617366
21158077 71388199
72727581 46959950
40331508 37445544
73119802 40054327
34864414 47569297
25064488 89579289
42555801 30048214
43316582 9749989
37784785 79513223
3945284 84878014
24030218 1692143
58718684 86631795
55810589 41987894
84820060 23222334
85047928 29871675
87378023 55282536
39799385 99165726
41289714 18677009
69169441 6859656
16302896 95414057
71976598 64749507
43414453 38391187
54332107 22619032
21730142 19131790
81249636 54242724
59229579 31526591
70204921 71621880
50122147 37198891
65247043 69025055
23795443 83437951
5115219 969850
70510959 63058058
1880223 54100869
38862116 65520193
8119470 8748274
114698 26033668
97393096 84652901
56461451 54737753
49434911 53710984
26140624 94842709
96838066 15553399
51872720 28290270
42367580 36317643
44557450 87361047
24751054 52641279
20210199 15680868
54966975 81415142
62810667 32705420
24795777 2790051
39040275 89463699
89251910 95724923
8182321 25831898
34682714 9598787
58809194 73031387
29740734 44070256
92725637 56435537
34306470 88127559
46537693 20647254
79349822 81387396
71227293 99505502
65858460 52870274
48238357 89648573
58898579 39432516
32760489 92410172
57392403 46396199
14041464 77759364
64277364 98413077
17288792 62947341
45303253 34204158
77754056 98170941
6729495 34978917
52376470 47486048
98584682 96102822
52887447 98102031
7040385 22391556
75255170 69494338
66426623 7493199
87426403 37290305
32453451 66469104
49079519 54626762
58876559 4235993
1810357 58300698
56610065 63479181
33208622 67960137
2858776 53657463
57400143 95897796
47151669 88514686
64812882 56891541
23889744 12655599
94839397 51952811
99210131 22504008
14072703 84464163
97675334 97039615
79370295 87393252
50003631 46462604
4774874 86384710
53836044 73774248
33450891 21348608
72504833 45417585
11961198 24111023
34025504 35077025
91172805 49786350
83895319 93701339
77926260 35991306
64875985 48101309
26507791 77858349
34702481 66684048
92598298 22338712
56183369 80152065
44745278 97943549
97871005 68530996
25000460 28325399
42217215 71155413
84838706 56716311
68546550 33096658
16897175 92092008
50287422 15192481
97189718 12877507
19873661 48593399
21215190 97237907
41391615 38956693
60071662 17269608
75590019 30858788
29265423 11174987
12306399 70631843
84133681 21266212
16806659 306047
94488550 136308
43551662 11202921
8101262 56337202
5767756 33192025
34369925 44041553
33896175 24738699
24101542 91053889
1610803 45503395
3794669 72936387
30621474 41471165
66848256 89242514
62439401 56521555
30146825 23398024
91813020 29963052
49210745 2836839
60675027 85218413
90852114 5848675
23560167 13169888
88074529 15657872
52101596 84464078
68130283 56300632
72763146 68481701
39002747 78507630
46218820 51879240
75526256 41794366
43358415 70806084
49946406 92418575
2088823 55302145
7546595 16662618
75512400 51947828
95343262 90152637
11905712 12848882
65423995 2985654
60958938 78352774
2178851 35101512
67934304 94010394
44754430 65579086
71482820 94345800
10364154 35884180
62339862 54003295
54227557 42521424
61727955 16356447
69700192 9088077
16259616 85349173
79812798 79051684
81656756 30996842
27868573 85952654
8200079 71097291
7724121 80912267
7599672 94604166
46832427 16587954
27154589 95622154
15849016 89857152
67932339 92998739
99935859 25022916
74486599 45649387
55855689 1402049
50880587 76432235
81955090 50456692
18478121 30701193
87646718 31473341
82447768 5150202
14387657 3415718
99571093 18145997
44327025 53652530
96689531 41006715
57692525 12313097
55110272 54674772
51347415 2499728
62459052 69731780
23704026 67042035
39427242 47329484
32684940 30364783
23863252 7674731
36007731 70016748
39442274 75932089
76545277 10095785
19945708 37526501
76729814 88250
74676817 39278704
88749580 23333255
12029268 49409719
7719733 86217334
71552585 74593028
43879126 99477337
24399994 50714795
96940512 19069253
29613252 63515661
41234287 38938544
62731158 36802671
85256437 94965491
39074209 20886841
42759836 67919115
55270935 36753959
97700449 47769035
29386955 72812091
76411502 19144433
24097327 80563380
6664624 29403550
88684249 179115
17498020 53195945
37726551 90834590
1537916 75973186
61286678 80552540
38020413 60770326
67084493 36322848
90683772 656783
10247459 39754132
77131760 82601313
42624084 10672763
87839400 76052913
30332481 3174533
20870349 40387354
73500865 54763889
82706197 98279163
12274867 38599789
53982536 49801519
14749900 75611494
19820673 51458717
41299303 27050484
58279865 43328036
11239109 95115268
30160505 79529843
81835855 34976364
46034023 65073336
68444589 41137407
78676223 19192855
97873894 23228278
40844091 45810222
49192407 94554151
79727683 45171076
16041201 19600125
17726591 74759447
63103520 70860901
4402101 99504599
33691737 97103888
61109082 19547194
71963253 95905037
21108738 65368057
54755741 50968092
67870103 14912779
61906544 24372949
97741603 96360433
120475 98664269
12935840 59909748
97595632 59514495
54041433 15475297
36123043 48619582
15791599 51228776
89581718 43692706
75785048 54491788
24929471 65488674
59422658 53170414
57289540 29465505
63646624 85494213
56176036 50564117
4279815 22365034
31092315 34298279
34186864 7634160
73869034 33355337
99037977 94685780
58585282 14258232
93473638 91182653
77830328 14262532
88550286 22852553
9906238 60521180
60505996 91205076
16829824 33384755
64344751 74905148
26257797 62932068
126732 81928320
37171130 24023054
24088348 68302540
87495012 26131882
96095716 45736473
90717279 82656998
24383510 89638768
20623634 96145618
54183762 58272335
96816582 28766519
76153150 19508185
74450274 83348621
79356848 94883218
8970341 16546170
92898750 11479447
51306428 74421034
19114694 47955444
4908726 79233148
28045731 99059229
94194631 89888636
5126143 39132335
65085291 67230702
31466036 10698908
34012295 16163645
4330989 73071923
67138703 76339908
69104785 5730150
38792176 45803124
21196914 62747517
65749935 14999383
26266680 7252705
41244967 47564477
73883865 19878454
26283624 94007106
88080337 77561136
65499696 635375
86517274 42434828
14302587 77124730
50897747 21747087
72335630 13758965
49547114 99163575
17608664 53085280
50363814 63814483
78343352 48325956
16043830 55269932
27530997 77898252
6352802 85796593
50592337 7786133
11334640 30573781
15222902 76183981
2035482 70622448
81409706 38789105
25691408 33047956
97823561 29817228
72596296 96101976
86039479 71915236
22299128 2109039
65062751 45743185
51708404 12252264
85709744 27438879
49757398 81493457
14474933 79535122
87977124 82264438
96651539 39662943
51355669 41017953
36885433 59841882
22866599 20494496
34010866 81726978
74953911 24120219
89052988 76114236
60860346 83295040
12652841 22424090
22802181 99615418
8320807 54945673
59252435 41978133
85033741 23205607
81320322 66495074
15723684 33509268
41244652 79152447
92542862 74689565
65004711 60402161
71091011 75274204
57458515 12510591
1627902 30460460
90833429 50939760
23678705 60945371
41254344 45366659
47692154 42072105
82296846 29698676
27894090 39315929
61329323 31284632
8384965 1533921
17319839 82412275
12214851 82895370
19969531 14414042
49089565 50514187
92711694 782266
67797681 96480072
62821864 66446016
19268557 89694673
47193593 34546299
82150575 92619569
94586857 33023068
92274153 88776039
62309226 58129997
30906134 2469643
49039570 44738113
87671313 88437985
81288645 61381297
22098305 14878973
19990114 10113059
96510871 32602509
32500937 3726068
67627436 40370576
44680418 90380751
53727224 18207754
66395906 47798866
76784459 50527288
1011713 98874677
40985060 17534134
31141998 47066989
32022144 52121883
912156 25188181
317634 95459260
25713388 81209529
37070986 77861071
6443712 88786722
8691748 29595920
67736732 23214847
83891649 51639212
99903448 68555158
11831758 51303763
56058947 28315379
28004627 36726094
50552638 76187128
21853102 26026716
32555931 15910870
86745308 8038935
19322444 16453402
98759233 79726729
79572935 14036345
25194709 30425001
35757261 61038773
81619827 13429643
59778985 94179272
57519377 81087509
75485226 44718185
9737894 8050323
32377203 22490313
85182626 35444233
82845224 88589379
44114813 93287193
97916540 46237711
31890708 66013447
94106476 42192157
94507127 12951859
43602566 89781907
7199117 67213735
49704124 62734033
55247606 97079754
5010113 85625483
50955818 10588987
45100403 12955477
43736746 49219995
36410561 41096021
42174295 56895503
26865070 95932890
97340727 81970659
10132916 84315093
30341760 27495846
6690112 90972024
20530993 15278853
83225891 67036435
29185582 96675339
16959578 26558149
94583959 68924861
73262564 44364025
69449732 54474654
98599346 48353453
92085892 16857889
37983911 74477831
58513064 14672693
15618 55133001
31113924 17214612
87122353 68016462
69387746 16167117
33833512 83745218
31365284 40343368
22075915 60821962
88114361 82162659
39849351 64218514
83576186 30683275
19246267 69730739
13959360 817724
91833855 44492826
46430138 79422770
92363508 88143489
64364454 19495513
85734332 96333585
51192256 46081562
59075601 15368714
17771776 42214143
40501929 24333783
79915788 12833376
64674916 79704991
87973410 71416083
74546684 33017585
33115178 41552462
54091924 46633427
11489934 18190771
1898169 40295321
90114172 81586230
32335047 12055743
97276728 16732149
92030250 71584470
35533468 37345717
88856727 69580301
75022195 47370602
42439606 43098030
68298439 87441953
27829069 41662299
58721264 13765397
26845566 82538162
99637228 1208791
77580691 33108711
65696599 42476346
96233049 98902207
33544811 39834139
16586297 11003163
53805980 76776131
35390135 95275987
51605450 77234176
91051535 80414599
96162329 60129635
81163972 94410192
77899176 67749271
52340215 43586060
76015956 39228722
54491174 9497328
44218069 27142943
92904239 68145908
12385207 19317693
25750358 49891432
49606646 70429751
55771038 6593593
61318626 37686726
24164666 49561601
60507087 91848637
90210119 69191532
39348385 8584337
4041372 75052039
33339704 19012577
3628471 56532517
20590086 19882593
54752847 31405811
81007933 88648521
43937573 83021310
10872272 61381563
64733460 30501870
81383014 49407088
92494080 63382070
24333866 95029722
35144402 44632061
81135182 50721645
20318695 42793866
28195837 12641422
74644817 42869109
6697452 77706036
7412003 30043713
45687147 56121010
28804977 68804193
94525832 39863735
41519395 64804517
52871561 81846050
34227154 42178140
87466243 81542244
34890878 11077277
46252672 64784364
24298853 93086634
97766565 90635100
23467469 68593106
39136830 61060917
81347613 67300052
28601101 52218713
41229048 9461238
70566612 55420833
16686349 95657575
89417500 33845918
55509477 68180972
79799419 57846769
39587715 95747054
1154334 32363855
2005881 35057008
40027957 44797204
73698129 77559436
96044399 3102944
71145724 71112127
78691295 38474562
9894742 37746059
29391501 42974427
55560743 15403930
29592439 17560269
88044249 72674459
85854431 72971658
35316235 740120
66502613 88883280
99923499 32673708
32407800 43822315
31593565 88871493
54565070 73708829
70211254 20251478
56622179 78175023
54689417 56817111
53343678 61560661
66600959 50710434
3759381 45420881
86287609 99431774
45603295 86847699
33296035 53008526
90305416 21397221
31590778 78670045
9185001 85523822
9444876 48978938
34192509 53586304
62224601 78873303
70268836 28567807
85971674 43413688
42174866 70595598
9239174 32332416
13493259 74006859
1126426 48842900
35176377 7156285
60622895 69071189
58322224 74782030
6305758 78717203
97036578 14586496
75920882 34959230
89538835 40404177
65376709 3878947
17428473 24476031
51670919 40560756
94005318 65512574
99854407 46115310
32412572 15781858
5062561 82810556
25907836 89233608
11013241 39966858
22670071 26634246
55301019 18586063
63310569 26485075
92778323 80231547
22249718 7364475
91762318 28870919
31563744 51970978
93132470 11887965
48342485 55839371
57235458 97524424
88953614 44157787
45732797 58980777
79882754 25254384
12027524 45976284
55317862 29525121
35522837 60781071
80923404 83576238
76739635 23138871
11441952 46103601
83038035 31076300
56061427 90158628
5553839 82486376
84960115 60438871
91697224 74511516
5969741 2025991
70021241 87622615
37419533 25261831
39916464 39282016
15624550 2522633
70356874 75416495
83347167 46024908
59570130 5830322
61077135 96161963
61325797 36454471
59974030 71930139
34426353 12756677
81204567 91982206
49429502 80626203
89504891 38202494
64133822 43473324
65613656 15187985
18320906 41860592
29547680 38119721
40512050 34909426
92544404 38578859
85576912 71158756
73712090 53866010
95234796 21011303
53860690 76088791
90454186 68207786
56900207 30544064
3672142 12758169
61695390 89632192
78011052 86349780
86151355 5709876
6279779 76877985
9201320 33995299
36925729 69504301
70479113 22466985
59606594 95275031
27287301 17797588
81835303 1264368
92507060 14556548
60224581 61067102
90833042 48131041
85982529 65182629
75333489 21115175
1453993 99976175
37376364 25989636
50455879 3834876
79642276 63649231
45979606 51874433
56872637 59240917
81163289 4938106
99836598 94300686
84101971 88041298
42580540 80231933
79003381 90918142
5074739 35780872
95910384 77444927
78121588 4175080
66353836 25853606
41539197 90311211
20280603 67397068
13259999 24317768
72841121 5780678
48856715 23403054
98931375 80852824
51655006 27324407
15774584 79752406
98487626 54830381
77673221 60121865
4247877 54960978
15666313 706573
44118163 34241796
58206034 24588619
98323177 88636096
62146164 57090564
62307270 42727890
40101415 65607726
96622308 39589406
43471562 37367954
14548629 39155770
1482644 77588944
98397321 32871625
89100501 28731257
53171974 42229962
21233985 73908159
96479626 71151257
73568013 92762847
78475027 53519483
18208039 31165910
26166166 42116371
6405041 18257687
28175254 79484082
12105620 68294163
84769084 21061421
11270084 27576223
95378237 78686460
54915641 80346745
4541516 28360423
64555649 62290329
83326800 16163259
13568953 52346266
52060547 90663043
49219358 21057950
66560175 94445638
65406452 51969576
7869866 58976745
58846626 77282554
10261179 2548760
27093801 40225269
46253769 90862609
20185581 73649743
80591252 9160682
35103516 67203829
89145714 9193569
17685052 68131724
33389644 76653424
65543002 34383780
34850430 72614328
42920547 93156622
53324058 34802477
85458227 30700351
49349439 45016517
85667874 75231581
62979913 38044090
51922669 44220235
87236831 63722363
25845125 17456813
38785085 13325597
13640630 2702409
51494515 23543507
55599708 41386767
47989099 16739550
68737628 57605991
98764144 52209582
82471451 15109431
94833304 379339
90653770 2553934
61894144 23684533
69986219 43317530
35918674 60165639
52740400 15182064
54148363 57414636
45834678 13673379
35454288 88369303
62791489 24080024
87137618 2442573
52950285 55096009
33519775 95741307
93730044 98096293
7282768 65754934
89797041 72242887
12029341 84688386
66771311 23782417
72717147 25465939
17588440 50049024
19301293 45867089
77701474 65382826
11175385 60217059
1665051 47680323
74696764 75104853
46857979 72132074
19190305 37624308
33406301 39660179
57514956 26596271
34812485 93471113
73637312 75559865
69926261 53805763
58402446 47419927
5094206 19060141
25854966 9435561
72698322 67828895
74587172 83748099
19391330 33884044
27579547 5054623
3569277 92158202
81140399 10659479
95321973 50190117
6386457 53510124
69419120 94056396
30848733 41233443
94775781 91855005
10328050 43058823
81697666 88245405
88112856 67117146
39022082 56561300
43120365 56559830
24248867 7619116
50449557 3749580
36600712 93586121
87904002 97871880
80757790 43090902
79030772 77968943
53021878 31588951
89768688 95508195
98998073 71877067
31559266 24456900
7825095 31960188
16339994 80752480
99189487 95559921
11118895 96567017
59109597 80312933
89921077 43547203
55897340 30238450
78854748 90211119
97293157 34906305
48299700 62965886
80534249 74561928
89217844 38043435
46761029 9564267
80031996 38156157
58495643 23086497
51213528 43603023
21487594 18437691
86935769 80852699
25653524 63042074
66858117 57305008
30024267 21642422
65776228 81461146
56514780 35856410
91337004 60485532
83836819 88026193
71353579 58725574
77772402 26788837
96656844 36062388
90461305 14802986
60248712 64716128
33253493 81334957
60044509 88816078
20542412 61357546
10126980 29374595
37543125 7280200
68596204 19216573
8129320 15137384
6027492 1981530
37267762 64710925
22200907 81817240
22043777 92402959
13835756 69234007
40860708 64141447
25466442 6358585
53619244 41744515
98778042 12520376
97166107 63227960
68185397 591886
40225815 53834537
70245357 31971565
9584390 87106781
70564182 36897538
46378929 94530318
72918330 345347
85547859 5554088
37969424 77788787
53496277 62216319
7356256 46784698
76177060 98124165
17720811 89891809
74725329 20244150
56962312 24937400
79299039 45647758
69039569 17882529
91179762 14819297
59437454 32698061
15658730 96240828
74380470 26650563
70250833 48751903
86514149 75373361
40419793 32274473
28885948 87483973
49836805 5059508
11847790 3047482
95065580 34070284
96671604 739207
55461720 37989464
55110143 65374044
25416478 75112235
38709069 62450795
33474429 37706001
4830226 66368593
56414039 42184248
16953828 3830528
4855903 70730300
53868237 33158468
67903040 47894457
51175300 29253334
80867538 29676708
39436664 55705873
88498603 42643951
73042004 75024640
73330366 17654240
96725959 52996845
32366009 67635131
49599898 96443850
76689094 88952700
56147695 9641464
22767447 41512782
24122997 39911305
50618251 24734292
64975840 20533667
29313925 64926363
26951754 57348840
87766600 817500
63703564 41726260
30364722 48029210
70028908 47292147
97803063 78318940
42105635 93339971
88605783 33143392
27438938 38484416
21928545 5816577
80422671 70245881
91394939 65534695
51982645 19770574
823770 70641031
20266963 33135537
42748259 50500685
19794815 88971593
63738397 30889185
62695754 81967670
16244745 3881212
58607432 9219590
66718534 14559427
45721383 54917423
54998983 88046312
59595945 58081450
93826306 91224842
50567699 56424478
56639248 69457907
79710336 16517376
67316062 29320116
70906273 63359661
71911901 77656408
37014180 58516572
78150966 65677478
77688476 31711945
31240954 13782697
9757947 21515619
73006671 54377628
98723112 56433533
33003615 38750383
54366781 36284114
77098034 56341723
60811324 94914571
96354094 19089085
16007041 83320390
74289159 51906864
31609528 53815095
58416436 78928033
81963497 39573911
40812156 10446424
68546619 14034248
87392822 98157403
83451436 183544
69601911 74868621
95908526 74064328
68722744 67815041
99979479 80829063
37619459 72334456
60273334 34986693
34943653 24148230
27475738 7273953
16025080 72008649
99188472 48984715
29793790 95433344
44749484 93692732
12162195 88413836
68003673 40496113
18489899 54361254
11684413 92449635
43011780 95696267
24715910 64470249
69802730 87464469
66001215 66808464
10844522 63227335
6135074 24875859
99529246 74131367
45112711 42444078
99036344 28325182
77014642 36146199
47903686 34543701
42131430 54095127
90991116 69355258
21729088 54370192
14221287 41958066
50391638 18779616
51385933 85535463
36376431 45489241
21221789 26181835
75347689 29438330
23496769 80623195
60174992 41653835
72711087 4848755
30885254 41545080
29267163 73727990
58072842 23319075
32891497 47299719
94639047 84810576
22730085 10157273
36498482 84159888
6534794 31543546
71607582 1290474
25227227 57272594
53556860 39477591
9861750 22861781
56250015 95297812
44392568 61994191
92943320 15438187
46698388 43358683
19598324 9452368
94054885 23690346
56290998 44087893
12875433 46821567
81637506 45519967
36570401 27292360
42329924 93134830
7957364 42971654
56652836 24605496
51291428 23538659
57027141 99034511
30819195 50050196
46938416 54890834
65503352 21262978
49442060 72551106
78736987 9809848
69173974 81490297
70126709 30533529
11795300 80732567
8797305 49821426
41078015 36468429
86785593 53329894
77158071 91041351
41171259 41922354
65620161 25800091
94391922 38612260
58478249 79793956
87416308 36980897
95415981 55074603
49599090 13834300
99984061 71289030
94491459 27248214
9896173 81841675
58995245 46870139
17862258 24429857
6024270 3069408
99630393 15708058
91480472 22739631
79253860 57176305
24365052 604958
31667318 45511204
10926546 84104796
31750953 21389258
73388178 11781805
43465015 5962349
5863901 29529505
9816080 28123614
76207422 99660741
32401669 66194026
80631251 3060071
35532203 1350392
97752726 94658258
44925939 23527879
84891768 3274510
39294099 91551780
26979573 41207320
52801952 24378372
79442676 5361275
30239032 43512789
23543451 3072565
32749411 70747770
33572731 66824171
78191628 98122673
9978933 82395134
91918675 91865165
27551669 76285772
80360078 68116066
60886992 13293782
94734006 98524828
27076177 41475235
64697518 86639813
12249403 54477576
15668860 23847609
90302814 27884107
68963274 43922201
69826514 67385668
74018264 48775469
70096914 10952180
50971168 67790979
42458592 61082263
34984106 57478900
78981881 67135583
11600850 38020885
36854007 26564826
19886050 66796842
97968363 65259163
78516475 72500241
27134854 64848888
23202936 736097
89444329 17951180
23522850 96077125
65070676 92249519
29186720 41408539
63030588 9905262
12076492 49321501
51226788 32533629
20143536 62651761
36170560 94632820
9596600 59233269
12134753 85456244
29410774 13631763
11952039 48641184
31401899 61134809
26403909 33634010
701415 18396864
40543616 70948292
27169131 34535268
28690918 62212866
78026618 25811137
9790647 93769780
21443180 56901039
38104910 71679419
5054360 11957041
15441986 18995244
501942 70645000
63116894 93590931
55558532 58257727
80283106 24902063
20197854 53603310
59109682 77922461
5092783 58437111
77846891 83857867
61728022 64861088
76884520 93511379
69697433 26032482
18622997 33268379
98570474 71939555
15373649 49490094
28685031 55056195
51396607 685396
19286428 66431116
45203214 59272689
43620590 50840692
59798444 32235956
79963134 20051424
92942099 55725914
42445241 70867922
12957712 43514457
9386785 51226333
10667950 12874721
38873557 59793081
48320345 11686327
33873451 67671985
15663216 61362232
10990269 22776239
80168947 67237223
39545499 89720998
91896099 70671246
67989538 84462103
33986853 62345639
78199961 5768660
91175696 88987011
9421115 32998745
87014822 35551155
99552487 96638782
12743362 64505753
68364310 6766839
72389916 56604924
83921520 26158372
46014814 39851194
63728759 51444318
52461199 98514632
54593249 9776397
7821186 18782459
1886441 79658811
35343539 91007426
85880781 79723536
20655034 65160859
17087244 35890471
76692242 956153
30623167 24938389
36117072 36577399
39179473 14341882
36535316 39749290
19956639 10941588
46649900 47219119
39818710 84060259
5732016 66630476
80910173 30706634
41650064 9519611
62095826 12480746
45219828 86666201
99990565 85144669
71134074 12143857
57164724 36458764
97120867 17022308
53264689 35009668
10223520 64823380
18556854 50358319
72023946 91983212
92102105 68529791
36884052 88525978
81079875 17366049
25188371 65882980
22500107 74139460
84620501 42200777
72676390 52896500
13116315 71161881
34245264 13964106
78306782 38680744
9984454 90000861
6316045 79750886
4069105 71481011
13620176 33125340
76270253 7186873
59964906 50195421
11107751 89965194
4877891 79064799
60418306 33707534
42885951 90048745
22485320 87693417
88171906 83065465
31294468 66545879
21331861 39357372
26250063 38746652
68437593 33482126
14182973 53880040
29627843 19083535
43425019 88084480
63455627 27730208
49370327 44026513
44831282 69521434
32508076 28379959
59316042 60037061
89519243 17974873
16644596 84741102
83328642 71918689
72699375 20480692
79151700 46057301
32515099 74840280
73695756 5954776
75297059 52940007
15069886 33520994
93079438 70786311
71471265 56873443
42783516 58408166
43141799 65097158
74558693 16259579
79211934 86060948
41127633 71336791
72294923 31177981
58646172 49935770
54528932 36088994
89015994 16993215
99568154 98278595
67453123 91742987
39420183 70864576
88853786 33391219
27960652 78312491
16758409 11405787
15353591 38098486
29529382 58899786
31494607 73094140
88852176 32174742
92639790 40153010
90050950 68147387
75498528 45676830
60499727 1216484
9478443 61507525
1465488 44632476
98158746 34801666
1053278 82454989
81628210 77149305
29752312 38834473
44814624 4435008
17933485 47543270
27726792 78787913
26411796 86776066
20146848 73665233
18727987 47552072
57055424 7889707
33671790 85774370
54444696 92574001
79917100 4174112
22209127 17497915
28111104 52900763
66317461 40380577
64167219 77363785
20861402 11109953
57042674 98777433
94950535 33083665
90620283 86200288
70972626 34159093
36690571 36526989
35499300 33014878
68954004 61467238
37613560 84938117
68595632 24143217
39962297 89057897
63381498 65464622
83266304 72237059
40704935 49972356
14054152 10689508
3818227 2938330
45690417 36129597
46176847 98466704
31389303 91246190
52364937 94921019
54948889 25691629
43359597 94853913
41108786 10827601
32573398 88739952
44553475 81973875
45506558 53849409
50994028 4600808
83741688 72544786
16956161 44153077
70619677 26163402
95462477 22918956
97379628 25091617
25382485 64195079
39975540 26697560
9126304 1908392
75573062 57101509
44890626 35629885
16119403 37996144
39750404 90325059
1600042 63227769
65413953 5399119
93222301 27322363
94100349 89094797
48494682 24643895
34883531 1341626
56091469 4832040
37231144 19872381
79341850 93409575
85103622 21249000
38061166 94258812
13750267 74081413
48412828 15098762
36818937 91516362
41036096 50155535
87651956 26915309
32587926 73394343
85301386 81966641
32759046 30976581
25579732 59151631
56842661 26007052
21550718 46091662
55249194 35314100
43151133 86832712
6910803 28894227
71031710 22266465
74486078 46264525
82598192 74125101
15750062 56800917
51978841 99618277
35418543 18690597
25143668 15629362
72830415 52592993
72196213 99241789
97384037 1607408
73756400 25200019
2186511 10824245
830826 77007555
58566211 283831
78055912 2303583
68135518 61130546
59447364 14860465
44717749 16636006
90358029 3519263
6987131 529572
34603245 97026101
11975416 20497632
93600229 34805819
94551662 76827361
51714660 57530265
39706305 84007711
23642981 40277886
83244851 87321214
45343668 61898331
48671904 20258934
54084447 5681340
77444617 52145628
686653 15507761
67961170 74913481
5036389 74372259
93439745 4709994
1499820 88731021
9020927 68123339
6790695 24537780
82194772 23176096
68779031 87546139
35925592 51433583
38999716 10701559
7969999 34020674
36618247 57579
38953419 65813358
83729064 42147141
9760529 1152399
20896227 8055982
51822094 24035435
80039361 33264389
16021908 45161592
80516600 62688191
92093984 59363121
15452325 46743507
44806377 54436611
368096 92428649
51945162 84850199
29859119 35126658
28458723 94831270
25065014 92994264
30989765 59089926
48016902 33593226
60278581 36571201
19863231 90061464
34789800 13231412
66335716 96839550
37934341 55147741
10131759 98963272
29748405 38299390
9047780 33144719
7936011 30691285
75167968 46236212
60991965 71587479
14771187 53452038
65200353 14365587
70406034 49801481
56801771 19081035
60052014 4605285
97189208 5449268
99791993 72085998
71088938 95178521
92137523 62368198
77309517 76652021
29889191 87363667
91480538 95052150
85931500 73295120
78704855 32271026
57522764 32752709
76086023 18929100
33687499 10727248
12816189 38293930
12449099 98671574
69276447 25244510
8620764 32229129
19694908 6755409
65637217 52075563
78385507 26121924
35246880 90502100
69586002 6332139
35761894 91557991
50719201 67697439
52607048 82837785
85756926 85757518
15976191 53408640
66369749 26929317
70617355 48821770
33008976 74033005
99201948 74076828
18574549 68496867
15262959 50574652
56963420 56636390
76806447 72144649
3436042 84158640
59480868 68964429
37513509 39618760
20094094 59874174
6447196 25092835
3000226 74776328
3643605 64348763
46979033 86854122
5444200 48091355
28172318 26500476
40408312 85244873
36012633 61599708
29272536 72863517
43744685 57129586
11962501 72682875
1649170 39391659
63213368 26296443
51382196 74041902
27408755 98675809
21731799 17282607
19155063 53522978
23817586 66869996
51268839 15617657
72684018 1212831
66317018 65084413
36539355 52182506
96333353 20481731
50581621 70169705
79725293 11145433
59321243 32904300
83249627 68520197
11441746 75467154
8166563 95256922
88741396 2203844
96594712 32031656
32455785 59525298
9830717 4221429
53677887 45156610
60697678 98288999
75448030 54892426
97690112 31538670
33970916 9045419
63800266 8030897
7990199 2817133
13401425 46477934
6248778 83610907
33097777 18412671
76962545 12607906
63505326 12711343
73215188 99049831
22938195 10637711
22263229 79379020
72275519 27145275
62541235 44930446
74220435 8658025
4874236 92361760
84105836 91916662
56703361 87487734
82622339 11175025
360378 25073544
31051847 41141789
83101523 32989643
37893471 27839626
78321627 33882926
52020352 33723272
56308422 63144791
37421017 49851279
94459618 97121759
74990420 18357586
98064462 75986771
30358585 97815674
7479055 63237581
7832057 1521069
9627867 26970622
96955371 56364674
95740674 81472368
93229655 17647797
48352316 19710252
59501605 51808269
91857559 85890302
6441216 23043207
70702276 96888026
65707995 67138178
98952126 92342269
82503667 17475857
80814017 36936574
25328768 60287545
11142019 15799344
1633384 45805775
99269401 99169621
63036584 46947850
82415481 23846776
89567296 93848756
38764308 7583922
92105265 40250779
96343884 37223209
67634039 8686413
93199793 29032487
35337969 10695536
77795341 5516062
34101346 94925078
24956027 90479406
6153746 72314068
35059270 54951273
19571089 43687210
87497390 37891670
59219581 92730632
51892551 72214511
61030597 32231012
20944521 98683170
21716008 56203075
46427735 92313636
33924002 3088897
83691472 97245706
39327699 14116783
96093661 76016664
