10000
94 383
508 844
344 501
276 276
561 954
127 951
320 947
951 750
783 738
700 345
73 930
822 398
231 937
0 813
211 832
808 647
568 24
763 403
616 237
33 435
482 228
618 539
368 511
117 818
762 523
403 539
642 564
640 210
410 753
477 648
657 155
582 175
668 907
170 723
758 479
690 720
807 109
152 966
812 197
445 116
671 473
468 935
552 645
472 937
608 329
999 561
733 789
227 335
189 975
697 956
57 296
613 878
115 336
79 51
78 907
575 630
435 60
185 568
902 866
783 424
435 250
412 883
7 144
572 917
996 532
207 962
190 651
409 342
218 692
73 258
551 266
361 408
417 616
299 901
373 316
3 490
249 340
437 13
891 797
901 19
787 157
913 636
823 428
364 383
98 384
29 280
170 459
61 408
272 732
51 67
552 580
147 26
933 968
644 744
142 269
331 143
225 437
738 112
503 222
857 934
529 289
648 596
603 513
351 615
521 345
432 478
948 350
987 133
322 859
567 938
495 132
840 560
171 467
667 360
786 780
934 861
174 219
603 488
51 411
727 279
812 562
741 497
984 106
951 904
205 533
432 85
895 590
681 678
11 960
171 272
726 232
305 68
638 90
727 45
166 524
89 281
255 930
330 429
769 655
409 368
593 876
220 749
861 276
514 519
308 788
858 493
801 11
563 989
67 179
281 698
154 466
833 646
566 164
340 999
404 97
325 614
968 811
837 799
730 65
880 124
286 776
815 867
261 613
637 833
241 257
473 922
547 323
764 18
616 309
566 867
650 610
305 200
387 66
215 888
223 845
27 812
694 924
566 698
852 144
392 281
756 160
261 502
708 20
914 479
981 822
593 592
592 181
31 667
37 5
652 613
516 63
594 765
532 569
293 353
365 130
198 233
752 758
119 84
709 828
474 94
222 837
898 861
70 734
911 61
939 645
59 602
168 434
519 591
403 645
440 183
125 986
650 483
230 992
106 451
537 834
240 777
162 632
906 21
912 866
22 59
981 889
214 507
717 631
248 384
358 158
882 299
250 279
159 250
824 383
509 606
798 238
104 576
632 369
769 14
942 602
162 444
148 313
288 718
565 297
643 621
790 417
834 655
630 13
295 526
74 126
982 247
177 843
888 868
268 89
295 975
832 654
941 11
881 299
382 15
815 963
974 343
802 915
717 837
500 184
63 481
296 1000
904 717
330 27
109 945
828 429
642 12
435 951
598 841
621 956
420 19
158 745
412 605
867 694
693 536
162 936
885 337
959 433
136 650
343 288
252 24
561 187
948 289
55 963
807 998
470 819
287 44
865 365
551 938
132 646
941 520
111 539
141 137
486 302
622 736
272 380
398 744
955 834
33 755
697 266
363 634
815 608
863 529
903 177
470 491
759 302
306 334
267 842
623 200
357 447
291 503
268 376
73 461
938 57
479 323
396 101
404 260
41 909
207 970
416 107
438 941
340 990
890 790
234 426
442 371
57 999
434 200
371 149
154 740
308 432
756 460
322 144
552 336
672 210
476 52
822 354
880 475
5 546
422 662
580 238
901 200
194 792
266 467
15 884
206 363
798 558
410 460
285 369
112 900
796 975
380 438
229 489
644 299
398 567
877 140
745 640
867 788
148 388
443 685
492 34
762 519
63 652
289 47
413 327
934 740
18 930
824 81
376 177
532 102
987 961
449 699
224 549
390 483
363 37
890 105
217 841
52 719
300 649
9 616
559 930
587 101
734 878
274 399
671 189
582 241
113 117
612 18
390 557
845 760
675 702
3 774
219 835
776 944
835 609
567 331
786 691
159 244
831 70
92 878
468 974
262 65
441 192
41 586
358 259
945 428
875 893
858 269
729 201
534 798
878 195
412 197
955 618
213 543
202 212
75 502
715 686
65 460
176 458
532 405
908 717
822 305
94 518
436 519
296 55
242 51
170 124
832 567
644 152
316 366
254 547
835 442
735 109
960 860
41 786
883 527
955 360
480 292
587 985
75 531
957 9
837 664
953 989
659 18
693 504
716 85
950 230
486 798
21 263
298 371
230 358
38 852
134 871
88 378
429 522
408 360
169 169
234 418
263 902
506 34
883 296
477 459
180 607
453 729
555 36
60 830
975 142
692 234
799 900
477 953
532 482
873 274
616 19
102 35
764 861
709 194
738 290
912 967
383 57
945 229
577 485
702 57
716 613
973 895
651 897
506 508
84 173
902 549
400 292
891 326
119 484
662 698
339 956
790 748
818 266
957 144
886 31
785 832
275 363
996 91
209 429
399 595
911 954
263 66
555 856
284 229
213 641
665 957
909 349
865 809
973 592
752 298
230 225
415 463
737 164
321 783
561 697
617 961
284 950
291 364
9 204
226 931
418 888
215 152
172 568
820 83
133 430
40 429
800 646
403 605
345 803
765 196
104 604
506 380
120 355
869 254
143 506
395 549
467 257
715 784
541 757
719 234
484 233
630 37
847 914
407 878
753 176
448 549
623 287
711 775
853 687
486 727
688 939
251 14
25 74
636 157
500 904
909 786
363 28
7 443
779 713
159 31
504 806
509 483
760 115
515 337
683 393
336 609
457 82
336 425
101 820
726 811
55 503
595 381
587 502
723 546
461 266
559 253
679 664
430 353
820 436
146 194
24 292
14 913
528 17
469 50
901 976
857 925
207 336
370 751
522 513
880 762
132 486
307 847
863 889
631 213
470 411
307 222
125 949
201 388
577 10
885 609
809 162
642 590
907 700
1000 948
39 508
832 868
164 188
188 426
975 795
802 84
967 724
943 242
172 798
58 144
517 781
493 504
350 873
213 499
888 707
306 723
261 109
308 655
809 967
781 754
576 957
913 169
208 964
428 474
356 22
395 740
714 802
753 438
607 689
905 160
120 277
868 307
992 673
135 380
792 868
154 618
420 163
252 782
262 118
671 197
581 923
638 489
725 493
575 557
985 69
267 777
160 990
964 812
587 564
281 181
326 587
782 81
167 248
920 253
793 441
497 581
228 330
62 650
357 273
657 359
509 878
446 950
237 643
683 350
307 122
97 752
981 463
723 919
686 531
944 370
482 606
204 167
617 534
816 393
411 875
484 285
100 158
852 522
261 119
944 184
594 558
829 949
291 452
849 461
411 583
521 148
710 748
731 40
457 237
284 112
123 847
388 575
324 664
811 592
814 28
937 834
364 502
861 969
796 120
172 831
937 485
428 850
70 140
505 818
227 664
469 591
218 429
109 395
854 583
879 257
438 976
632 41
74 824
462 357
428 804
332 552
210 775
362 279
441 316
979 64
714 817
551 693
935 936
875 238
330 191
190 844
779 784
999 956
12 44
710 75
193 105
20 715
163 939
995 146
955 788
762 255
467 514
759 897
897 687
134 916
17 704
760 546
858 711
586 704
340 591
132 480
720 635
707 201
390 886
641 124
602 278
126 805
733 25
12 929
195 557
73 328
568 591
859 626
518 854
999 512
485 438
254 231
462 961
430 383
830 766
181 180
591 874
608 588
727 800
765 874
124 902
167 975
559 475
410 752
90 602
297 61
583 754
664 955
881 883
498 863
1000 679
509 593
483 317
795 600
192 419
740 871
881 746
159 238
668 255
135 125
975 485
258 602
483 539
477 456
518 169
333 148
962 242
368 563
807 805
400 195
195 5
634 414
857 776
149 271
651 603
924 321
338 246
470 181
837 445
78 911
225 555
651 872
630 327
707 113
845 624
330 514
447 819
376 321
329 795
174 554
155 266
760 468
339 222
64 555
462 223
486 975
47 760
500 90
304 90
521 960
932 620
797 386
487 208
565 348
559 851
962 591
888 474
180 982
993 354
224 513
490 891
951 900
616 311
846 640
533 7
395 897
591 345
778 215
843 129
932 672
377 213
269 186
221 673
326 192
46 687
563 412
857 527
547 767
84 519
672 733
460 407
732 859
608 902
577 981
23 777
401 108
94 660
468 178
142 924
138 487
37 267
476 357
118 114
153 983
660 85
844 303
349 377
562 517
47 59
473 285
268 984
310 31
335 810
561 340
460 522
182 241
762 880
920 349
300 787
543 921
0 235
374 755
621 712
63 206
718 384
688 868
623 911
542 328
871 572
3 18
233 449
196 88
200 161
96 618
999 124
739 775
520 180
254 924
101 119
589 315
854 648
702 133
267 341
272 274
640 469
741 519
441 210
680 221
10 801
48 5
708 915
341 416
593 806
66 994
705 351
638 896
894 158
682 4
381 465
565 482
398 307
123 350
812 927
330 686
165 762
14 71
48 296
397 504
900 821
222 814
287 925
439 48
673 841
936 709
441 206
269 784
943 39
48 178
883 128
3 943
627 594
857 618
267 730
322 237
703 7
627 110
264 966
216 584
143 120
944 213
917 839
344 535
748 197
980 764
373 937
259 324
792 551
959 697
529 963
295 458
700 890
61 176
755 40
522 58
573 217
166 303
496 537
686 447
793 541
563 491
596 35
547 684
750 623
719 538
414 559
828 465
844 189
780 328
197 752
66 38
301 800
417 170
126 189
210 185
895 137
698 80
32 269
1000 567
204 461
837 452
576 803
521 651
184 143
698 330
33 652
687 298
824 271
116 574
226 248
750 355
923 364
7 609
455 846
831 80
117 9
571 681
41 716
333 215
403 159
534 452
703 97
690 922
496 531
75 558
636 419
512 954
22 807
360 832
235 249
299 745
274 852
447 277
366 868
712 384
438 947
426 371
331 917
216 834
62 436
484 636
531 201
367 55
890 466
22 861
959 770
261 949
487 934
38 517
256 546
199 512
263 337
830 768
881 599
231 743
52 850
917 259
118 776
878 282
529 430
5 517
593 272
637 991
655 159
977 520
961 22
847 555
109 216
793 119
771 131
886 450
695 626
306 69
828 779
629 695
148 522
469 86
620 47
964 342
718 476
465 646
43 31
489 767
568 604
449 541
790 791
689 143
761 622
477 820
897 261
697 561
323 142
987 917
788 743
283 76
174 262
969 925
939 629
907 1
42 582
540 543
180 867
524 384
488 561
322 21
388 448
697 125
475 220
50 787
49 257
35 109
558 289
70 788
797 528
211 641
397 536
778 801
550 849
893 492
82 129
224 803
425 56
975 373
107 955
922 5
851 590
400 202
361 312
312 346
551 689
480 744
997 338
625 702
185 691
557 274
774 990
966 745
852 310
276 589
130 771
871 953
432 704
409 486
560 376
156 977
336 62
394 397
2 457
370 909
733 185
850 80
258 2
302 357
492 351
942 789
278 919
832 421
949 991
26 13
731 119
275 194
380 284
203 776
354 494
583 792
877 442
958 497
396 1
774 560
944 701
947 73
466 16
144 409
931 537
872 192
923 8
119 267
773 639
530 676
113 185
29 74
569 493
812 599
497 437
608 103
274 109
779 152
392 709
668 226
104 895
49 991
740 132
411 514
707 986
456 700
510 457
792 308
995 525
346 118
367 732
197 4
813 200
345 654
181 124
736 429
653 538
776 368
827 52
7 176
708 784
772 645
705 435
191 407
800 19
620 547
777 658
239 58
363 324
998 229
679 745
660 206
825 388
336 285
724 168
398 680
756 214
898 373
286 421
267 692
518 269
44 629
807 490
884 952
489 693
787 610
142 848
366 834
4 656
186 341
384 77
597 308
48 0
930 909
152 255
860 854
798 181
47 196
618 512
118 187
983 233
872 573
182 344
684 302
212 88
152 832
623 168
542 839
749 66
608 22
320 655
563 14
669 854
461 348
153 781
649 786
319 50
644 496
489 626
104 578
781 141
125 661
386 247
36 111
160 419
833 781
94 826
801 234
559 85
77 441
933 44
353 519
666 294
286 812
386 558
819 620
335 640
440 333
557 589
769 444
635 803
589 424
516 125
91 62
795 737
315 365
641 145
152 242
505 212
52 726
747 309
790 967
864 252
882 76
897 208
598 775
709 242
404 221
894 606
602 788
596 701
170 732
786 664
926 617
448 222
278 820
104 268
984 935
320 935
343 581
740 849
209 534
781 380
730 848
202 642
646 525
221 869
737 850
699 912
97 975
263 59
958 671
223 765
70 536
693 902
748 542
612 603
636 832
593 369
208 416
256 757
370 719
820 413
455 746
592 185
757 56
714 364
611 26
644 102
698 656
78 987
382 106
409 375
726 203
877 892
670 640
894 104
548 638
154 765
588 529
434 153
475 298
544 883
148 889
664 225
482 246
61 511
522 569
699 111
496 213
119 150
497 574
914 824
68 710
364 916
55 814
867 867
280 508
87 722
883 318
705 939
901 586
897 65
513 718
335 221
206 414
483 57
249 637
101 330
524 506
913 887
243 119
644 461
286 341
158 813
668 62
173 377
76 323
438 701
450 359
189 185
819 594
230 843
897 557
106 80
462 863
330 663
547 657
132 875
709 345
490 876
604 432
467 41
992 96
303 451
364 549
947 449
501 996
269 813
929 172
928 396
244 61
762 667
262 788
898 370
436 486
167 663
874 864
35 234
922 483
30 46
931 418
599 219
921 103
91 841
334 298
230 133
437 436
857 489
611 17
493 503
187 563
913 540
541 259
615 608
207 270
458 117
761 994
401 891
265 654
764 126
333 134
523 87
140 44
79 651
283 393
566 377
377 468
93 817
629 46
12 509
698 201
339 412
480 22
585 331
266 681
979 520
933 777
364 112
311 845
860 953
97 360
972 600
351 959
516 175
995 699
998 357
946 683
219 771
905 711
373 794
141 200
784 542
830 515
475 647
124 381
779 607
108 393
729 128
648 158
678 545
548 140
348 9
978 62
94 243
150 368
563 981
856 464
555 939
368 451
298 44
93 390
903 539
470 824
510 721
92 904
943 232
797 689
137 309
153 449
293 107
183 320
778 26
529 392
28 521
599 59
136 857
912 976
553 937
588 234
41 193
265 866
628 253
843 763
906 681
976 274
702 283
286 583
914 837
957 941
770 483
961 64
302 953
279 298
474 875
170 112
473 902
473 880
259 331
504 554
576 436
705 510
748 112
161 476
188 751
470 737
23 998
554 43
576 3
921 150
153 89
653 612
200 882
401 543
37 437
38 208
849 156
851 827
775 1000
983 250
778 788
688 985
513 529
194 791
777 451
870 932
599 910
459 170
703 172
311 897
695 106
228 427
661 654
602 814
50 581
345 504
291 639
632 76
631 668
318 139
968 762
731 38
475 99
156 715
640 472
259 220
776 86
902 528
304 236
661 560
621 718
642 294
337 551
214 102
657 959
978 656
400 682
351 976
291 474
56 95
644 961
88 975
603 38
212 357
105 328
47 406
551 585
49 261
172 624
720 944
393 620
309 687
815 569
928 974
185 505
901 855
414 651
232 436
995 499
16 516
926 411
698 1000
849 609
378 445
529 605
818 865
752 822
546 104
596 54
918 239
590 518
311 932
377 896
570 850
944 904
542 463
235 710
324 810
255 66
533 677
339 304
81 258
413 377
355 773
367 653
749 632
980 751
813 481
499 199
391 848
521 362
795 223
709 445
246 768
134 652
221 747
685 972
578 230
368 181
334 208
277 493
862 900
0 166
772 989
769 3
580 883
131 968
517 832
142 871
857 708
416 870
960 815
721 345
746 369
422 779
321 708
104 817
135 128
965 667
1000 160
193 395
661 410
627 507
366 582
823 93
825 17
794 643
76 431
351 388
286 991
212 4
962 278
745 929
434 84
6 771
449 961
587 758
229 289
893 220
742 361
760 320
918 298
431 347
101 889
294 237
546 969
479 139
936 85
135 94
202 707
951 784
125 936
580 95
836 676
557 690
436 947
727 313
846 462
676 209
359 110
888 107
708 932
810 337
404 332
768 642
354 877
938 93
81 369
863 137
791 618
58 550
732 909
682 323
395 178
442 890
469 774
126 312
879 678
513 552
514 253
577 892
663 606
110 536
552 89
190 404
740 287
839 311
585 99
537 32
599 838
45 863
530 60
478 664
336 414
502 476
291 313
135 177
227 501
177 932
88 660
696 464
248 112
621 121
105 412
378 369
241 57
668 756
62 421
431 65
337 198
138 719
199 369
753 825
435 515
333 159
740 588
285 656
47 228
193 689
545 486
180 866
749 0
285 740
954 213
316 435
811 510
300 415
589 674
19 228
861 582
43 470
9 201
205 415
104 504
910 718
149 463
634 463
480 381
413 270
113 296
580 357
647 675
168 458
402 6
826 741
805 431
248 365
260 745
883 424
646 801
72 75
592 800
618 214
988 524
766 172
708 542
82 761
719 871
628 295
590 656
745 190
985 274
904 160
405 820
269 692
799 743
504 455
724 144
603 964
958 296
501 177
945 446
233 788
906 33
850 347
986 352
488 63
485 4
632 465
39 881
696 24
945 769
493 105
131 81
598 776
105 105
292 375
450 325
264 115
961 20
465 827
695 602
78 273
272 120
569 180
805 643
486 797
210 5
133 140
199 185
920 814
744 286
293 170
832 311
491 227
305 99
280 120
714 275
585 960
496 668
622 905
176 48
724 867
117 849
77 821
667 823
161 311
985 786
295 36
739 626
45 432
606 565
374 950
126 51
84 871
215 669
955 872
522 271
500 66
761 28
529 931
297 812
16 310
172 978
280 552
635 456
266 438
576 51
107 215
388 740
36 717
211 975
678 955
964 301
434 34
297 970
754 241
698 751
592 424
976 584
94 281
87 190
562 763
780 268
652 881
53 792
566 402
25 789
855 173
95 689
193 437
797 569
486 137
476 236
0 88
213 266
531 189
111 844
51 960
587 312
623 520
198 549
821 806
498 896
906 709
402 951
751 495
682 681
536 413
210 37
974 581
113 83
894 210
385 615
910 884
627 871
283 611
984 113
349 646
634 839
835 683
168 290
286 741
780 573
284 149
65 936
531 918
479 196
968 657
39 528
127 366
334 779
564 268
440 13
245 256
761 72
779 321
8 263
14 550
111 359
391 181
794 734
181 517
612 197
790 56
186 622
251 460
758 969
924 658
427 300
325 348
293 356
120 9
100 74
422 394
498 355
40 472
917 579
503 499
941 282
601 280
863 935
128 272
905 290
442 61
398 12
911 155
529 473
480 683
498 27
191 927
249 178
160 875
224 889
599 995
765 401
57 30
287 891
25 419
43 510
358 852
422 412
35 195
947 355
734 914
635 749
850 617
696 325
327 969
965 580
618 878
587 200
29 157
913 180
839 91
675 287
397 128
660 851
275 89
813 229
177 560
42 938
520 281
658 899
940 938
521 966
188 752
833 911
436 461
658 950
756 755
288 149
973 941
725 708
908 70
801 124
82 782
112 177
900 230
810 487
199 229
190 754
845 638
98 586
460 653
588 506
943 320
378 871
574 183
438 258
188 550
661 466
558 40
365 685
538 59
624 366
50 101
396 297
756 675
709 775
946 596
375 879
622 283
687 880
739 303
792 81
999 646
364 352
326 710
937 240
532 355
825 646
770 448
98 316
148 599
47 37
48 70
68 230
926 801
659 218
211 140
807 290
285 284
812 341
55 412
787 54
789 451
633 773
102 468
234 292
71 510
215 931
793 466
702 746
755 780
758 660
823 755
514 639
27 590
912 30
378 214
957 856
209 204
128 356
806 328
267 476
831 201
876 876
716 419
636 173
159 216
110 538
883 780
598 930
82 774
407 185
194 72
218 738
81 225
694 482
138 389
164 728
996 86
745 266
624 377
957 550
695 734
45 756
537 565
173 327
955 685
30 962
823 919
658 805
388 773
166 521
481 137
557 15
476 599
708 978
808 978
724 338
243 573
13 657
970 338
181 319
765 410
883 91
805 252
978 604
92 429
604 978
597 769
61 885
62 994
162 924
451 865
340 868
923 798
904 172
221 404
904 960
977 61
521 136
772 496
39 518
691 605
156 939
880 680
201 169
640 244
325 658
772 648
120 997
178 476
10 169
565 842
590 867
669 412
67 728
214 490
371 23
476 961
695 632
192 146
729 954
342 541
389 265
259 987
821 421
158 990
855 946
302 117
443 224
485 84
106 373
205 126
739 35
810 792
105 763
981 600
627 412
681 444
261 287
344 725
834 445
451 564
316 903
351 802
852 741
781 141
563 820
492 855
605 551
349 662
599 991
50 521
542 244
405 633
623 563
782 580
510 216
204 581
903 905
210 340
102 554
789 846
773 450
867 955
873 392
87 393
948 668
738 896
442 620
769 293
108 759
406 523
589 790
819 415
699 943
164 575
603 73
134 156
552 507
256 811
739 85
965 898
575 336
526 300
879 867
956 304
206 184
798 543
525 537
168 9
197 911
51 197
160 72
295 613
87 132
684 243
895 666
729 226
683 628
386 420
668 169
427 732
754 742
592 930
280 18
512 117
880 921
454 814
604 787
460 713
996 605
995 415
759 313
173 228
305 52
301 59
868 840
859 585
263 864
305 894
734 142
281 948
458 614
451 530
393 633
681 223
366 110
989 722
39 72
179 615
605 314
960 818
301 785
69 395
744 457
540 210
691 980
162 807
769 93
391 865
765 284
176 712
628 990
451 487
964 805
417 713
696 668
912 297
311 451
331 509
324 565
714 700
850 733
928 849
538 101
915 902
568 505
127 184
101 259
939 737
10 85
418 447
175 995
135 341
120 395
271 866
200 850
841 132
643 697
374 795
756 876
20 688
391 832
591 85
465 125
778 324
45 87
716 167
974 785
239 76
938 826
370 729
568 190
175 859
861 591
457 40
238 436
611 301
595 566
421 587
657 504
495 138
489 772
654 608
325 874
519 231
506 635
121 384
376 790
913 616
245 59
93 238
504 543
198 825
384 52
16 783
697 859
248 994
408 578
702 149
839 419
133 671
40 650
303 590
928 719
44 318
881 12
730 40
28 833
958 738
912 168
539 323
894 997
890 772
722 264
565 121
331 740
324 338
273 703
543 696
404 550
214 65
967 395
967 719
122 91
917 213
825 919
792 375
226 294
279 928
424 277
561 889
279 137
199 996
558 216
132 815
555 916
407 913
996 696
565 191
978 464
216 145
38 277
646 735
173 1000
238 666
682 315
729 735
763 220
813 234
512 200
615 723
142 723
775 776
33 969
494 466
213 793
559 700
355 891
39 258
75 970
293 321
181 251
204 562
620 516
129 172
551 225
33 265
533 601
26 227
702 696
192 879
80 307
950 334
642 268
438 379
409 706
442 15
859 606
894 883
682 871
150 626
376 102
461 598
84 470
159 840
629 55
895 907
48 390
562 198
269 542
955 663
646 589
686 46
765 771
875 725
945 842
376 680
546 118
500 312
344 589
371 874
832 861
493 695
182 492
563 996
646 555
11 993
562 669
88 407
951 745
192 211
473 200
318 899
490 589
898 0
152 881
922 750
59 377
58 65
269 720
981 194
995 476
14 144
65 585
437 323
839 477
992 718
50 336
748 120
463 694
633 229
367 582
111 103
281 906
739 83
433 707
185 801
381 453
506 175
272 229
307 868
132 969
992 221
382 386
432 669
842 16
298 95
787 868
883 903
401 4
528 525
306 942
38 617
934 580
884 46
730 535
680 600
622 778
958 222
559 597
1000 319
601 170
317 19
141 618
559 468
831 410
904 616
782 276
141 803
524 932
398 224
337 720
62 771
676 744
393 895
118 710
98 61
668 793
342 605
7 188
633 296
637 469
28 361
836 545
835 735
64 555
872 541
580 444
555 753
544 625
248 242
413 784
681 631
8 874
13 365
263 771
972 567
964 808
987 820
666 589
30 152
395 374
968 500
188 534
770 235
656 798
698 548
146 306
709 101
262 488
27 785
240 604
58 16
836 563
245 4
718 928
878 374
914 602
640 820
330 712
919 187
890 201
488 920
910 143
476 387
647 980
726 768
152 619
303 702
884 314
456 855
384 162
780 70
375 625
288 366
279 727
411 658
330 869
974 927
666 418
792 139
319 999
851 541
78 954
758 985
736 799
16 205
238 506
548 142
689 271
973 591
860 221
762 70
52 408
171 676
265 695
962 581
554 753
36 265
603 242
225 154
355 795
834 971
853 201
16 16
705 507
177 288
499 852
83 726
451 903
886 799
617 216
555 468
440 742
27 585
571 992
483 537
643 790
730 722
517 625
447 400
36 349
288 229
100 757
358 237
49 353
900 990
494 793
466 178
108 556
237 880
647 378
519 235
19 459
635 848
923 771
58 451
657 239
497 472
627 628
813 34
734 863
667 267
982 646
321 258
366 340
588 574
727 405
594 366
916 59
53 251
258 748
527 681
620 47
844 663
466 529
147 533
271 401
525 911
402 20
15 359
936 91
869 474
372 122
432 544
922 262
169 190
392 741
709 195
420 236
677 996
928 727
326 768
625 501
535 242
951 168
175 898
833 883
457 732
263 643
63 235
438 582
825 912
652 463
932 598
774 205
31 726
497 847
361 911
483 242
103 39
334 109
779 762
398 595
976 720
357 828
100 312
206 629
590 396
201 85
236 132
209 794
842 421
11 226
63 193
899 941
1000 943
576 775
38 804
354 882
443 447
874 311
98 207
380 218
563 455
407 419
764 528
792 621
331 41
844 343
461 44
502 208
533 317
692 718
902 793
518 526
230 469
632 82
794 219
945 548
707 755
509 164
189 358
331 385
881 168
337 205
246 261
784 561
275 294
78 639
731 670
136 463
979 381
873 301
794 617
595 840
449 337
860 12
451 416
667 259
243 30
188 910
304 973
786 171
315 313
109 811
790 735
999 292
672 977
636 203
870 94
69 241
979 770
699 991
346 309
566 756
375 461
122 210
758 428
337 644
583 63
90 804
426 909
738 855
629 791
15 449
117 934
182 928
193 249
257 451
632 514
528 374
276 492
511 106
457 211
924 457
227 396
811 231
1 363
542 116
885 922
762 824
995 700
951 807
726 37
977 778
878 96
634 169
837 919
712 791
208 314
758 188
818 943
105 907
665 152
543 758
549 220
926 484
642 134
768 118
652 84
458 200
20 4
335 328
894 58
596 365
294 367
398 157
176 856
931 42
962 738
571 848
73 330
17 169
860 811
823 151
742 541
37 245
790 914
707 814
488 820
412 206
157 634
615 193
490 234
753 179
547 162
981 844
850 94
559 529
289 754
850 163
328 98
613 147
613 759
741 872
396 757
173 25
317 261
401 438
189 736
751 418
509 315
753 456
3 683
468 169
914 991
173 405
349 465
555 936
178 106
759 124
240 332
714 81
610 612
72 435
691 298
911 431
207 550
656 546
689 773
239 222
459 602
713 332
577 475
741 687
829 63
616 990
984 632
686 161
646 254
365 213
867 804
885 973
499 278
66 230
749 158
889 179
399 163
188 832
274 760
48 231
703 509
68 256
124 89
486 902
877 4
364 535
679 729
399 281
801 253
433 286
762 806
375 519
55 972
646 411
789 21
237 709
768 605
97 882
614 903
854 396
333 964
585 162
294 725
110 936
56 267
646 381
796 566
712 512
588 38
47 654
302 380
543 33
636 451
997 698
962 356
80 101
917 254
971 320
303 260
406 193
609 576
439 25
43 221
33 81
283 423
55 652
666 839
431 998
85 796
748 493
547 544
104 940
27 656
933 231
543 228
419 701
282 582
495 147
6 789
811 965
558 673
536 267
290 256
257 193
280 881
188 800
703 538
411 27
329 904
273 82
371 702
444 942
353 721
973 454
565 758
678 615
356 168
871 756
427 768
891 399
114 292
400 982
470 189
167 794
442 158
157 719
233 790
450 423
790 8
115 599
447 518
76 330
493 80
538 291
555 252
587 107
617 642
15 493
152 261
414 156
908 993
672 88
487 983
793 349
913 845
721 567
238 875
592 499
502 917
281 815
750 361
144 414
428 975
193 87
456 222
477 603
22 696
608 561
78 397
98 991
644 639
776 297
997 432
793 325
652 275
929 338
998 53
138 125
826 305
190 602
958 960
914 718
140 662
478 416
427 380
906 942
243 69
662 843
45 365
136 182
347 383
481 702
920 453
517 46
408 443
860 25
168 35
850 916
381 297
737 261
748 674
725 329
521 581
584 526
393 851
187 899
356 559
806 404
915 342
907 482
340 914
331 369
102 654
597 464
555 90
641 481
68 161
864 217
408 121
600 2
295 53
828 383
531 349
526 313
200 477
574 540
362 373
742 185
512 208
221 934
199 925
691 425
948 296
659 262
44 720
899 536
837 281
907 45
479 964
812 9
780 578
898 796
563 141
578 793
111 668
953 952
652 399
232 412
914 428
241 824
783 461
597 882
738 645
190 144
744 879
91 377
478 67
987 900
718 362
549 333
715 465
405 954
898 507
872 850
411 583
9 515
312 394
238 401
805 18
307 83
437 549
859 744
169 87
660 158
60 711
594 73
108 198
630 144
559 224
597 826
728 455
193 288
181 836
845 138
359 475
234 246
790 633
444 804
953 384
85 289
629 729
592 273
807 785
632 956
490 129
988 953
318 673
147 553
714 188
920 541
145 926
145 353
203 745
346 884
137 567
235 261
623 841
23 292
293 901
846 442
398 112
701 268
962 956
205 433
220 389
467 853
294 151
378 269
71 344
117 521
564 731
984 370
966 309
113 261
386 211
298 765
522 474
796 52
252 763
693 191
138 672
174 741
855 542
990 603
524 297
146 700
177 133
448 734
484 847
763 378
979 79
92 23
545 489
484 171
781 122
263 792
138 395
784 541
575 594
806 412
51 868
751 59
854 467
288 489
42 416
173 369
313 609
88 501
278 520
679 370
503 713
952 72
752 219
37 360
249 88
117 911
932 514
163 583
404 349
88 837
288 674
101 700
408 845
722 333
236 620
456 140
102 153
904 163
364 144
147 603
121 705
497 789
4 422
131 856
99 772
828 666
464 278
95 914
311 395
812 909
209 658
327 816
96 829
487 671
926 808
263 407
510 479
790 226
453 809
526 775
748 390
566 110
648 640
665 159
903 864
215 893
390 775
372 450
73 221
812 983
206 660
340 749
348 763
507 53
664 881
377 132
477 951
602 705
155 472
535 233
709 342
285 468
447 404
924 176
665 194
984 425
226 280
725 268
947 125
155 799
135 56
565 520
577 484
513 127
908 423
76 481
436 214
973 659
408 327
863 216
774 748
343 940
739 616
618 178
131 923
968 398
887 107
105 916
951 198
265 383
908 849
514 861
857 828
713 120
249 182
252 435
119 412
678 634
593 255
131 512
416 250
744 447
937 237
52 275
893 42
109 766
945 283
562 557
283 66
993 627
48 5
725 666
508 488
444 573
390 636
102 643
35 220
841 526
766 407
122 435
816 953
340 220
121 318
677 600
141 649
182 961
282 97
79 835
263 375
177 276
76 597
425 427
708 925
635 61
975 846
637 81
465 667
867 613
533 595
18 814
245 791
516 407
1000 834
526 77
883 134
706 786
457 864
720 495
411 174
994 884
146 735
520 450
777 86
3 402
310 471
821 555
989 254
416 648
981 918
487 787
938 273
984 108
298 879
349 304
671 40
468 388
213 29
664 604
824 839
568 603
620 874
227 930
161 46
408 865
587 665
866 826
202 158
367 254
811 367
154 171
589 709
27 28
363 997
356 228
498 385
117 654
77 806
1000 593
577 227
310 993
261 952
677 902
507 162
660 815
358 589
130 873
216 547
962 75
525 802
589 418
238 450
630 59
585 773
587 866
432 183
177 230
873 937
948 182
810 517
648 435
165 136
531 959
825 681
402 587
705 166
861 325
972 638
499 1
695 109
645 419
240 78
825 984
109 953
307 439
12 30
977 341
960 625
678 25
286 907
217 590
599 78
574 134
495 31
238 817
713 842
90 789
308 632
993 413
582 336
910 350
240 873
197 527
209 340
437 502
745 803
804 75
467 712
795 357
678 273
671 714
642 596
75 82
475 743
65 226
438 780
142 417
221 797
982 668
415 831
534 18
175 384
945 47
412 169
191 252
286 638
45 891
236 211
641 985
346 226
214 513
863 908
195 451
772 385
544 530
484 427
886 36
966 100
109 176
126 886
442 886
591 951
57 45
752 203
81 164
22 55
130 656
707 472
127 800
779 498
479 976
684 609
854 438
173 233
369 497
384 90
845 792
989 206
839 74
244 245
372 45
927 987
455 104
855 825
210 532
322 753
469 832
314 117
22 448
332 488
280 611
270 699
237 721
226 964
584 766
49 875
766 784
625 299
720 933
515 512
235 780
581 283
923 172
627 748
574 367
750 321
784 875
702 438
0 930
579 332
413 308
395 649
245 627
149 295
293 395
260 750
392 746
619 651
296 942
736 249
256 20
118 747
985 549
160 716
258 142
56 545
406 574
675 994
795 14
297 569
284 463
290 757
657 861
909 125
602 54
981 456
924 471
975 644
820 610
319 242
172 970
97 915
489 424
945 149
339 38
613 779
116 136
282 634
363 933
126 162
932 980
50 530
688 219
354 339
957 804
27 150
386 892
745 316
926 880
86 578
990 553
661 352
521 181
964 403
932 645
78 585
247 282
918 856
786 574
83 683
597 949
825 906
576 555
602 58
82 189
697 817
243 488
631 594
130 65
730 333
665 428
874 791
475 197
186 100
475 277
49 653
867 594
153 516
20 669
451 627
31 716
670 637
571 861
818 871
798 802
310 338
492 759
693 120
746 679
512 147
272 949
627 481
124 770
773 514
749 503
805 992
943 294
207 406
363 650
463 269
891 168
224 376
764 849
393 737
889 330
488 237
72 425
282 970
931 226
589 562
871 216
295 327
321 140
980 692
256 711
177 919
419 150
213 270
531 43
305 148
142 891
701 461
328 439
589 535
399 57
848 871
289 384
301 701
352 383
808 468
854 712
640 685
870 715
721 17
591 214
477 178
396 968
307 309
36 339
213 893
597 527
806 627
175 462
328 437
391 97
657 869
771 977
985 661
248 735
210 728
346 315
114 276
558 527
936 910
642 468
727 391
341 523
430 802
526 488
554 632
246 439
325 654
492 981
805 395
188 237
709 227
179 822
329 246
335 387
373 958
982 262
247 688
558 625
229 25
135 880
661 365
350 602
827 585
647 802
249 71
759 861
648 769
412 608
740 944
217 614
908 575
506 142
237 905
439 835
79 455
122 744
75 962
627 862
853 905
847 59
438 866
499 34
219 816
350 219
111 979
20 123
998 658
79 994
753 452
522 7
592 365
522 594
690 428
834 748
141 404
963 938
523 690
751 621
360 67
674 944
491 678
983 352
26 958
728 439
820 369
766 251
845 480
801 548
399 187
573 575
824 414
929 759
845 52
44 969
83 274
987 975
42 613
715 777
245 212
814 965
904 582
577 572
862 347
221 412
613 423
952 735
846 568
285 127
605 193
33 790
903 238
676 855
74 549
489 28
151 940
156 860
188 490
514 846
96 600
845 77
650 269
915 904
98 617
936 204
749 524
110 514
21 519
557 304
31 912
160 266
917 660
883 781
886 575
396 306
448 804
495 550
3 320
637 233
374 145
298 390
815 721
491 643
108 910
969 563
756 153
639 926
331 683
759 140
984 705
924 918
663 286
74 523
958 992
95 174
582 472
394 248
724 490
43 251
793 233
184 971
362 395
376 994
557 319
99 239
169 597
443 214
760 513
393 177
552 480
341 14
862 566
69 963
953 265
304 715
226 809
195 729
638 359
581 22
198 207
832 267
61 572
935 983
443 495
554 191
49 758
587 234
462 970
316 684
995 968
244 552
496 759
553 40
306 842
284 664
317 304
902 266
902 323
632 331
168 47
927 660
896 388
854 991
87 263
637 393
473 593
433 446
658 615
611 741
755 809
678 352
971 581
698 475
28 615
187 939
238 206
973 350
658 34
341 658
382 805
932 593
334 554
848 714
833 160
387 905
770 633
741 801
244 819
7 334
908 248
617 920
934 67
831 68
87 219
623 270
173 746
577 526
549 458
209 666
541 181
226 753
365 931
626 487
986 825
208 339
421 771
405 560
976 876
455 618
128 318
31 557
998 204
46 188
265 424
572 677
648 318
409 460
356 20
649 741
308 677
529 66
42 423
690 515
216 996
851 325
911 109
521 939
54 589
259 767
457 487
147 218
301 27
618 29
612 997
193 811
181 331
511 312
849 860
798 417
807 276
729 344
990 476
142 538
616 782
530 310
887 624
362 379
88 597
434 936
40 494
440 662
773 690
612 400
639 846
32 906
345 749
276 751
67 901
570 282
297 622
325 37
214 619
185 659
258 593
407 228
1 621
44 568
228 993
588 220
840 621
379 588
111 783
318 931
777 950
820 933
382 517
193 576
58 959
254 853
539 577
847 808
369 427
493 849
41 572
325 515
193 828
706 892
36 489
516 306
629 278
872 212
579 850
465 656
197 52
965 893
681 853
165 441
42 276
766 4
362 878
280 561
406 465
460 152
18 634
482 586
996 178
543 996
22 913
472 920
203 741
501 68
630 67
270 609
182 669
715 89
281 122
587 200
439 204
435 236
357 114
589 652
837 511
271 577
822 704
965 697
748 688
517 624
471 873
499 701
751 636
130 753
34 942
570 697
629 877
643 17
907 55
41 697
126 642
899 92
582 132
348 179
0 202
808 865
867 577
32 891
181 462
379 241
774 27
32 23
127 223
664 792
838 380
936 765
828 754
673 928
323 907
546 271
923 323
315 448
847 15
330 512
266 523
745 801
496 843
750 508
890 723
537 6
661 580
627 736
670 91
471 814
781 595
279 277
886 970
871 354
937 51
36 164
751 82
546 385
160 805
708 532
259 550
737 386
562 686
519 434
779 857
226 203
242 840
821 357
537 481
467 188
51 139
734 114
25 751
424 319
690 806
509 316
643 475
142 783
478 258
241 427
942 604
773 311
445 673
346 263
566 248
826 895
518 454
423 202
857 579
578 620
165 160
40 221
573 226
986 64
723 179
987 803
99 764
507 890
175 844
351 537
733 698
92 505
206 438
125 804
308 785
647 539
504 175
985 131
521 409
977 666
157 156
332 45
27 625
566 29
788 95
663 582
37 210
577 377
111 95
528 951
934 659
44 674
633 979
365 693
578 678
71 28
379 559
580 924
623 473
866 802
117 922
755 791
904 64
599 933
810 591
327 663
905 879
421 28
102 926
304 716
572 411
945 73
260 762
394 510
549 489
749 910
627 85
616 484
891 120
404 354
547 703
929 560
235 928
565 87
672 624
5 833
700 567
408 842
821 128
608 965
356 824
271 418
946 942
946 991
691 918
264 838
916 749
552 508
836 98
196 518
320 605
892 899
545 262
182 285
175 523
185 315
157 470
453 384
511 727
565 746
554 258
249 431
171 292
85 61
507 423
101 732
411 582
191 331
957 129
916 673
494 630
241 56
670 718
269 672
260 44
437 136
926 685
537 231
783 803
617 325
81 69
250 323
72 921
717 170
357 367
349 7
619 877
446 361
764 726
803 810
480 908
926 295
103 86
788 690
320 184
380 322
761 62
613 582
343 722
516 192
155 254
226 715
354 258
213 430
906 620
163 989
972 651
836 643
901 792
849 506
517 587
747 658
263 519
148 836
838 55
233 702
611 634
627 26
392 581
269 649
591 771
876 825
758 824
937 14
733 372
358 339
369 408
873 756
48 519
268 148
494 679
461 763
768 585
316 867
725 795
849 623
628 397
905 537
17 591
941 587
440 297
434 372
80 601
301 390
146 727
428 113
967 872
485 937
259 624
757 577
234 9
87 510
15 970
347 831
58 706
442 905
469 771
86 200
927 422
192 0
640 111
757 650
155 793
588 319
747 159
59 246
154 697
145 828
983 175
940 770
491 256
545 182
408 817
642 810
358 769
229 346
188 445
782 90
284 367
893 315
312 631
89 410
361 319
56 818
307 154
275 405
750 245
955 20
342 311
1 36
832 98
278 742
269 57
576 325
464 6
852 620
967 972
825 413
774 25
126 491
499 19
567 544
899 66
12 188
861 922
873 153
734 797
274 552
415 994
153 665
897 819
33 365
91 392
174 942
523 778
585 359
96 289
421 275
433 198
98 883
436 747
436 91
775 595
737 333
978 212
148 600
188 784
624 174
881 914
676 857
237 167
855 586
278 566
118 963
61 169
92 599
72 839
158 331
778 982
291 544
842 405
125 248
877 717
744 645
724 102
349 379
409 465
491 939
412 369
612 903
596 757
100 344
328 889
248 34
318 323
9 929
475 987
318 754
139 123
692 90
458 472
702 493
821 928
295 154
324 253
191 388
403 237
663 496
639 262
146 162
596 976
257 192
655 10
177 10
688 28
612 507
96 357
921 446
466 107
874 901
580 443
937 758
88 43
904 701
843 386
424 550
407 660
801 589
228 236
372 360
227 63
710 780
898 913
214 719
886 350
998 759
19 591
82 953
26 435
157 537
232 408
859 349
743 969
897 754
322 727
28 399
156 11
885 529
700 55
939 876
560 275
796 989
35 935
291 464
949 710
441 122
187 446
141 189
46 338
402 636
975 925
859 325
707 287
551 108
580 846
269 725
911 615
463 666
976 151
543 233
86 305
595 653
46 134
196 527
834 467
653 667
786 786
585 468
665 926
407 957
844 152
518 688
911 790
456 251
300 271
270 841
431 69
401 929
934 466
146 613
31 544
310 130
264 420
185 758
158 240
711 43
23 891
568 514
645 879
972 334
836 673
299 33
194 671
628 663
665 858
957 282
898 975
406 51
383 37
955 352
142 533
590 76
698 13
267 1
381 911
370 293
689 755
777 897
886 31
40 1
170 922
895 485
967 927
336 723
836 555
826 954
563 951
576 634
241 416
621 468
646 770
853 328
129 440
858 22
680 604
176 841
576 905
407 919
336 124
522 908
178 95
760 544
318 817
142 501
840 331
711 484
961 656
120 717
73 132
855 332
345 730
941 435
609 919
352 229
457 404
608 402
958 993
919 710
481 609
513 92
671 357
592 176
667 83
703 809
488 233
142 375
750 105
525 655
136 841
558 763
576 340
932 659
244 890
265 537
523 299
256 812
768 270
949 515
413 700
897 433
284 885
797 145
521 521
581 538
844 355
230 647
820 199
915 102
687 39
930 615
663 447
12 215
729 481
614 381
232 98
729 369
421 37
910 506
88 461
755 46
971 641
58 798
861 562
280 661
473 414
525 612
460 188
205 883
318 287
929 485
482 927
364 446
9 385
484 456
697 770
450 337
59 632
888 969
517 641
555 82
528 69
509 290
966 857
388 512
903 666
741 294
888 332
540 309
719 27
457 388
839 777
649 116
242 945
377 471
487 20
633 734
579 69
67 562
870 316
510 951
584 794
196 700
476 245
10 504
354 668
549 583
315 257
109 684
444 194
719 654
936 607
600 615
159 578
103 835
689 117
232 464
220 797
187 118
464 435
679 870
920 662
994 913
576 484
684 661
825 255
240 732
292 17
958 354
122 657
830 663
254 715
945 110
430 230
451 3
171 725
762 306
144 867
5 868
734 596
969 262
417 982
411 596
122 444
851 420
672 200
111 785
130 549
335 886
434 802
855 58
102 906
296 181
892 563
256 895
496 765
143 854
377 285
843 471
588 904
328 986
254 333
998 806
271 519
211 997
610 523
126 270
589 274
78 655
130 933
370 810
765 894
955 326
259 495
172 612
985 11
452 961
29 400
353 262
804 874
344 378
136 536
230 411
996 617
222 919
449 830
113 749
514 613
274 373
329 32
620 421
7 271
344 530
618 763
148 919
660 485
668 187
158 879
670 92
588 125
292 632
411 363
213 889
505 311
289 363
250 95
868 999
413 318
443 403
900 436
766 492
877 902
545 116
182 357
204 88
285 678
908 124
577 262
778 328
927 714
720 691
182 115
949 341
864 73
601 775
514 184
700 352
820 247
559 515
239 866
796 519
146 1
969 261
890 235
570 291
251 676
749 758
708 468
864 547
906 35
92 82
3 636
661 818
249 601
41 960
277 904
571 984
57 593
287 891
376 34
734 448
808 271
751 51
537 756
246 132
512 103
246 786
200 635
52 152
893 433
55 419
135 339
556 979
816 673
133 754
523 139
392 482
166 173
34 291
934 344
974 456
806 767
111 31
708 216
199 428
853 862
232 252
736 978
121 587
157 350
154 601
653 550
111 456
378 677
999 804
574 298
104 873
618 825
531 837
138 45
263 555
529 524
268 166
702 910
360 123
873 43
262 252
93 635
382 275
146 434
505 420
545 997
181 639
914 159
467 655
153 121
879 18
162 338
439 942
0 596
243 979
501 894
96 919
175 279
798 336
983 169
438 114
871 779
881 645
473 479
375 423
205 835
292 415
550 889
667 971
556 419
751 871
484 121
777 369
88 171
556 809
419 540
762 772
245 443
704 959
85 412
494 627
301 915
844 169
748 857
721 516
948 545
730 730
961 958
41 592
333 751
176 49
425 472
268 21
644 228
1000 925
99 223
966 881
123 794
496 759
315 464
360 94
140 549
309 393
175 944
301 18
700 280
413 379
23 177
17 386
239 514
215 8
391 490
296 294
532 131
218 752
54 720
810 965
402 178
701 938
435 797
437 877
807 682
885 600
722 757
417 457
294 28
44 685
77 438
68 635
425 770
742 154
440 306
323 752
878 195
405 112
124 253
688 35
539 821
106 570
219 914
389 284
457 202
639 905
463 741
88 334
461 7
417 675
700 376
445 569
561 143
286 854
899 739
216 860
436 760
737 672
132 821
534 397
135 647
393 13
845 698
544 777
71 132
155 578
96 909
516 330
953 736
282 944
996 574
172 283
537 853
127 479
609 237
404 463
831 528
761 455
994 496
403 471
620 232
765 529
305 219
280 352
888 264
799 821
429 166
230 756
611 230
498 407
863 773
73 483
247 267
209 721
423 600
811 605
40 858
471 604
329 590
627 394
792 36
296 265
212 728
751 855
953 960
703 337
344 21
494 557
484 424
337 219
137 698
541 422
154 862
378 310
603 395
858 320
311 595
354 636
224 682
148 174
323 476
841 548
228 50
530 552
833 756
517 32
874 49
755 466
200 572
892 595
453 360
369 444
119 462
557 103
365 589
348 201
416 83
89 59
318 332
99 381
101 562
617 699
806 173
998 437
170 557
137 745
78 346
453 338
228 397
534 991
453 694
297 368
452 607
386 688
784 922
125 611
888 956
421 323
561 891
513 645
757 703
142 413
743 843
828 45
187 23
593 684
257 754
153 20
438 109
125 543
271 92
352 501
255 914
575 172
625 757
422 683
619 173
586 820
899 357
168 890
238 82
848 55
362 482
482 702
89 807
815 826
736 311
133 259
903 882
581 248
511 325
411 530
836 833
816 858
490 461
113 202
183 954
451 603
639 581
631 479
524 482
572 618
383 928
718 482
509 638
547 640
913 867
638 293
999 889
544 475
81 407
468 581
441 195
18 410
38 624
280 731
325 539
876 507
661 203
295 655
199 278
529 208
834 67
96 64
705 957
800 687
185 930
755 741
901 731
349 220
817 183
685 424
794 651
350 147
89 942
239 263
705 952
558 715
219 297
671 888
977 460
458 1
116 192
144 457
453 80
817 81
907 642
270 582
699 175
452 427
675 953
289 223
855 257
612 5
729 788
687 729
916 421
550 379
949 69
671 29
129 88
657 893
424 243
707 361
608 226
11 813
560 583
897 679
205 194
55 166
1 880
439 212
261 235
798 602
873 457
923 600
986 999
65 691
725 304
224 242
248 49
779 51
783 176
940 405
693 981
160 301
157 771
39 704
124 701
28 646
551 95
819 719
759 386
206 736
572 597
144 684
134 585
169 67
956 405
694 851
188 771
10 980
700 233
653 632
170 668
44 700
420 314
771 435
85 637
131 2
379 565
786 729
582 60
799 628
939 471
835 887
464 12
596 388
983 156
582 205
802 128
251 23
394 155
625 558
923 126
330 343
175 300
92 570
140 378
49 928
615 424
239 385
824 662
609 550
377 869
638 478
187 192
584 551
880 60
244 52
307 225
491 265
158 704
414 534
315 154
207 226
689 146
158 13
946 127
482 133
998 964
789 202
140 589
91 267
307 664
606 907
732 449
242 514
49 535
410 196
140 450
983 693
809 691
885 366
507 119
556 787
167 413
874 682
732 949
831 60
687 186
478 21
629 571
903 911
63 349
280 40
806 532
996 147
126 614
679 715
530 377
918 920
472 574
291 985
183 221
864 711
476 297
960 116
177 620
151 358
620 336
227 71
624 133
653 649
900 417
711 396
728 246
682 38
458 322
517 410
955 720
260 39
364 74
50 426
839 619
758 335
733 157
655 153
696 425
885 588
80 92
893 125
671 84
12 133
273 494
424 712
337 343
768 383
886 292
177 877
117 565
730 455
243 98
773 998
820 391
816 755
389 775
250 512
553 42
725 850
707 514
544 930
392 213
840 537
464 135
720 791
366 822
548 19
70 948
554 308
797 680
532 984
645 102
877 655
296 260
881 14
39 276
660 593
21 52
906 890
410 618
379 519
843 881
810 396
673 456
453 538
483 149
318 574
932 200
376 116
624 799
899 129
84 642
305 461
182 948
869 105
281 304
754 89
487 988
702 792
22 59
488 509
448 716
479 509
520 853
661 962
927 942
409 707
995 561
126 466
583 738
653 476
719 389
500 121
560 602
957 302
26 986
916 84
311 721
697 488
621 601
725 268
561 109
826 74
336 550
475 38
451 91
550 102
553 658
528 838
143 82
977 350
496 497
626 646
151 495
744 868
31 449
749 278
275 924
667 843
313 752
650 673
981 745
124 541
150 31
208 90
538 179
960 318
234 557
830 471
65 348
736 106
17 425
131 118
836 996
582 854
248 806
420 543
782 447
134 154
820 959
832 104
868 13
361 115
717 597
812 861
91 416
21 695
710 564
469 65
803 139
164 785
994 985
466 808
495 486
456 130
328 321
856 1000
374 791
805 853
150 711
701 107
359 848
875 112
580 531
778 588
580 355
505 913
220 882
44 751
264 18
325 45
465 607
198 992
120 660
921 601
1 42
928 516
783 633
471 370
584 164
116 375
167 778
868 647
272 898
973 354
600 266
203 67
401 862
589 472
273 977
378 136
873 234
816 961
528 361
578 99
724 165
591 771
866 72
513 620
24 387
945 629
617 909
653 456
402 496
94 658
993 168
419 94
929 777
558 620
266 147
10 953
733 25
562 506
988 369
686 436
741 487
74 258
26 483
386 500
451 631
797 196
403 644
44 700
284 410
526 810
574 801
316 6
706 542
120 360
458 0
496 694
428 97
990 44
192 287
552 182
120 394
829 145
430 50
176 120
252 39
472 261
356 485
998 593
592 521
699 248
528 900
932 886
128 920
830 413
715 538
392 27
998 158
415 527
932 822
117 374
288 932
990 790
22 814
203 654
449 110
969 460
383 565
677 846
128 866
536 912
496 355
100 968
784 762
29 945
272 328
928 225
165 929
101 187
232 552
399 323
183 538
31 566
577 724
465 934
390 9
390 934
680 924
914 40
220 737
172 677
343 603
70 803
93 613
203 870
953 441
431 189
855 238
340 870
324 919
773 852
209 312
787 479
421 941
932 709
406 95
385 937
329 585
317 996
581 520
284 793
709 120
853 546
319 867
830 920
303 386
722 221
645 164
17 93
319 664
436 107
23 276
385 313
377 262
201 185
766 87
641 395
613 949
105 245
752 696
110 222
962 113
282 200
210 369
5 284
239 285
626 644
826 826
191 207
807 147
486 717
862 812
819 936
393 545
613 739
194 371
69 27
412 85
284 393
730 397
853 55
452 421
72 100
518 537
900 617
284 999
187 152
441 951
751 620
850 657
349 484
853 914
325 708
992 554
716 666
56 528
580 803
906 349
120 473
592 354
435 724
582 63
242 120
0 722
960 448
74 854
500 263
573 802
1 964
498 556
358 150
667 858
893 9
994 526
962 184
53 906
877 443
939 536
936 689
72 685
973 251
610 695
169 472
164 654
730 395
98 266
933 728
942 297
239 243
804 107
366 800
522 781
240 308
169 222
637 690
565 47
46 34
619 369
563 743
26 907
671 507
597 657
201 334
706 45
752 279
157 84
429 102
542 665
898 531
567 56
763 21
775 163
911 123
674 894
911 688
882 381
767 878
6 308
57 50
661 952
108 271
873 143
84 60
243 28
405 128
843 126
360 653
705 110
753 965
663 109
477 560
848 72
401 261
573 19
209 629
570 370
67 802
1000 746
763 689
756 349
591 186
158 531
620 707
917 955
211 570
623 410
359 424
854 147
261 25
405 8
968 178
33 379
574 586
114 245
594 116
380 900
158 806
825 179
477 334
783 702
874 566
972 801
152 956
287 357
1000 674
471 92
886 787
710 609
101 32
722 929
659 47
86 65
675 467
942 760
605 518
754 641
174 337
112 310
338 543
516 671
706 47
799 870
513 458
624 131
712 507
60 807
334 977
449 439
514 301
669 945
412 341
826 368
561 729
140 866
87 430
721 916
456 832
831 642
208 734
654 954
578 249
185 235
377 344
294 944
124 696
217 553
605 884
58 67
77 93
705 521
234 103
12 245
203 832
674 191
658 984
582 872
306 655
841 397
80 883
980 805
62 310
468 372
349 973
104 100
657 620
74 43
588 286
674 819
279 443
190 299
801 247
953 940
564 269
891 711
384 422
458 835
667 83
474 52
808 74
295 575
479 896
302 218
395 64
261 419
323 676
257 388
159 643
871 888
124 188
391 895
123 652
851 290
971 941
902 339
474 815
735 999
284 901
734 11
940 278
239 715
149 887
110 738
383 195
70 760
180 902
90 702
44 258
389 944
525 925
399 738
688 601
102 433
575 403
993 626
445 304
904 988
553 186
76 196
985 978
344 971
651 796
72 152
12 178
509 912
563 326
806 193
335 976
378 81
92 803
701 705
305 883
168 676
710 756
716 593
512 597
750 938
790 363
962 363
825 137
862 304
406 132
545 387
983 93
630 466
686 460
140 485
735 313
274 654
286 16
201 163
648 997
666 102
253 652
471 357
165 960
963 713
520 564
716 55
880 285
354 835
240 538
361 465
874 794
451 652
832 260
86 778
9 505
429 995
334 353
525 636
545 10
508 557
549 468
740 864
19 646
981 706
758 1
669 506
227 932
861 917
173 545
713 517
982 734
94 442
372 415
793 162
741 219
511 523
718 26
249 241
83 46
13 26
962 168
939 869
705 144
527 409
851 753
542 804
857 272
151 351
596 612
72 430
992 897
98 235
404 142
327 13
90 813
506 675
305 577
91 558
163 231
1 300
891 704
468 878
746 434
662 890
990 807
69 702
440 906
798 903
583 293
371 78
453 709
723 623
158 695
274 804
352 199
101 177
961 275
593 608
408 696
331 634
933 165
351 229
321 837
975 965
162 318
390 338
306 770
215 288
52 455
924 265
457 849
313 847
464 574
867 533
210 814
356 810
974 252
824 639
694 806
21 594
867 986
786 293
438 925
163 817
971 629
788 851
37 439
26 975
408 350
156 967
613 123
239 232
365 883
853 632
682 897
689 582
827 278
173 289
870 621
213 615
13 231
33 229
521 5
847 989
756 494
49 456
473 746
3 752
540 794
222 135
698 210
901 945
890 334
834 652
703 491
85 603
325 420
492 591
186 651
771 442
218 281
937 288
568 378
279 435
541 704
715 803
754 221
179 730
375 531
624 718
815 670
31 32
292 78
748 874
819 302
772 905
232 52
78 996
816 167
584 267
551 167
524 902
84 994
204 766
455 3
691 868
587 602
819 619
442 478
198 277
167 824
564 62
165 844
177 482
497 930
390 22
593 505
283 779
980 476
264 217
834 908
335 516
864 841
239 887
628 830
386 262
794 184
326 286
869 914
737 525
598 609
841 722
595 191
409 501
738 413
771 969
588 519
631 315
850 419
364 503
306 501
522 200
987 158
174 601
982 842
57 673
927 172
827 354
983 580
666 832
666 97
555 972
416 256
315 729
278 710
93 163
898 902
980 986
688 913
574 882
42 254
319 325
97 76
194 300
325 604
930 689
647 270
250 460
644 428
579 192
454 903
136 144
77 796
220 108
172 569
411 240
442 85
708 81
87 196
328 289
959 553
293 814
182 233
507 169
655 367
892 74
267 266
93 487
254 159
812 324
178 585
694 578
340 367
641 700
40 844
287 950
705 551
127 99
659 357
198 586
253 989
271 958
71 808
191 469
23 656
654 651
469 200
181 663
0 959
55 995
390 505
890 819
480 561
179 803
652 356
966 566
331 89
739 999
230 476
237 604
345 860
681 262
750 386
303 666
308 790
144 450
843 706
780 95
25 212
405 301
783 274
935 882
740 723
892 935
484 872
655 564
63 826
626 894
197 939
160 879
108 581
567 212
820 937
201 6
448 585
162 402
798 357
694 802
198 628
708 340
49 660
261 528
555 99
463 642
126 517
937 768
445 884
169 559
755 807
537 183
605 302
102 664
164 101
401 554
80 863
79 155
434 104
843 866
900 867
756 928
49 768
50 729
561 280
983 459
711 840
194 753
229 142
643 18
838 83
433 852
559 239
762 765
578 278
632 33
666 63
579 847
513 939
804 777
659 601
324 435
414 479
748 242
70 465
891 824
327 141
911 87
55 941
781 770
288 258
350 237
214 576
490 880
166 690
718 880
344 546
609 539
930 632
472 242
731 306
393 696
438 526
643 2
398 848
571 929
186 623
830 112
437 749
80 890
111 470
502 428
170 788
694 180
580 359
348 241
835 710
211 306
777 687
946 726
944 748
59 576
35 53
305 497
162 878
691 702
835 431
813 866
261 506
6 618
785 72
364 182
543 476
956 404
488 1000
958 377
296 933
456 18
301 616
669 466
401 21
773 464
47 824
17 521
329 343
461 628
31 732
79 317
23 166
433 153
783 736
235 980
776 256
595 905
749 298
898 690
270 8
444 465
339 634
728 326
335 155
452 632
964 286
5 274
551 184
898 360
120 160
852 568
146 124
666 176
719 996
524 234
954 571
276 890
210 207
95 941
595 218
614 280
452 435
121 915
424 993
620 732
215 110
672 339
930 930
735 254
880 441
545 120
907 645
984 550
1000 46
690 890
883 819
923 429
225 533
765 883
408 698
518 903
417 288
272 81
476 216
1 759
580 723
759 718
673 770
655 773
743 849
105 75
262 889
389 262
662 317
735 231
461 869
48 276
105 107
384 371
890 140
787 902
370 140
513 980
541 111
141 983
694 417
211 534
453 325
757 201
396 984
530 813
760 801
476 508
788 311
532 805
170 156
46 58
433 625
586 575
436 733
760 423
933 259
1000 906
787 108
216 72
469 849
381 599
738 915
197 790
60 627
634 416
588 509
287 281
485 954
765 14
934 108
556 72
448 705
243 344
624 960
315 798
349 953
604 338
2 136
823 558
834 679
477 254
647 845
469 702
797 163
325 457
624 70
923 747
572 75
952 816
782 41
754 537
373 21
944 981
260 574
500 361
257 505
813 451
718 215
530 467
785 742
421 677
309 311
796 275
419 46
562 895
204 789
821 904
65 453
414 401
362 892
631 724
21 883
842 3
478 490
563 358
11 945
212 315
784 593
529 159
796 228
802 517
946 419
578 42
606 508
171 283
312 459
10 528
91 317
637 760
153 40
168 573
269 159
335 297
984 82
610 692
229 302
345 234
216 224
456 675
203 246
251 272
419 175
731 554
497 986
487 583
425 507
604 11
335 802
44 851
277 813
813 796
627 686
985 535
199 298
906 259
938 72
810 501
273 206
784 162
717 42
460 126
449 366
206 485
511 336
323 502
796 118
688 818
600 991
71 147
310 932
603 494
31 658
153 798
62 185
663 351
936 57
968 303
668 505
956 960
745 18
755 990
822 764
323 683
304 675
974 36
984 388
396 456
935 508
302 171
278 390
830 357
183 238
81 610
888 661
736 947
58 622
770 760
252 810
291 418
425 639
452 737
140 394
717 207
826 895
952 477
60 114
151 446
244 696
690 597
289 559
461 74
541 715
887 560
17 420
290 421
890 4
570 124
53 764
113 940
305 61
725 724
906 13
358 184
627 578
53 740
19 838
554 996
630 735
438 485
697 969
858 453
882 812
536 922
147 783
465 422
620 413
379 232
317 7
408 414
920 857
182 693
107 831
515 627
253 108
380 827
450 827
350 682
766 981
63 356
296 993
496 589
403 53
395 857
838 762
914 254
777 19
836 698
343 105
175 776
495 296
291 733
962 127
169 749
958 902
512 632
740 200
715 403
489 675
616 318
286 139
650 158
407 858
724 365
38 343
697 211
769 855
219 125
757 61
459 707
56 539
233 508
430 373
582 537
927 738
206 836
621 329
198 116
507 935
961 336
231 407
811 621
640 295
316 848
762 283
316 594
128 380
33 777
437 766
111 82
782 725
822 954
367 350
133 527
961 603
870 772
357 859
820 523
332 166
564 783
253 888
19 235
184 863
874 124
1000 614
596 746
313 746
186 752
153 797
488 458
236 321
421 147
895 292
742 126
366 606
734 448
612 12
386 497
980 721
690 84
260 925
672 288
855 798
463 208
607 147
591 180
999 880
231 140
321 492
109 713
817 172
180 992
247 249
316 673
242 979
511 110
863 116
234 497
947 837
749 654
779 271
731 877
410 108
111 897
223 85
100 83
294 527
147 362
5 20
238 46
49 522
671 769
541 780
677 531
217 760
747 597
225 295
995 287
324 228
254 194
501 541
577 320
579 497
2 182
537 120
29 521
285 87
885 830
249 96
516 535
326 699
188 355
981 401
393 107
119 543
466 178
714 152
68 563
685 868
808 417
787 46
799 562
985 398
66 823
187 906
680 153
349 356
617 374
100 443
871 115
146 49
133 26
549 17
74 667
368 931
208 530
33 886
243 558
598 647
378 363
143 342
500 890
495 143
372 503
691 21
482 15
947 392
936 567
70 461
405 9
763 91
613 148
149 886
274 69
495 714
468 449
421 464
147 91
401 646
238 98
553 796
262 559
790 711
19 663
772 477
98 731
29 387
495 505
490 454
897 403
615 958
554 970
991 47
411 223
683 808
171 625
856 761
944 133
783 910
526 958
810 576
997 307
576 44
678 95
253 680
84 466
608 801
948 3
685 318
121 931
685 349
985 608
86 704
355 838
472 533
698 526
340 689
658 273
623 440
597 89
957 311
965 938
768 483
98 278
461 308
13 567
673 651
597 65
577 488
703 573
706 440
173 354
704 750
816 845
105 994
854 185
569 407
476 835
398 340
248 288
348 191
716 653
236 361
237 882
970 492
982 130
140 722
935 550
287 343
455 620
328 939
714 962
819 223
110 602
482 583
300 919
630 250
910 943
539 625
133 438
920 214
931 865
943 554
697 599
149 843
774 258
680 787
255 243
495 776
544 891
269 321
690 373
805 20
246 501
956 707
190 746
708 884
76 743
158 545
278 75
417 2
285 449
695 887
253 301
439 259
649 546
773 400
326 533
79 187
303 201
906 134
898 560
229 887
263 682
533 685
470 367
908 577
812 392
540 294
527 878
182 945
965 181
71 235
836 129
34 943
786 729
42 980
210 254
306 248
616 843
961 44
39 206
74 853
200 209
228 145
375 468
823 751
34 767
970 580
671 910
537 672
648 853
78 566
423 779
790 260
999 22
833 77
92 229
409 974
338 122
462 476
833 949
499 512
722 500
183 215
394 77
308 411
84 675
860 610
419 417
440 776
703 381
400 48
58 596
638 680
390 134
389 377
352 241
629 714
773 302
879 812
800 164
309 590
194 843
855 544
860 284
437 124
284 127
170 882
931 24
988 888
894 433
223 592
919 54
877 640
705 330
873 176
557 372
523 274
929 268
550 523
998 712
122 468
367 677
690 484
604 118
836 829
422 41
435 87
330 176
287 900
105 636
135 337
937 540
492 58
417 731
36 316
709 483
660 545
731 319
527 421
516 513
870 81
506 584
827 107
362 53
299 758
588 178
379 677
242 354
254 155
980 816
216 925
6 356
50 959
106 450
822 864
581 74
779 78
172 142
885 104
573 373
25 425
349 12
84 909
697 756
372 196
608 98
402 598
662 201
340 23
375 525
133 328
601 191
532 473
642 919
639 630
840 284
103 334
618 363
144 567
264 403
588 74
86 643
305 963
913 687
403 246
435 156
621 116
526 643
729 948
759 216
854 982
872 741
161 738
521 638
753 507
949 245
978 549
792 938
765 329
511 262
944 387
613 550
746 366
276 485
1 724
73 576
192 452
22 871
438 814
704 559
971 831
232 174
637 855
20 988
712 951
241 595
882 73
174 42
728 864
764 679
739 116
164 870
743 940
528 770
313 970
80 840
0 226
854 338
883 366
534 754
144 525
295 192
809 400
423 435
328 111
285 102
758 7
861 173
986 18
99 877
178 234
628 81
132 740
849 4
997 511
51 636
932 35
398 311
396 516
327 999
141 639
36 512
431 785
5 264
138 77
431 178
52 930
348 151
617 508
512 492
133 833
662 81
343 352
768 506
766 366
828 962
420 15
28 129
583 56
500 680
619 241
618 300
601 668
699 71
610 180
487 542
305 955
131 44
398 682
1000 464
904 620
564 126
266 440
579 602
293 666
920 2
603 958
704 211
58 319
680 774
691 803
252 644
744 817
127 591
904 147
821 523
464 103
498 820
938 731
58 665
374 331
630 123
397 712
400 912
90 811
317 320
867 548
398 535
259 84
678 712
521 136
538 228
254 354
621 174
151 202
951 191
224 725
267 704
358 897
679 17
504 769
986 416
35 333
981 237
539 394
22 437
754 652
293 732
436 302
737 718
753 401
848 988
549 786
318 352
273 375
418 169
746 23
335 0
714 745
391 916
867 972
141 768
224 651
470 555
323 121
449 280
989 860
670 950
213 502
484 84
735 790
537 143
422 175
863 452
219 355
692 464
915 634
330 168
451 775
957 691
478 88
733 950
237 540
896 149
242 110
26 182
372 536
701 513
682 809
256 299
991 253
251 430
727 515
88 655
438 327
375 485
271 799
303 0
881 556
233 322
852 953
581 335
423 522
137 437
131 875
762 110
384 81
492 128
871 190
809 74
445 250
101 570
637 505
947 702
70 763
867 412
895 191
476 278
145 189
461 58
330 240
878 664
946 799
636 816
968 568
93 861
669 985
34 232
368 211
195 115
288 416
405 259
146 931
335 647
262 357
277 203
636 990
93 676
231 273
386 439
100 857
47 23
909 752
386 325
138 58
935 752
950 183
507 628
217 530
706 760
350 443
944 699
115 395
571 446
563 191
36 446
370 213
832 746
839 911
321 847
467 746
116 910
875 467
214 760
338 965
189 400
988 125
565 241
809 645
57 583
652 990
323 122
773 397
741 934
364 838
994 439
658 369
62 439
551 184
356 17
466 791
468 552
255 350
606 154
81 807
747 640
55 523
916 442
550 350
627 242
401 600
243 765
339 721
239 561
677 731
829 646
793 106
53 578
356 791
212 205
144 572
971 613
909 212
628 486
156 878
442 362
375 531
108 851
284 285
81 799
552 130
53 656
934 96
849 194
293 732
949 397
9 271
561 483
806 873
955 888
50 406
669 426
395 752
766 403
319 668
959 945
776 502
250 322
403 573
421 578
537 253
236 254
692 62
110 481
38 688
908 671
933 505
851 427
91 127
93 681
704 793
354 213
975 141
187 553
105 434
587 714
376 571
608 448
117 91
902 300
517 492
849 118
365 290
143 329
894 849
834 427
142 189
616 66
943 16
90 218
421 523
797 250
232 665
731 593
583 157
239 621
899 325
151 779
280 983
30 898
384 884
424 485
836 733
329 583
993 950
917 942
518 758
51 366
207 545
347 564
419 173
757 92
988 194
840 11
667 636
838 533
74 823
166 511
81 326
396 801
221 335
764 624
790 35
315 35
865 783
426 790
507 907
397 670
144 632
528 354
718 633
165 276
807 755
967 958
578 98
797 893
757 273
712 770
196 491
148 94
274 443
367 494
139 912
216 196
301 403
185 376
507 924
581 830
677 880
658 238
120 648
976 281
154 922
686 106
423 744
264 443
526 876
566 435
475 956
709 798
929 429
696 49
15 8
83 265
750 708
938 569
157 320
507 350
278 536
497 542
296 0
404 939
497 306
232 49
674 630
237 587
811 612
948 36
584 588
957 304
988 387
560 845
588 991
68 128
768 332
775 878
443 523
922 757
157 897
715 848
72 25
798 13
789 850
42 991
510 878
751 645
876 404
143 978
383 475
549 830
132 904
949 560
239 465
123 651
299 162
465 645
810 593
466 205
743 791
601 541
236 25
154 259
393 230
25 657
807 887
711 501
728 191
432 782
218 682
159 591
773 764
832 966
621 961
582 312
257 506
278 17
779 552
506 741
400 116
50 955
831 763
219 64
563 182
346 472
939 352
523 761
462 179
362 366
847 165
465 530
345 227
466 695
759 704
138 919
471 885
570 930
349 474
886 337
148 660
148 463
987 40
465 161
933 299
168 297
377 227
386 220
656 922
535 372
499 190
885 465
960 332
90 864
208 547
187 797
411 359
437 983
874 434
178 521
993 303
276 92
695 49
346 623
618 232
740 121
10 137
398 110
394 253
42 124
432 220
823 749
312 45
913 181
982 205
80 298
609 736
189 643
805 383
507 924
8 721
667 345
400 459
512 496
106 752
638 752
557 681
692 180
68 465
67 24
789 822
567 831
679 873
595 597
224 522
198 841
696 686
118 911
541 885
497 38
423 247
333 324
958 58
407 452
519 562
446 127
613 326
995 109
186 895
313 486
306 407
823 647
727 583
687 545
891 307
853 486
376 34
376 185
765 679
317 442
664 557
455 483
611 315
76 783
867 41
330 88
498 708
542 357
613 638
214 674
567 253
262 994
674 490
389 492
713 118
12 67
71 799
521 579
720 290
532 149
719 984
143 662
31 236
106 550
667 731
398 480
908 116
758 968
531 564
139 849
409 6
993 12
516 16
583 260
746 887
317 904
181 643
895 605
493 114
799 521
424 364
668 740
333 989
481 699
253 789
288 359
360 325
199 303
632 598
249 691
565 838
337 414
536 921
479 283
307 935
429 682
582 772
992 87
109 355
575 31
426 658
300 701
539 228
375 20
319 495
920 935
765 578
250 365
37 175
929 148
148 806
688 89
324 975
581 204
247 445
122 900
156 574
739 769
785 266
446 347
205 949
514 335
576 620
264 414
859 998
42 506
5 886
210 922
345 571
598 396
256 178
253 667
692 806
160 258
762 722
144 139
386 373
178 727
346 85
635 807
428 569
378 480
403 780
670 543
797 858
230 653
935 923
699 487
532 985
222 923
646 178
580 521
525 617
17 572
977 563
924 494
379 612
622 573
776 529
307 265
647 342
811 150
230 157
81 215
36 917
806 638
808 935
353 190
809 364
180 630
16 388
371 908
879 94
216 100
136 184
704 920
178 533
479 139
31 731
531 64
26 654
573 58
15 651
309 719
780 108
728 861
26 576
398 826
608 709
369 879
53 935
773 451
409 606
47 532
607 328
488 476
156 955
766 791
373 14
264 342
992 829
61 759
288 718
845 624
206 254
398 826
715 354
172 639
836 568
21 507
222 137
875 93
880 879
327 144
6 696
693 260
909 614
784 897
780 794
804 20
771 74
575 643
410 757
81 32
685 275
877 931
477 188
48 471
99 384
492 66
354 574
335 778
699 498
322 798
875 545
137 174
611 992
639 698
881 654
551 801
783 680
431 544
337 800
586 982
64 430
858 271
853 297
620 113
145 852
106 889
559 77
234 151
866 270
315 850
549 851
368 109
413 91
619 638
660 93
225 339
268 195
934 457
984 669
27 155
768 901
289 310
1000 119
121 324
47 389
774 781
244 891
128 960
381 698
445 841
573 286
780 514
628 900
839 556
206 385
505 639
280 145
309 443
778 352
157 448
928 217
471 222
389 782
388 357
727 190
151 438
334 357
634 128
510 631
599 849
539 171
922 374
62 237
344 364
616 483
526 160
924 673
549 398
397 679
598 465
198 89
359 10
430 140
944 413
937 329
398 628
420 679
41 646
841 854
241 107
718 145
741 493
970 104
869 80
724 166
236 897
458 206
225 769
482 565
762 30
923 527
672 206
605 691
524 698
926 649
170 14
657 905
426 260
294 507
74 943
94 694
121 471
190 690
519 104
54 325
120 922
244 724
102 845
227 108
131 729
102 377
542 490
668 188
928 787
311 387
310 892
597 407
68 304
360 529
742 747
566 783
562 621
451 599
768 437
845 260
614 683
871 301
838 195
918 660
891 823
254 123
752 704
749 609
621 196
98 63
10 359
12 342
358 977
957 192
504 371
405 417
965 700
458 978
753 142
403 290
62 166
754 47
943 919
791 954
855 936
583 198
992 602
75 732
504 744
575 818
449 288
950 721
745 70
950 372
340 680
676 343
759 233
788 328
441 274
81 117
768 98
165 403
488 79
65 243
82 560
687 466
871 540
169 602
624 972
494 611
247 284
235 561
602 886
972 870
975 594
28 391
408 947
437 668
198 186
192 466
589 45
983 410
411 375
796 222
294 842
895 33
442 507
508 972
204 947
417 293
806 643
923 576
350 381
710 433
184 364
214 720
23 244
899 378
873 741
953 341
24 474
230 875
115 943
71 638
727 933
115 830
353 610
40 985
311 505
677 369
285 13
777 165
906 987
549 576
726 776
244 21
594 698
15 489
602 205
217 834
404 160
911 868
586 163
332 412
831 542
317 439
165 937
937 506
342 774
352 108
134 210
478 595
934 330
777 923
68 32
240 733
328 408
569 644
621 38
909 509
219 732
541 630
191 392
795 656
523 965
493 890
102 188
106 156
257 293
239 293
700 266
846 364
398 289
357 659
890 265
625 592
917 361
592 459
109 741
816 406
984 951
244 159
26 659
398 720
686 986
632 181
786 909
759 24
261 951
819 674
825 63
894 386
332 8
952 578
72 909
187 990
813 784
127 740
884 574
509 167
292 90
179 20
347 392
874 33
87 787
164 13
194 669
196 4
813 377
79 383
445 379
331 40
994 970
873 477
571 404
121 813
809 839
49 920
132 894
960 804
408 74
588 565
718 686
757 269
1 321
516 469
544 906
160 509
456 70
925 913
204 869
65 39
617 586
554 214
36 430
144 42
46 802
44 540
762 32
579 38
651 496
611 787
688 884
198 841
147 270
766 359
250 900
27 456
592 622
939 654
372 229
160 329
347 827
548 329
33 298
854 669
988 790
831 544
600 41
118 962
643 734
925 987
368 219
365 117
357 35
181 467
725 85
859 260
185 384
414 861
973 503
817 976
79 543
743 672
779 556
575 323
484 705
62 858
578 779
69 753
563 793
503 416
987 588
295 984
381 763
465 67
47 824
690 555
824 799
671 549
894 760
34 442
131 869
529 204
833 638
244 622
337 742
764 602
857 397
680 94
586 562
370 205
129 170
180 128
30 838
107 810
69 890
772 257
841 795
843 413
337 174
585 648
473 815
605 16
70 833
220 308
953 93
777 526
734 258
668 414
123 434
184 635
804 720
33 153
904 352
72 713
186 305
110 422
196 181
731 314
602 693
306 468
726 415
831 580
192 857
543 231
75 781
894 76
768 198
627 827
35 993
915 501
173 816
446 274
593 499
694 997
708 641
540 342
631 177
824 238
515 231
365 529
741 884
124 686
681 931
532 808
389 330
97 856
67 59
402 756
592 49
539 458
474 783
274 907
767 514
190 645
205 185
397 194
935 208
227 71
551 12
843 979
129 156
441 552
330 596
764 974
676 979
101 934
82 701
43 330
888 354
919 406
237 366
494 168
154 187
714 857
182 514
207 111
837 119
262 677
252 666
161 414
421 263
847 521
976 130
921 702
828 841
801 164
827 33
493 912
961 471
239 789
499 404
369 990
206 811
144 939
541 76
961 559
940 168
846 89
243 131
62 933
726 430
84 232
659 505
239 334
431 106
51 660
948 269
850 512
158 414
743 231
190 601
781 284
420 661
187 124
126 795
121 601
966 607
754 864
682 187
932 861
987 705
486 654
426 836
816 809
613 592
431 517
883 549
693 596
246 355
910 300
606 361
916 513
514 188
633 223
342 797
489 478
225 233
135 255
857 867
573 709
852 692
391 125
842 738
996 711
562 712
714 399
67 516
150 873
272 688
608 344
777 483
563 900
156 565
259 651
119 537
644 848
754 529
951 838
846 956
555 353
845 411
555 595
712 336
671 502
107 842
569 64
522 990
223 616
11 448
245 855
555 413
45 396
291 792
366 46
458 376
120 105
183 332
324 416
172 990
612 713
917 532
63 738
366 872
431 887
25 872
630 539
135 620
503 663
472 735
332 784
255 860
331 184
38 883
761 375
817 924
196 31
317 644
936 268
752 138
669 15
853 422
931 689
286 501
315 271
220 786
631 243
878 773
114 634
295 653
178 882
617 671
69 643
561 153
323 797
227 757
11 658
952 845
92 920
228 403
977 983
705 267
262 679
840 767
212 674
314 973
276 274
482 976
602 984
687 604
221 19
498 301
799 399
348 438
656 613
419 941
605 742
686 587
991 880
561 661
556 18
627 198
705 829
565 252
413 543
427 93
285 929
825 695
828 510
285 61
837 8
412 908
413 650
993 961
419 714
640 601
795 403
273 734
234 293
363 65
404 848
839 78
16 868
290 227
33 943
797 198
985 561
984 389
304 138
999 192
668 422
223 326
940 772
307 639
948 951
661 876
950 488
758 483
42 608
748 583
495 629
212 670
796 72
839 623
132 590
817 489
415 662
798 92
932 476
913 73
583 111
350 194
715 73
718 49
392 176
553 668
338 285
381 542
979 283
323 514
757 536
213 419
116 708
710 363
559 603
183 795
100 188
861 448
617 404
474 405
921 992
928 145
755 139
433 569
399 138
372 565
58 519
794 707
556 196
25 318
507 753
805 931
255 964
439 114
770 617
989 641
688 981
274 651
141 885
85 887
84 673
565 7
18 981
10 303
194 53
429 124
609 946
624 990
603 896
285 696
904 873
344 370
440 53
596 416
836 554
593 132
667 746
217 707
731 376
865 763
630 566
224 897
672 918
249 499
108 145
512 119
845 813
114 703
752 406
961 731
414 500
864 941
681 558
823 611
800 866
569 602
959 297
330 135
157 696
810 839
588 33
799 685
408 766
317 846
290 676
317 147
377 42
358 283
957 529
91 632
870 246
709 279
370 592
641 461
783 422
11 526
698 596
340 127
509 110
847 557
475 72
261 356
4 826
857 281
128 397
127 650
374 561
79 585
931 470
87 413
601 616
481 274
657 100
625 260
333 531
471 331
910 130
858 630
901 211
388 892
302 688
723 520
527 974
685 74
47 177
919 842
728 35
567 930
454 208
515 620
703 333
159 567
33 144
997 294
947 562
406 323
4 717
171 820
621 348
84 416
5 316
921 640
795 812
372 809
665 408
354 75
900 985
223 981
811 747
197 547
294 252
403 809
495 18
423 213
672 646
309 726
287 973
375 919
588 997
258 760
847 357
27 932
426 147
421 579
228 624
255 56
614 420
895 944
976 86
146 449
95 302
424 109
245 473
80 384
36 555
947 83
155 825
305 44
381 920
587 943
972 613
811 640
812 538
528 858
850 363
983 663
768 574
526 851
596 68
316 618
677 867
456 196
845 911
11 863
211 369
410 827
787 500
224 673
497 890
601 876
986 950
346 254
277 599
603 323
453 217
205 840
724 135
5 676
77 901
93 687
889 291
382 406
325 687
640 186
298 1
813 399
751 934
368 889
581 577
250 223
812 45
243 224
641 779
675 187
585 21
923 825
191 105
846 726
595 85
287 615
349 417
998 18
356 454
214 331
718 32
287 366
601 25
158 625
605 887
920 20
468 363
221 926
596 675
0 136
797 595
710 860
883 556
264 688
911 412
272 762
140 404
692 632
995 710
925 860
926 962
245 480
47 921
565 893
984 161
577 458
78 584
742 490
615 805
140 583
274 86
55 819
995 858
730 777
373 589
533 381
970 188
190 959
674 996
462 862
16 660
986 54
830 770
230 354
309 502
68 971
492 535
609 685
123 78
250 207
880 514
592 933
461 649
618 968
550 834
707 331
246 273
298 374
115 661
570 563
813 841
504 101
420 589
808 935
792 113
135 978
806 698
228 649
173 944
531 640
811 988
484 344
150 704
199 452
774 686
358 93
904 447
340 262
258 497
60 810
858 327
488 729
909 399
724 5
984 961
295 853
825 250
317 164
714 434
961 443
753 182
795 391
132 791
152 733
130 407
325 826
247 576
778 301
378 945
498 921
625 435
448 576
308 192
388 323
682 767
822 552
840 729
92 446
735 187
895 32
984 195
774 383
681 703
708 726
773 432
115 760
791 663
675 41
879 521
25 635
460 186
978 119
111 712
681 380
586 627
982 712
537 998
649 71
462 333
748 57
339 822
512 315
793 263
823 566
393 236
488 41
171 298
763 234
685 332
263 786
921 0
541 378
278 308
940 586
967 893
602 12
269 527
300 340
876 651
349 675
448 754
990 269
620 912
916 1000
91 778
881 597
3 1000
123 861
878 95
166 995
131 211
424 962
689 42
460 109
94 842
198 994
501 597
25 172
44 602
112 359
59 804
424 991
681 30
524 764
713 367
238 410
480 488
809 794
707 449
801 463
335 82
585 2
365 683
848 16
635 943
620 80
668 205
189 425
466 895
484 632
977 862
474 664
910 714
885 22
862 986
2 347
31 635
47 96
95 692
281 49
442 984
672 566
851 612
528 625
156 188
871 276
293 596
918 358
157 130
890 519
445 43
418 831
779 903
601 250
555 287
249 533
944 664
349 621
865 173
770 618
367 98
154 231
635 596
682 424
618 81
744 995
918 828
877 53
690 730
135 685
658 600
738 676
780 719
273 125
29 878
409 846
442 884
200 653
192 921
909 141
568 483
155 512
599 204
66 886
811 645
375 696
437 455
153 459
958 640
414 434
543 832
8 27
137 537
436 112
146 470
865 156
875 350
134 986
264 756
859 371
89 102
222 253
563 977
268 934
473 894
288 531
546 695
803 962
950 213
516 729
638 520
285 161
867 289
540 182
137 993
481 892
576 335
242 258
592 992
659 833
7 16
98 523
61 581
736 133
641 828
64 693
559 648
37 862
472 110
15 449
320 133
398 769
399 631
833 16
904 514
665 315
798 727
5 819
62 231
793 154
161 870
350 833
569 662
139 965
857 692
903 40
452 681
922 138
604 137
452 98
647 78
468 418
878 834
281 297
649 637
618 368
445 751
820 226
379 614
249 528
691 976
369 484
967 243
756 601
564 631
479 572
176 271
704 175
251 473
895 411
745 298
37 37
513 79
761 748
740 334
698 917
378 955
186 780
937 965
376 747
370 305
20 79
730 223
721 569
597 231
398 200
38 532
552 664
926 927
579 2
683 454
570 995
605 851
852 205
32 198
724 984
449 878
942 660
46 359
621 806
541 604
928 883
899 53
87 100
989 564
657 483
630 137
828 830
462 944
93 780
167 968
614 509
346 14
77 440
980 931
641 280
967 868
598 862
562 467
72 483
563 487
234 706
848 70
378 487
466 220
188 863
726 611
731 118
559 918
302 981
92 72
313 223
573 720
89 858
24 895
370 63
661 614
101 131
791 479
668 446
401 669
167 386
204 778
410 884
509 248
457 334
644 3
138 686
193 454
185 813
225 801
730 206
414 92
891 434
362 2
382 543
196 344
379 5
345 441
156 387
871 559
49 948
726 99
230 93
514 359
565 349
671 227
109 604
36 965
77 401
616 690
836 245
405 388
947 432
529 50
958 578
376 604
957 760
520 662
145 651
657 109
59 613
551 237
944 122
862 443
995 201
600 971
389 76
153 914
859 379
996 214
326 823
375 212
959 29
723 487
870 155
435 716
906 548
509 553
148 606
890 379
791 698
47 76
714 436
306 81
520 397
128 73
702 700
879 922
270 624
766 579
494 928
580 369
286 617
802 938
371 995
266 419
409 612
603 999
472 124
730 185
933 6
265 65
333 465
163 919
739 262
426 999
633 53
149 845
730 410
890 971
672 468
263 766
180 604
556 263
588 749
397 61
78 620
162 305
573 624
478 228
830 803
859 492
826 993
997 850
84 715
831 182
77 416
806 205
567 586
452 400
462 924
677 288
689 737
878 107
592 671
29 763
525 340
364 400
500 514
481 579
739 445
303 849
999 765
936 942
375 727
539 343
479 103
861 830
526 818
814 77
407 209
529 776
260 636
369 841
936 650
918 864
627 103
256 459
912 22
41 870
625 233
76 867
905 840
662 506
517 805
356 849
173 345
58 223
991 667
375 617
49 767
489 600
725 782
621 422
11 693
979 733
980 196
92 512
949 126
853 409
797 94
821 450
442 593
735 491
145 648
313 714
403 853
730 118
63 125
910 921
777 835
875 626
457 9
33 348
439 934
239 666
523 410
945 66
712 180
980 643
245 843
140 734
353 180
758 7
438 905
682 390
59 370
715 170
481 962
195 587
524 79
603 84
449 734
323 373
246 999
633 8
408 237
93 259
912 738
849 851
93 603
845 71
800 866
182 755
621 257
183 416
675 82
45 302
754 98
377 201
229 559
731 697
424 923
34 168
734 596
709 131
559 507
763 337
114 156
494 734
83 25
17 179
16 256
558 178
352 915
166 785
98 424
924 21
12 341
204 678
984 159
320 245
261 702
156 753
812 942
277 562
180 992
268 71
518 737
549 738
32 629
370 620
67 9
599 808
608 371
319 665
450 69
377 459
290 711
537 369
539 331
417 583
270 528
800 668
566 137
29 955
747 574
428 560
493 557
389 951
585 361
370 606
729 719
933 37
42 952
330 854
448 777
22 144
784 893
357 383
580 661
574 205
588 823
550 332
508 678
316 576
272 501
412 155
942 912
158 892
729 690
754 398
390 425
870 768
614 969
464 388
690 397
727 650
21 248
78 49
138 928
471 326
407 981
184 821
449 383
477 6
553 417
12 432
652 58
642 352
305 440
338 773
324 977
734 89
8 640
702 494
77 111
976 568
730 720
451 229
184 512
130 998
265 960
832 78
194 179
701 906
271 26
462 475
525 774
134 741
12 93
860 613
112 687
367 897
451 641
182 818
529 617
513 251
322 333
964 787
165 984
626 654
410 854
297 872
833 149
968 117
898 717
229 112
61 869
897 675
435 283
696 349
111 610
396 112
893 928
772 844
830 349
716 545
448 94
920 78
724 208
923 199
659 218
427 955
460 69
545 830
646 756
312 477
271 50
146 949
533 728
896 893
400 89
728 375
435 287
814 397
546 851
138 891
8 757
501 892
949 527
501 770
730 689
644 51
984 138
629 771
388 157
974 724
187 310
325 812
769 29
533 170
983 868
388 791
465 298
766 208
671 89
316 213
796 115
938 77
3 310
209 165
608 625
746 192
622 655
158 690
343 72
42 680
610 287
899 110
700 190
754 812
146 30
83 253
951 764
468 444
443 996
294 115
533 619
275 249
878 444
796 685
796 304
55 905
883 883
776 166
611 96
903 225
677 956
709 675
871 256
899 456
721 286
38 351
135 585
666 786
658 927
167 84
129 437
111 110
557 131
871 996
217 821
927 819
371 148
643 795
933 135
869 686
314 946
440 24
171 112
376 223
685 907
77 906
172 960
467 358
636 805
576 66
483 904
749 629
784 261
520 931
7 103
890 530
527 541
286 921
127 809
86 522
336 303
278 930
159 122
690 49
868 79
786 81
962 352
470 495
47 880
939 637
354 728
553 965
866 565
228 438
541 409
920 581
805 892
908 57
618 37
195 638
993 619
643 630
248 97
887 22
516 774
654 808
476 972
666 232
153 361
13 979
365 506
568 754
160 275
263 935
328 952
186 928
197 592
747 746
603 85
607 989
457 203
736 209
467 956
394 63
696 752
847 220
428 522
863 481
768 233
473 699
702 312
847 502
855 351
374 680
744 307
957 11
630 575
110 373
768 388
494 911
613 568
353 96
312 602
719 529
441 808
648 457
912 25
801 695
22 630
85 628
497 617
648 325
199 441
906 398
220 807
974 110
495 358
680 977
326 100
727 224
901 649
285 53
178 404
720 845
944 241
980 264
793 290
784 153
568 98
85 615
617 111
879 509
625 681
157 697
675 488
251 419
336 341
677 217
488 956
550 704
180 887
58 583
949 52
457 537
430 836
690 156
893 48
965 591
733 708
338 550
428 147
445 562
331 190
506 101
909 659
739 700
593 350
793 589
353 27
200 249
8 502
529 155
367 148
900 984
403 209
100 269
706 469
728 381
559 298
680 460
793 626
124 52
327 27
167 328
695 641
950 584
967 248
615 859
521 675
917 732
989 55
159 202
996 236
955 878
791 526
254 498
619 527
181 601
70 110
411 489
148 972
581 948
735 597
686 657
677 289
220 168
212 257
484 211
634 809
17 936
456 659
772 741
776 913
611 643
926 249
965 300
900 394
917 606
811 689
427 105
658 845
52 177
73 573
915 166
725 399
549 780
852 561
187 480
326 202
820 225
607 750
519 413
305 502
530 480
998 72
638 204
51 499
970 473
171 751
75 299
227 132
590 65
58 342
196 552
16 567
493 987
354 189
186 607
269 372
895 662
352 360
320 944
744 852
223 443
176 906
855 465
173 466
242 817
115 64
866 612
853 66
607 51
530 5
924 727
181 34
807 538
832 180
123 781
112 667
785 767
893 658
97 733
734 779
688 791
468 409
530 182
170 447
789 674
757 132
918 465
884 511
449 58
560 290
681 307
211 558
923 623
606 153
87 87
62 100
591 145
914 896
658 793
95 321
652 134
597 587
12 195
27 738
779 455
895 513
581 235
974 382
53 611
617 65
677 607
943 391
66 786
160 420
441 492
21 645
155 119
42 478
964 948
63 859
808 736
413 466
426 470
9 336
461 393
273 161
862 825
798 703
370 913
69 146
321 426
381 675
224 995
887 177
96 689
140 842
294 781
951 751
7 523
578 928
373 807
924 224
945 957
842 271
192 196
805 407
180 498
833 513
3 498
326 698
943 96
665 402
588 947
491 988
152 376
760 751
865 32
638 501
898 998
58 809
522 581
810 298
874 585
17 741
853 612
426 271
929 887
62 119
84 36
315 569
110 845
551 316
114 129
77 965
193 910
87 796
228 681
36 849
782 528
190 232
765 946
836 0
421 792
339 109
626 70
990 385
869 236
771 963
352 973
693 999
20 565
526 712
996 921
886 695
95 336
151 196
165 986
639 734
453 875
122 286
630 521
