1000
60899089 1048575
66665936 88768754
767671 19556956
24997356 15740989
83782454 40659232
96691339 18956236
15591243 73544454
62133394 28115681
51030724 8613724
42575718 93924422
88828167 51719112
44742292 98689296
16858282 83928379
47433259 82502472
7194745 61203174
90361165 13591733
63805349 21224216
89315559 78125036
48294105 9128747
92519595 88908875
66923564 33862870
8030270 58529013
14279269 78219202
48290787 9961283
7452193 79828440
13358293 3606401
28538379 8034245
69622268 71179556
50088096 70101019
82688666 43375856
14541819 22071347
45804896 76580403
26886486 53636141
92928852 58014875
7509850 91502588
86319378 50316163
74674730 85813958
55037142 73473525
71438492 55150352
57375655 72827383
77448970 32350973
97290492 75793539
31289868 86219958
82302384 56204966
1863385 99468802
26823880 22114696
2834809 88543784
21746122 80408735
14599437 19328334
46350311 86945657
19391615 58737677
52555236 11962644
80913265 36677479
28354390 87822961
841783 58644485
28781099 57992245
72430808 46718878
65352979 58139671
37117876 41293364
49748376 61609116
68506488 79985328
4433682 46299227
32173795 70266270
8828475 66135165
65541951 10366694
975097 34527420
19839986 30890266
30343821 78388761
30599962 99890454
74614697 61094978
72949378 89123205
63863454 92806833
4649120 42537547
7536229 46442720
3166290 36124130
26124078 18316307
53085071 11479648
69258820 70452792
82948101 11109955
19996873 86262067
65311031 84416795
61710115 4228063
40909847 22985640
75944286 82147275
96607986 2549057
86179827 14330190
94696691 53008309
64276336 90444503
15164116 61355442
68311797 39978464
43434985 16907261
87003228 53476257
43037775 19624804
32293467 5203234
66394405 93401503
92871801 16574254
37363217 7322584
30313955 1187103
47248917 66979607
11504606 63521116
18869971 15695982
30961598 35596815
12189478 50935934
23168077 27846652
78775418 50625579
77320682 27364785
82637360 43207513
98466978 87824052
79829403 88347020
87638482 99848988
50818241 42084031
62256420 5210724
32817348 69402809
57029905 53597686
87305571 59314059
35794680 63170156
60582494 662757
55335118 13264567
25013650 8049494
92934783 58421698
50171155 74673911
2960723 98438143
484216 8876603
14375756 70298932
93329641 51481419
70667094 45331967
30166032 71277740
7585995 10797799
93014214 48264668
93508199 91943030
62025783 62303805
97573762 18933614
74167867 57677281
17742435 3859175
28026285 899233
35748361 29879618
14553705 45302585
65214915 15118711
51344508 4166823
11843318 40277780
93231540 99621268
27076189 21595619
71960493 97255767
63322369 34739520
94656359 57739096
61496219 94223767
77987801 26616085
79730946 85457101
16934288 17342725
90107983 26958023
77501011 3340817
82949533 33988721
29920845 21902127
58073993 50478203
54249449 99135082
732550 75852681
73687738 11653431
16904332 49635608
40660518 42712346
57761801 36600334
79202821 601621
58543436 6289124
29544873 96514881
41425920 79858875
81795888 37942622
37218196 92985322
60909433 3615974
39094478 13752292
8272068 20634039
93052342 44361332
27751208 5612456
20078889 17386056
94345079 58487060
97043042 42834058
290016 53379970
89135792 60171018
53692413 41406783
26777565 31512414
78043189 64937865
60683907 14512134
3945263 76626701
30644236 12442888
98534169 60369052
16909525 80402109
12352752 10126041
78561980 3950597
17153269 83202688
14166022 44038856
33767056 61857257
44014998 78254721
91041992 8457007
42882856 10942157
77267610 80578370
27630908 33735262
64721466 13336721
26921405 24807649
54575608 16790867
44679870 57070325
35244245 9039935
86755293 47374089
61781327 75345784
72347570 61117110
535573 57723103
43251682 17413678
4093233 89833523
43765115 99875584
19774314 30558419
15954302 69895394
13428397 30942720
63370920 73920706
10757668 48646340
67881458 44626533
9133344 65880282
91116510 55431639
95940571 82082710
31505282 33694373
61390265 90498487
3587293 75625436
94589126 39388133
27716597 69571113
90033468 18994407
32095657 90246295
86887503 16981587
31033647 80333547
85585297 8167513
29102973 68308263
56262863 97653667
8120460 79331668
19902788 43058921
9121889 28386219
9288814 73028415
63595445 82545733
23780052 64279222
59981943 9734128
5360618 63804664
23687622 83441866
35368746 21435489
25907135 2952719
99127416 63096650
64689784 96900900
92848360 35984326
82872815 80761136
4452247 2021287
56115105 2184861
1774871 53571141
55284328 69645863
64471398 72188700
41840839 17234549
44638498 18766411
25963815 89120533
41163197 26512134
8483507 33356005
14054271 74759874
146706 41477339
57837030 74273570
5608221 23793694
68074664 92442273
28045172 66268622
64792697 15380840
2932676 45660119
54101769 41169765
21719178 60874891
90346976 42227397
99181377 56425845
72192184 67835323
24887342 11427807
30328749 7546132
7640797 20720791
60804835 89116270
91745715 50092723
95420266 67371259
17120059 66949318
29586911 40773338
49659534 44101365
98645613 73747809
47058349 60268822
17842619 93504987
61702456 59873619
27478272 65260416
52500560 35532403
25976755 94667635
36070609 20207355
4541542 17107338
5412699 52754043
57320994 59429754
7572088 83912764
59973068 7275565
66894415 22928902
37981367 30087944
68269843 19467908
11532874 74291489
6626648 56165020
99350537 29067168
80473970 76538005
46596393 89842466
30435956 53713437
65678947 82526372
84458343 22782280
70756572 48365821
99676423 10969191
71753315 77696573
40082490 28522710
29933319 65402779
77813660 4221933
87523443 6820109
56206095 6826983
70062844 75283880
22176630 8993696
21130673 49649393
89261874 78550330
11432605 23198293
40057962 94834395
13426148 14863180
75044188 20839590
64750293 99776109
55183631 19333391
5705642 25113057
74751231 228271
37853195 47187488
7076887 50365108
53714082 50722428
10712357 64056649
64567650 57524960
65055028 92315332
39950375 80835429
28569091 32271002
12525715 29240265
37736898 52440207
6465749 50280693
64021144 53414576
72075941 83299271
48980309 38304010
65628733 95343163
44158931 99201892
85736504 54872733
86272598 92146447
53758885 44870816
85329371 13870176
17515822 18142309
20450564 2060206
27844713 54899385
67606590 68573423
79823997 69452104
24162916 46423265
36136852 86236523
84860072 45757120
48070585 85890201
32769774 68486915
27814418 63460765
17110759 12548108
16200789 60500156
73453297 62174561
78838043 10748180
18314258 43870514
48413376 34944939
71881090 77639528
77706915 35941177
16917583 29360985
4347613 22037855
69790682 96366452
7876902 18412699
2886734 51629324
757479 90851182
60529590 6371558
99408615 4686765
4763072 83017323
46801383 57711401
70697450 52699634
86327162 74374052
86988450 58401858
50541290 8954903
96165203 13867557
33978621 53097052
57093097 11055756
71476931 23357002
41482443 48247137
69971652 81708752
65164388 48021097
69159630 25463625
74480576 32517779
76701718 39293061
52703668 28720091
28035849 66749007
95058662 20546098
64507872 86248835
96432505 42164002
69386200 18200270
72048435 24826114
22432752 53744468
15104642 45373227
62847847 28163085
82157870 56803697
69096900 61163008
21072039 18865170
82835431 82103161
14806968 32472147
11813023 63255993
8591237 56088069
94399442 81228278
42989564 36039245
6018592 38378201
29824321 60238626
71097397 70098799
63370881 64335892
20674852 40074111
64354732 55620488
84006821 28067678
59115415 40844224
80171962 7057085
98066410 62461332
7998261 38865672
75571219 78451386
68711712 82008682
86341145 87519331
44452682 41959585
31519194 65765335
33294186 44588856
20575934 28425197
79485163 91484809
32662571 59865479
99044764 50654470
46437454 73966908
63585824 83385181
37471767 61824262
61748242 82120200
86650570 13776578
26935667 32524151
82902301 52491675
75842104 48710767
30842124 38115155
34529157 57625360
42010753 66044306
70335355 65866954
41206057 73502943
92779654 99561366
27547620 74209976
5094190 68335566
54750858 13237140
69530670 56619554
94102946 70661845
60340741 7981247
1897918 87422238
37861229 16505342
90573655 79653375
52542752 70066516
93079427 45871271
58939432 3874155
20552942 88634374
17628785 79334321
99596283 97219582
56508574 94870323
1396391 61163804
90672237 14087892
8573764 81821666
62336398 2375370
37665759 26619872
21787999 71132884
7155284 70104302
26512043 27676126
79827342 54460322
59312026 7366433
20137261 32687830
83830306 65020762
37193332 88244248
20898229 61046909
87819501 82634899
4376414 64572103
38669406 89350767
33646099 70357882
17480660 77604730
70058505 93581696
67283661 48903471
895117 300117
73820112 41499978
54371395 53739465
67984379 82897641
74066879 25478194
26749101 92712439
34608048 50362150
46473274 94696738
2326410 37641579
61896671 18730431
34485326 1646151
6713170 89852325
63063256 65500520
68526330 26998885
78303481 79174182
20218106 87247829
88563691 67267725
48685895 21537699
52641896 62667540
86037790 43531380
96827696 56242051
63025773 75322473
15020259 56996705
50517445 31540541
54542200 12760692
35121014 26824961
67029690 9448481
5619893 12960497
30832047 66047633
94293139 12610182
82302302 65091316
6400582 2985375
84702819 39443464
20050885 53662695
77330333 36433630
74330878 13152003
47417380 61912823
76733246 75382277
41329621 97059571
19183353 90047895
63219683 70449576
58410214 24288454
54557425 49410137
53288627 45456793
63918668 37901873
15416596 74048473
43695956 96660046
89240036 40199025
14521292 40500624
38969982 26464788
21510086 85237099
8220275 47630332
24108676 97276684
25173320 83286902
87066692 64001711
83163913 65052896
48747928 69342463
76110915 54238390
32505472 3319658
87164438 13214639
25242472 74157756
39230200 92389611
2653067 24486783
9689348 57906649
71458804 2870505
2858195 28915737
54972192 91148369
73859986 40300659
38792853 19412358
63344314 28613204
90331947 61778559
79469752 90466560
52604815 51124053
88100195 29516200
62665254 18161511
5820668 72721904
4947857 3987291
75350817 34228949
6635950 48425585
79972328 18526197
38180831 83127562
73413194 42376740
79415925 8671603
8381236 39544835
67258936 50548768
60953278 68007237
23590207 16817568
62245827 64374573
42901032 6946559
11057696 24974407
94768364 15318986
76939126 1922623
5124098 40637104
84644441 84262585
28868318 53817744
18677612 68673236
46615876 63052762
21552647 80808239
38207535 37945155
47951920 86140697
81664071 39370919
64993892 35808391
25358550 56158917
63436344 57579996
73327597 26670867
41480753 80916176
21603294 27366837
91728415 13914035
36291786 74774353
72303565 25010226
95834412 25353038
93024990 25422697
79628439 59799260
44829443 70370462
61208642 89748846
922019 34559496
43968962 408590
74174728 13266046
28175392 15493562
69755725 46994316
44228450 27125081
44750756 55152640
62251785 5944643
62613060 24570136
80569412 37361043
25522279 456056
37315709 83115940
16494640 55964083
97085997 65629552
18632481 11307658
25940538 42871618
78996260 57674006
71343705 57282405
94709594 68091457
36647771 51877893
85545300 47617210
41184686 82008079
55124109 10166254
51637150 51322230
30929299 6554182
33351328 55644254
34784440 28404965
8264663 5537816
39570688 40909266
11770462 59362957
57695364 30769384
13303525 4442705
34050602 71455418
412217 32757330
95340007 13865338
82225997 90052539
15658412 1098169
2852428 67551591
36273009 53754968
15298326 83723890
67466930 16991799
49572712 2353330
7884394 18967775
79358564 79421207
56841796 49874114
1552345 21156601
66447395 87880424
65625106 80207389
64019791 1061611
58929126 1532658
33034174 33484388
9430335 88712955
64088362 88963064
33558482 4574304
45196410 29850369
57064544 46682208
77619803 5931544
62309790 65683730
24685874 77030608
47165202 63386849
53549466 61120039
97846756 38346903
84299626 35357211
74550617 22408219
66284896 90560656
97370041 92493496
18889624 57954750
8577505 70028756
43837450 4047024
714720 94697547
31574138 87527061
28529399 7154138
41604664 40225073
30875664 83109477
5522305 46889466
69531323 66825424
5319338 36323330
97811577 53872794
57444726 19264285
35634420 77955306
28775520 70583704
53573217 36886382
80750458 98054827
98554288 96338585
33845834 56676029
29174378 76931666
74809400 11287730
39521823 22944503
20080787 47357409
58852022 9863241
36271101 11330948
34881186 14519685
41835522 52794831
36167651 15372082
81024033 88120714
27880340 40786869
98154586 89145619
51936888 8911110
72411850 56914007
7994700 71523732
72037632 87188958
56137596 67831545
799762 2331262
19865383 22589852
87698241 73699061
89395485 66820276
26004567 43746924
5789351 46421107
56553353 80049318
35704046 19355078
2513368 83746085
22473491 62782645
9025424 58992746
13505427 94646862
51220616 31842305
15838749 14423215
37094615 26460315
43669403 76437736
93985218 18622390
16764113 6651620
83376387 32080840
18448523 20865890
53218365 22806054
29996846 1175764
34977736 1320222
34634212 72096400
91799905 75978964
61684925 66020350
80319672 83900562
73498117 46238588
91231590 28694717
52997800 59392444
8264892 46815802
20029120 84546299
93432282 36124384
13871330 13139839
79438415 69707833
49206353 39189392
14873066 84085297
80838290 7432392
68908741 48383232
62410265 59635007
55414564 23668129
96893259 90276454
63133610 61911809
39915424 51953505
36626118 80312842
59351699 39009338
67984189 59570614
7418670 63761143
7320068 46531566
80087045 73918411
69203154 70166545
93601615 75096896
8257677 40925567
30385306 14298696
20465662 68888138
54854594 8632552
72382912 92281730
94651634 2975449
81693262 73352095
1032943 84067621
4980989 7588630
57918248 83866209
63131546 35133643
93365985 38085484
1185010 26123365
20063204 14725163
37736111 94953384
87200303 33259310
41790751 18187170
53295777 1546920
69123105 93730505
85364129 26082765
86584092 26387794
21516479 43070223
83355322 90423881
64138092 78865354
33669524 43547582
67900829 83745990
31210693 51893363
7621313 76115865
43434372 72304949
58133643 87844439
46780424 89346380
44693759 26425600
73038347 87033873
30762870 74242916
69283025 5698422
66162272 45127167
88278848 40768654
8786724 43258324
55954833 88120260
6719088 12334376
86783381 68398594
15750857 22171954
50206746 19708123
15881136 86948475
13261443 81587410
80223212 62845907
30150309 26243398
53586192 24542524
56122369 52046306
33132841 87731546
19081708 84115686
69192860 67375505
95706905 206520
67450893 97040452
45576762 62145041
36678156 21106112
13659991 50821235
66119848 25756626
58115499 22351274
26458362 14862943
45766161 40081967
79134162 84072379
43128120 52299284
4366110 73226952
88042751 87668401
36812026 97076117
81597277 55489850
64951630 11948938
31120469 92035230
21207201 81339825
2524557 76421902
60410227 7295611
70026489 44178595
95577978 8159220
67335866 23971127
40589975 47344883
97115592 7418310
96281578 37737624
645114 76206737
80358058 80627446
82836643 69639004
19720043 44534781
14254471 96734253
62375029 69216083
82335123 35688288
72825971 16379560
45614957 62588378
77079553 58439241
41568624 3526387
32184524 96062003
50024392 32800915
82490204 35529364
99231026 9572360
60353641 42242634
72896948 63536760
18509762 94750440
2359231 12283083
32306740 50949534
46146737 75691864
31810188 20000
62112311 5008081
1736027 50748482
62145846 60919615
92231702 76234201
2722595 46728007
33149194 92950722
16963752 34817447
85634645 22439002
20563745 68294380
9375295 6840599
33987064 28518040
32694996 43474813
66502057 28376773
7377884 21981973
19788761 775004
51149921 14704330
22308267 74754767
36200865 97369768
54131283 64710398
70996919 58164098
51134471 52266451
45395200 94074021
95482571 6226702
12315156 36109442
48888432 19288148
20963681 20602213
87870417 82976594
31832229 93817329
86002753 36780022
57414975 41034457
8671455 25678775
31347734 69540465
95313855 33292138
42776792 24722592
17688719 71622741
20483092 51298169
29113355 40961301
34862077 37986985
26194282 89922406
17184642 15158766
10185834 69594507
89164759 44563131
98691180 37701146
73251082 59710376
42278953 24604917
5486916 60065965
83748544 74839478
11091306 1762465
82683785 33136351
58302502 76125188
46987557 67424328
24409882 87967733
61073346 9047921
71683228 59700883
82937016 11608364
31296765 87647563
72232138 7421142
5048997 32893867
66702954 58922767
30760741 22928331
33921675 66588381
64653583 71646439
16016588 62049393
1198678 49147173
33515020 14378059
73309094 32116867
46946915 27078446
32928798 79832473
48375720 67849273
69743098 10978330
15576633 71236831
35936360 25378771
12975642 82257003
4286383 47327489
22725660 59244482
63553525 27487176
56362955 52031869
84378354 31330006
71158884 1753587
79680381 41522075
50476225 91982321
48934399 69073998
33685131 37130212
19286360 29841927
59595038 77896726
18692900 94784012
1122855 27796325
14730820 5461266
8834054 70912356
40159446 48848566
26234921 14023851
51793262 24962065
94604693 76414685
13143825 38891218
36253089 53903375
41737693 44219466
92472910 46849098
62654933 12885792
16293859 22856814
60966313 79543385
20570416 32235618
4388632 86662060
53138153 81184770
81652103 933848
13093081 22657958
41096909 23249606
50122284 45803401
83881614 89998934
49408179 59712225
49331935 98164898
41076301 23934951
94720522 141300
81319269 18580660
8911848 78117250
50662050 97144525
25165429 33663665
83600449 90127930
63403878 21309010
9014259 33849067
36517889 8614494
69053453 38344565
95314157 72273824
58015868 12173952
41738417 73805288
10789662 93526183
59916379 53875067
66190931 44693076
72314876 97997039
16289187 99673261
34366916 16180984
50755670 53240789
95492586 31727658
10224847 41258647
48809648 81140041
82983923 45629155
92829188 90187218
36113181 16049208
19650819 78649434
30628635 81219006
95816960 96642294
75806872 82026145
24337932 94738625
87992371 22909871
46909254 46957966
20926242 38075735
63639184 55807266
15291440 91969233
39906247 30539175
72985625 69217985
86438621 78017211
18894940 85465875
24696405 26645436
21956316 11813110
35798424 57184667
92493115 25931539
55304597 57147585
12964461 98647648
7754725 69179047
18387885 13221900
