10000
895 225
802 923
799 51
460 136
327 503
596 403
935 46
397 126
849 163
162 636
759 113
93 173
280 449
385 434
605 435
778 960
196 316
202 506
478 10
171 412
347 59
506 840
155 272
174 299
255 666
719 268
444 117
718 276
663 997
616 468
999 682
933 881
490 857
919 449
365 396
211 552
27 650
900 479
392 110
39 990
73 864
950 185
239 487
317 26
37 938
831 837
331 383
497 154
916 343
496 828
98 486
728 48
235 724
475 989
939 325
139 171
459 183
679 531
995 476
385 523
410 22
156 980
98 755
746 76
505 857
521 581
637 537
507 248
133 607
80 180
852 112
86 798
510 272
131 610
998 376
783 348
960 277
554 848
226 44
290 399
696 225
869 617
194 461
145 485
532 587
203 348
722 330
546 205
806 944
548 682
808 167
565 763
963 949
627 854
175 92
779 186
651 499
406 261
528 435
841 388
141 21
26 891
208 581
599 495
686 843
689 459
736 897
792 790
506 798
637 764
529 468
813 571
368 571
692 965
765 430
872 340
474 636
691 669
340 436
306 381
320 320
226 416
907 742
287 868
70 650
224 978
664 894
368 613
730 974
870 17
307 464
252 299
68 219
932 804
814 69
158 442
597 397
271 673
0 26
977 18
649 304
422 503
613 467
404 208
525 230
875 501
185 244
328 475
159 188
161 314
682 325
985 246
598 894
995 406
890 589
741 89
407 611
780 217
529 11
882 304
443 144
664 260
207 806
327 589
205 911
193 40
848 27
780 534
573 704
301 488
740 119
991 674
971 586
746 416
504 391
482 674
384 21
165 937
101 88
363 979
53 530
621 966
268 249
173 719
125 608
802 697
435 320
31 391
567 723
289 547
142 393
935 981
696 158
64 281
186 911
741 201
70 884
644 197
969 390
858 110
526 742
137 300
105 403
274 234
163 526
139 142
729 888
53 179
780 473
212 330
137 688
285 138
459 495
702 669
220 181
644 43
636 144
212 882
802 892
93 360
236 639
953 358
665 175
629 179
829 208
873 314
187 610
841 403
435 415
450 90
40 294
883 974
911 775
349 187
505 785
608 236
541 774
733 420
34 449
697 100
280 236
351 416
585 21
700 615
159 245
12 926
365 64
22 120
213 651
408 690
870 271
717 111
275 23
884 232
701 537
226 231
292 224
302 927
88 842
812 379
406 370
158 799
239 309
91 530
619 274
365 126
532 426
517 373
991 653
609 226
787 558
601 45
956 287
637 289
571 668
622 400
366 970
103 642
351 657
892 741
413 54
799 400
298 322
4 744
144 786
767 823
866 961
443 943
145 546
220 789
504 231
483 287
209 609
304 431
155 314
960 330
323 31
280 32
280 293
394 910
424 157
276 357
792 138
222 603
585 568
805 78
25 8
62 681
732 239
759 318
611 596
649 882
949 924
531 745
306 737
687 485
946 617
309 794
210 291
153 264
90 208
47 880
725 966
81 97
239 272
473 583
281 712
147 470
848 842
936 196
476 840
521 426
891 636
940 921
51 725
836 138
377 972
392 632
735 375
418 183
341 90
939 162
500 423
295 616
872 812
258 566
600 43
397 325
812 676
488 180
522 143
221 590
628 929
882 716
467 866
983 450
999 824
82 210
570 105
411 877
695 329
373 922
404 62
526 164
571 839
904 475
223 237
400 169
664 633
421 60
548 288
575 331
244 927
393 144
521 674
898 270
853 15
385 633
660 238
604 505
581 46
94 643
152 185
834 727
225 26
316 484
330 78
501 651
201 952
173 846
319 341
308 746
972 987
13 530
140 366
771 763
185 803
191 131
639 163
991 902
369 243
168 87
935 360
461 550
663 437
442 188
819 303
248 977
693 485
366 542
789 335
273 521
144 198
460 753
304 358
677 489
153 121
340 805
821 936
358 622
706 284
642 258
539 563
458 451
930 804
319 227
785 710
988 891
247 785
6 292
400 656
996 79
538 955
31 874
627 311
214 344
620 884
558 753
115 346
396 674
640 633
479 166
441 817
523 911
694 930
456 720
148 774
649 942
686 773
305 754
990 669
465 211
151 684
417 946
930 864
324 140
327 672
110 920
631 432
48 777
527 809
853 89
97 98
415 278
543 825
790 789
418 709
254 191
211 56
284 956
206 99
757 793
181 544
733 689
963 64
749 591
48 334
571 969
872 315
708 930
834 801
730 497
465 792
275 522
408 416
550 448
171 101
307 220
160 269
704 15
329 604
350 342
795 11
487 442
376 504
96 397
530 227
294 327
375 213
789 164
895 672
780 883
97 670
276 733
101 513
781 305
103 716
308 995
371 338
817 893
63 542
691 624
400 401
983 95
185 220
121 392
478 343
316 551
143 944
355 669
273 746
616 484
489 968
896 916
171 430
855 16
567 959
848 26
913 435
107 669
97 937
631 720
713 467
11 563
311 916
382 907
223 726
739 250
610 360
469 758
608 642
422 841
849 950
298 823
615 861
635 611
735 841
638 89
838 633
13 618
908 574
454 482
141 631
156 49
71 813
757 251
214 736
523 766
83 303
772 351
475 929
678 359
54 328
330 93
645 860
230 773
184 373
221 97
593 288
723 501
352 401
92 977
945 891
679 57
726 942
744 779
324 726
256 517
587 918
262 99
314 695
935 837
298 123
523 319
107 838
156 655
474 568
811 951
999 768
713 99
138 157
752 433
797 802
552 226
89 569
958 106
620 21
650 747
493 35
738 105
673 286
505 537
483 685
113 57
876 626
340 371
769 549
296 180
904 660
639 329
691 526
49 327
895 432
777 738
394 52
1000 731
327 755
495 648
35 332
530 876
797 711
640 125
344 754
644 580
10 943
194 879
304 262
467 957
915 281
644 9
535 918
114 863
230 842
108 103
217 83
636 144
779 391
892 615
188 954
815 493
814 997
658 765
733 73
973 832
352 190
717 496
415 417
257 661
957 139
98 467
161 907
153 744
571 919
625 708
848 893
327 639
582 197
43 593
134 973
160 493
301 93
210 470
931 857
587 79
81 538
373 587
612 693
828 112
595 247
262 366
295 852
471 729
615 260
904 378
860 768
441 529
53 683
783 565
122 445
462 777
39 865
828 790
511 705
655 578
862 793
578 347
755 965
340 673
807 150
63 607
648 423
169 3
639 550
513 774
932 489
412 974
561 252
213 972
846 968
5 696
401 448
239 600
127 25
162 173
784 590
272 600
139 780
768 520
375 779
480 252
703 765
608 666
112 530
302 783
262 502
151 195
960 792
742 628
484 935
873 988
719 230
780 685
427 303
206 708
25 995
358 814
342 866
169 661
22 776
288 800
995 853
811 238
185 814
727 82
911 508
337 593
219 939
739 678
773 407
274 457
849 783
507 198
552 341
75 696
753 793
851 75
340 313
340 441
157 527
426 544
273 469
771 178
750 519
718 85
52 113
508 178
349 994
481 293
795 226
795 144
662 351
902 2
896 508
757 661
857 986
258 742
679 119
598 349
350 204
827 805
837 362
53 829
149 481
990 266
252 523
682 854
833 489
811 689
450 723
973 404
298 919
362 796
796 674
574 751
3 27
492 345
725 758
917 885
271 368
483 88
751 983
760 834
962 215
427 77
407 918
634 744
483 809
611 720
21 646
50 673
184 538
159 103
285 500
637 787
342 232
153 84
455 763
247 618
61 796
622 691
66 242
447 731
515 362
109 893
82 238
679 609
349 477
925 904
521 739
254 171
214 878
585 634
66 843
48 431
936 430
201 673
71 409
122 302
184 348
847 425
279 428
123 433
354 387
384 504
686 750
990 759
370 944
224 170
961 73
385 282
948 731
112 481
555 154
415 470
852 479
806 672
734 729
516 568
415 507
923 374
117 238
339 945
61 141
522 735
904 682
550 617
269 518
988 711
22 960
955 234
983 781
941 824
190 933
453 709
17 338
341 60
979 543
169 159
311 644
998 484
568 320
396 601
316 233
240 7
22 527
231 3
549 104
643 506
691 834
264 331
56 912
450 377
445 711
130 529
279 539
35 969
350 20
932 210
649 524
151 897
852 508
457 261
180 62
879 363
266 316
222 839
698 663
236 148
668 805
691 337
487 270
506 131
422 14
583 241
636 241
266 455
221 619
373 712
954 799
330 375
864 586
941 835
587 791
895 155
67 543
59 195
774 280
206 936
559 499
266 227
722 945
859 225
984 617
829 528
938 971
542 556
457 928
835 325
796 916
498 390
795 989
55 780
826 467
812 754
413 625
727 515
911 394
511 109
555 437
445 421
649 348
114 390
512 895
908 800
300 826
556 766
184 828
566 590
789 682
320 129
943 448
706 711
59 918
849 36
107 124
798 941
232 484
230 907
82 34
578 678
390 155
378 365
171 44
522 733
827 629
164 452
215 458
33 930
984 630
286 352
408 716
91 264
654 888
852 695
154 113
342 815
205 682
572 405
317 389
47 731
668 526
515 355
446 347
45 834
458 516
283 591
529 616
380 48
486 494
554 445
990 912
516 18
281 70
123 882
626 642
758 553
636 688
156 616
777 686
92 43
455 380
68 664
521 757
195 607
685 934
984 351
160 729
783 797
51 589
803 339
741 492
909 34
1 187
334 605
168 993
137 772
610 798
990 629
716 175
841 813
692 201
316 728
181 251
218 576
696 624
792 159
282 489
508 398
184 360
614 814
255 233
239 963
641 615
370 336
583 74
9 212
714 224
412 854
847 489
405 665
282 590
556 728
310 952
639 879
428 211
377 893
6 188
316 887
332 140
444 390
448 706
287 136
297 204
572 368
338 514
549 161
322 583
389 471
276 494
313 695
746 250
59 437
916 377
766 703
889 430
714 514
374 964
655 46
528 73
887 454
370 564
986 717
664 891
489 73
874 763
93 667
247 787
501 466
633 780
378 667
64 243
905 54
471 150
362 681
387 762
212 893
980 930
875 420
854 416
660 545
30 689
944 268
71 240
652 664
818 731
84 53
236 885
152 19
677 563
997 679
962 635
493 301
349 401
572 426
564 964
21 227
359 178
501 184
848 357
972 714
937 494
147 267
288 552
774 993
1000 758
347 347
231 79
708 72
340 102
764 942
76 949
975 876
249 146
466 444
159 107
925 916
318 71
437 262
298 816
131 258
700 30
913 231
846 73
979 738
685 695
308 468
544 3
705 457
99 853
128 473
899 938
129 553
329 914
605 700
550 784
759 184
500 144
682 215
845 757
643 657
861 587
580 179
856 704
129 242
115 683
87 381
405 705
467 555
50 946
966 742
683 968
239 744
809 159
614 675
168 629
457 751
361 719
530 671
611 579
537 965
672 591
106 891
160 598
485 666
973 362
444 148
326 591
393 417
889 997
92 628
419 42
806 910
107 283
564 704
316 316
919 891
600 718
687 541
52 672
484 350
510 480
591 207
873 77
48 121
665 71
817 690
624 66
299 691
93 875
838 662
263 613
571 429
774 201
570 588
200 625
232 353
825 646
933 262
261 540
4 660
151 225
557 933
380 404
135 602
806 70
13 848
37 133
281 623
727 337
229 999
350 71
835 137
807 513
52 644
776 358
446 434
303 134
153 202
227 131
477 884
708 552
348 714
636 345
517 776
25 631
621 138
571 817
11 192
82 117
496 155
310 547
808 183
386 430
130 396
235 638
244 787
480 837
541 595
618 124
782 504
226 938
554 403
531 835
372 132
425 471
252 194
824 804
477 326
45 842
960 149
565 949
889 491
801 741
978 544
339 374
568 565
338 739
82 194
77 209
217 866
561 693
665 583
659 694
11 939
497 867
493 870
85 956
356 81
366 49
935 614
958 843
864 151
288 350
839 827
98 310
328 772
854 965
859 539
167 667
514 974
604 170
844 488
826 546
718 401
565 160
873 44
521 164
354 307
334 376
324 624
505 55
349 937
823 447
742 320
525 27
919 317
81 922
376 172
31 227
924 352
915 663
797 668
2 389
689 581
873 736
596 172
207 111
424 650
311 159
441 847
294 814
481 115
768 650
353 865
626 641
494 627
680 684
613 998
700 410
768 854
293 149
677 117
882 683
571 988
749 598
253 514
596 870
850 391
878 374
997 114
973 926
862 232
645 516
977 424
354 254
843 385
953 110
74 419
660 960
587 587
289 871
675 151
714 523
994 122
646 295
959 382
369 196
554 815
809 19
5 12
58 449
891 52
670 380
221 867
687 921
436 371
246 208
311 539
455 587
556 353
898 251
700 723
500 852
49 304
291 600
351 358
977 196
960 43
549 269
349 140
341 761
323 49
255 703
878 657
435 46
762 162
787 981
583 431
283 242
40 201
540 417
994 223
153 210
265 459
592 344
140 352
433 218
662 726
610 50
174 465
463 143
681 501
713 5
179 293
253 203
935 984
713 497
859 216
9 361
729 547
569 419
841 228
875 0
325 595
988 132
711 923
855 890
975 585
22 255
468 144
555 438
588 18
954 484
300 149
60 377
585 52
965 579
973 249
495 383
909 817
112 756
859 213
459 36
4 817
547 262
110 794
503 731
325 319
991 149
339 561
331 849
217 879
215 747
213 108
384 468
453 906
144 513
790 535
5 730
664 211
921 16
719 367
699 336
450 371
196 142
119 162
848 547
945 271
824 328
622 388
468 865
401 89
700 445
685 693
317 558
616 627
878 114
231 720
59 599
245 704
515 493
807 28
770 866
390 930
171 535
52 706
741 976
55 904
975 902
114 988
129 218
550 368
120 59
691 448
20 710
676 397
89 44
373 100
579 439
870 591
893 313
398 728
900 711
72 94
852 953
623 389
679 422
195 279
208 278
219 230
688 504
828 981
633 565
274 263
924 871
973 274
751 442
301 941
979 549
899 533
550 804
170 101
515 465
133 649
744 149
951 680
303 293
387 447
304 957
482 903
568 59
40 37
691 182
943 823
352 760
546 158
189 40
613 975
418 832
160 888
418 258
635 930
513 413
275 849
570 498
564 471
413 461
810 96
693 378
440 441
134 432
198 927
366 809
479 770
266 560
573 100
275 208
211 448
735 638
2 255
272 44
549 756
792 851
404 130
167 244
698 583
358 521
314 707
981 872
315 392
81 822
976 594
328 121
660 702
564 886
62 818
313 194
732 413
574 443
125 159
914 549
533 479
149 712
22 149
507 68
23 198
624 393
643 200
618 611
716 808
61 452
643 168
541 762
581 138
267 7
513 855
809 736
137 286
727 40
251 865
617 692
311 776
864 534
477 534
563 778
82 431
890 848
336 885
905 492
709 615
526 981
202 807
539 119
718 55
213 928
243 596
799 109
183 120
283 991
601 916
819 26
10 884
372 981
580 807
857 667
715 931
871 907
740 447
588 85
92 90
535 590
655 240
126 724
322 478
736 743
511 476
878 788
156 420
291 753
760 851
854 610
722 495
37 662
422 434
667 91
845 554
753 26
597 895
764 308
843 902
504 60
158 820
299 129
898 401
515 540
785 260
481 846
871 72
321 384
294 574
976 862
987 282
257 281
567 531
90 368
707 674
707 241
268 43
881 514
87 473
322 28
809 256
169 547
166 13
812 727
619 150
915 825
207 924
8 841
983 997
622 414
130 783
991 651
689 435
899 200
532 44
281 747
549 338
595 403
745 145
42 625
928 257
293 346
707 52
857 455
999 562
870 162
467 689
735 787
332 675
322 477
62 855
69 895
378 884
15 5
897 505
511 807
9 56
376 86
901 770
431 798
118 500
141 568
671 186
82 551
759 995
944 457
298 201
234 815
999 403
327 376
172 680
570 872
904 628
650 708
308 248
663 772
771 651
603 859
529 568
871 322
940 860
425 187
238 678
520 766
254 957
291 636
229 349
467 660
639 124
285 936
279 100
794 265
166 441
570 34
41 288
719 930
92 775
377 828
312 472
503 575
943 796
290 822
209 159
216 971
616 104
475 228
298 435
72 696
254 327
184 473
899 236
721 357
210 779
739 938
334 100
399 936
967 777
318 165
976 538
838 300
376 400
929 529
730 173
518 465
789 173
677 883
385 174
214 333
664 176
433 277
333 685
702 12
27 125
935 207
670 680
613 786
648 417
81 7
788 783
428 433
421 261
826 981
307 342
382 916
428 810
301 622
753 64
348 641
287 157
760 589
838 357
707 396
393 630
769 15
379 591
331 142
666 605
834 131
699 705
183 758
123 291
304 20
795 595
269 945
283 633
871 499
597 588
142 973
747 958
633 768
57 756
685 901
732 546
942 510
367 201
648 365
19 568
420 608
343 846
750 936
318 463
596 794
491 576
655 151
164 396
232 1000
926 367
639 235
455 817
865 961
539 483
718 903
792 165
151 519
470 989
157 238
73 572
142 423
987 595
811 521
889 96
394 300
802 313
999 343
428 694
49 999
389 746
995 203
115 130
92 21
761 889
679 574
352 638
948 704
963 202
690 861
641 839
589 148
988 263
374 387
109 59
429 284
891 167
244 836
621 953
478 220
958 818
271 638
204 985
34 355
579 685
319 626
26 69
620 105
39 795
490 808
775 319
171 510
258 328
241 917
279 197
134 504
58 231
132 563
550 353
24 747
929 131
651 403
800 179
336 328
634 341
972 748
296 357
250 978
867 856
979 531
360 737
388 64
456 388
260 743
784 565
640 575
0 691
755 498
157 789
796 739
153 477
850 567
369 245
199 188
317 588
804 314
940 821
442 474
405 187
279 841
532 633
541 79
26 342
313 432
736 750
890 327
638 301
951 501
133 459
840 353
113 900
202 770
151 693
65 101
750 147
581 979
366 857
885 927
867 928
297 105
672 554
453 552
504 372
496 705
112 115
938 166
826 767
770 548
922 472
688 818
624 726
326 827
668 22
865 591
160 676
859 198
500 542
778 539
774 339
677 357
524 583
183 36
862 846
759 891
521 565
678 447
681 244
429 926
787 914
65 757
425 12
387 922
227 434
687 614
995 991
374 262
923 319
377 146
101 221
435 623
871 952
589 918
145 697
696 302
893 876
885 993
266 103
759 531
621 966
443 640
759 504
474 877
362 950
469 285
982 670
349 230
131 471
848 146
757 47
954 776
910 465
973 520
205 598
284 721
174 50
698 853
76 901
437 622
350 922
918 142
174 875
948 197
642 49
364 279
994 585
487 876
550 337
699 961
936 110
638 332
899 898
548 528
54 893
179 412
542 731
97 616
257 933
327 542
400 1000
707 561
311 858
331 692
841 903
1000 482
844 294
846 771
736 57
839 670
838 720
752 419
61 666
233 935
272 598
768 282
803 801
116 798
950 217
846 486
993 849
288 16
71 813
627 146
613 597
488 59
292 213
824 447
25 723
572 338
112 45
657 837
994 817
436 721
59 985
715 763
611 604
74 146
26 314
822 431
762 316
693 746
820 24
528 839
625 782
856 713
316 912
569 177
122 972
992 725
92 432
135 540
74 281
718 216
499 326
102 999
980 321
150 928
593 723
17 870
865 941
100 963
485 612
584 857
159 714
402 90
329 863
275 103
624 185
444 282
515 387
288 61
719 880
179 627
715 553
409 70
566 438
408 730
427 756
699 426
584 107
656 384
204 301
857 588
61 243
129 932
702 401
502 377
50 758
739 742
976 881
9 188
674 294
237 723
153 968
284 786
950 96
604 298
747 774
354 298
773 199
122 819
813 820
945 665
724 897
3 481
336 550
553 907
852 15
265 245
634 928
197 460
133 830
94 637
312 425
805 121
111 65
354 532
388 660
909 214
882 874
318 257
181 728
495 444
954 246
222 369
588 557
387 232
705 62
520 271
347 636
891 802
746 16
198 86
137 265
963 532
257 399
254 823
278 116
522 955
176 655
438 504
483 207
63 112
916 289
883 394
324 7
868 512
720 839
62 118
133 147
295 38
8 368
380 927
29 443
501 888
224 987
572 159
48 50
724 834
772 815
996 341
237 539
384 17
240 183
119 502
721 214
777 514
409 129
892 118
266 446
56 472
169 380
364 999
588 30
601 424
294 498
636 583
217 835
331 735
972 591
857 637
189 616
939 749
179 858
584 951
334 337
975 701
420 713
423 877
781 500
287 229
692 627
195 796
684 630
164 43
111 254
850 373
72 710
787 382
183 580
319 503
468 846
35 799
703 945
963 933
649 948
955 705
580 718
563 300
531 579
48 290
315 300
880 860
827 12
679 853
116 418
936 399
513 633
591 644
559 219
832 760
963 429
823 478
636 200
671 567
903 600
74 465
314 721
457 131
9 515
406 330
749 413
469 116
890 307
879 390
528 626
235 773
593 884
269 670
943 376
657 723
212 472
223 888
203 68
309 585
300 170
321 553
206 124
294 104
578 680
69 671
643 717
594 225
976 627
89 918
912 795
143 754
550 71
852 584
312 548
363 224
195 64
368 405
454 950
21 203
636 493
924 345
161 87
210 671
356 399
49 139
601 929
561 606
440 111
724 843
19 446
137 499
748 759
173 200
120 961
540 61
878 756
103 370
87 916
779 212
678 514
360 638
563 60
571 99
715 812
492 656
882 850
970 405
843 806
407 362
575 277
456 354
483 640
639 539
49 763
585 917
710 282
76 569
348 384
534 773
421 797
595 233
648 731
384 225
121 978
509 819
925 97
221 269
927 663
783 793
386 453
555 396
767 104
141 423
54 571
179 756
921 127
845 1
117 524
919 964
658 31
693 845
656 524
68 797
90 663
605 130
565 33
917 49
222 928
592 845
715 24
85 81
704 759
254 544
300 659
723 735
904 717
664 476
581 547
727 431
949 512
885 97
476 720
197 247
990 553
134 661
281 948
373 185
501 835
14 1000
402 683
852 670
588 88
853 282
799 172
593 701
260 736
86 335
546 496
665 817
930 579
136 576
188 423
687 249
770 203
608 544
931 653
325 617
865 232
787 707
985 281
954 87
803 703
933 625
694 253
717 502
808 258
472 125
545 37
374 745
717 851
218 633
704 930
404 436
20 928
215 261
623 908
983 622
901 317
321 662
883 656
934 814
996 907
343 90
339 796
459 522
46 121
503 966
95 757
952 960
693 321
69 443
571 355
523 723
906 973
99 83
510 136
174 625
493 125
918 359
785 444
165 583
591 610
112 360
785 616
593 983
309 57
961 794
933 780
349 542
811 398
114 843
77 742
836 112
151 117
4 495
962 701
589 737
709 333
351 774
696 909
594 344
490 189
473 141
746 62
546 857
571 418
970 269
735 789
684 932
567 616
883 710
782 607
514 347
316 407
839 630
575 565
955 822
301 272
950 136
499 126
843 567
749 896
956 21
130 84
760 516
998 273
766 143
876 506
817 805
99 652
698 93
728 566
589 258
276 991
96 790
772 632
789 469
895 394
423 67
157 145
857 9
188 137
293 54
76 905
220 92
989 119
575 80
385 684
1000 164
545 113
818 660
557 154
258 750
886 734
322 457
781 840
699 98
922 657
706 527
582 165
521 825
964 0
807 754
302 952
891 554
162 241
228 357
24 408
483 124
981 31
693 581
498 342
570 862
368 937
233 902
299 950
641 769
358 50
457 475
716 230
393 128
329 696
952 272
226 625
585 123
89 638
438 956
61 35
630 13
483 58
705 62
178 108
598 897
313 529
165 491
333 166
184 180
2 851
185 309
428 1
294 304
372 305
935 935
842 511
439 868
845 101
656 217
267 699
198 275
244 496
141 697
737 576
355 715
709 853
421 528
321 709
897 944
78 87
403 221
17 336
930 556
616 477
926 791
349 128
11 466
160 723
549 785
745 727
689 886
17 633
320 945
78 68
37 359
229 70
603 973
713 247
278 356
514 485
833 684
776 62
711 986
252 975
908 62
408 255
363 634
786 704
407 725
612 446
728 500
356 914
849 876
165 744
363 510
897 154
512 122
190 833
982 825
457 644
27 188
779 9
120 382
121 159
431 704
215 223
78 590
236 591
45 290
355 739
808 568
747 168
739 321
938 447
305 513
308 877
763 75
942 233
325 587
863 484
311 544
782 695
857 385
726 912
126 406
347 467
756 864
22 680
677 985
33 665
428 335
627 425
14 262
680 37
830 683
662 385
736 371
71 977
810 107
132 223
853 12
963 269
78 168
708 411
822 639
135 770
650 759
461 990
426 128
99 207
101 473
799 149
795 106
706 510
2 51
980 426
648 175
811 676
185 50
585 374
679 161
185 355
659 452
250 665
840 349
299 967
908 492
707 435
245 322
204 344
528 872
948 196
711 37
444 83
612 82
611 197
82 481
75 86
659 822
241 784
116 328
876 551
538 374
430 755
279 820
742 148
381 756
156 290
290 989
899 690
410 601
810 262
581 305
304 695
290 884
212 617
254 415
24 147
571 878
174 0
290 154
911 339
460 779
303 950
539 872
924 434
766 889
690 899
231 380
69 834
611 106
94 404
377 68
357 334
148 922
862 111
847 328
702 17
516 142
607 350
528 464
975 490
307 21
167 137
546 456
467 394
314 836
808 949
44 247
52 399
661 339
479 181
590 490
121 273
908 863
756 615
848 722
330 795
638 520
487 657
352 434
582 803
196 914
640 540
606 728
670 895
89 820
947 796
764 326
897 482
854 810
511 757
577 620
229 41
479 714
349 873
201 432
488 843
592 103
305 694
944 878
777 726
129 606
310 883
583 408
676 561
820 184
999 968
782 96
661 576
583 936
79 540
386 359
78 889
205 422
879 814
378 15
639 638
915 938
334 168
614 829
666 362
795 780
711 245
689 734
528 911
813 810
213 340
562 88
6 335
889 215
952 60
117 221
512 512
212 358
517 814
919 924
820 975
765 222
989 680
502 820
897 971
754 431
385 698
272 648
200 342
378 208
652 145
575 881
288 215
960 619
588 988
14 721
274 379
226 625
590 931
317 935
38 156
926 907
836 399
685 828
399 998
95 986
456 833
868 753
99 954
590 270
885 471
338 670
636 86
829 277
327 616
968 789
328 418
398 31
210 378
501 294
201 187
565 541
547 513
669 995
753 728
9 806
395 183
724 670
161 306
582 387
199 404
585 594
138 496
120 421
569 258
86 211
870 917
104 21
156 396
917 535
761 401
797 124
313 916
990 570
516 85
865 576
297 865
591 711
837 79
643 653
953 232
736 537
506 251
115 955
331 54
638 867
859 961
498 982
995 902
740 488
473 229
108 15
740 580
770 400
931 290
270 360
546 690
659 375
25 44
859 712
405 903
460 195
972 123
371 455
636 416
203 389
918 250
941 169
4 61
462 11
369 8
27 936
750 565
126 775
607 254
871 361
121 40
577 386
402 607
856 377
632 31
32 609
633 971
29 540
85 226
550 286
689 716
334 739
974 177
292 58
765 824
820 259
12 975
700 469
970 46
558 978
830 639
632 12
122 727
963 639
753 553
374 955
686 19
531 256
507 755
538 256
195 385
76 148
560 887
871 586
359 32
235 740
226 175
201 491
218 965
835 962
884 150
646 504
639 536
940 651
681 218
712 403
901 924
723 529
301 293
512 864
196 925
399 19
715 881
906 330
565 77
482 271
138 955
269 534
493 646
408 560
313 723
49 483
314 824
560 836
82 974
487 778
896 225
227 496
996 395
290 357
293 672
168 675
461 355
325 975
500 403
31 610
612 746
517 201
275 2
697 153
764 67
605 354
244 472
553 738
195 959
201 595
4 382
359 989
423 95
612 159
527 320
235 763
867 33
858 956
25 857
327 214
272 3
349 898
87 991
534 662
845 459
591 144
221 732
12 51
243 256
730 76
561 575
303 174
127 258
369 218
559 801
276 438
390 382
277 563
678 371
779 589
452 561
56 143
93 780
832 799
182 469
247 506
267 508
973 14
434 400
433 118
72 460
776 124
495 275
61 338
441 176
197 237
16 798
864 138
413 946
973 737
812 719
51 975
408 727
125 829
538 697
571 616
196 499
834 305
266 206
888 363
595 395
371 420
616 1
728 332
705 748
23 668
13 325
451 603
879 995
469 777
253 692
13 637
783 149
469 629
767 208
566 528
640 78
323 78
307 373
88 158
627 472
947 674
390 634
811 578
819 221
627 8
580 737
970 987
230 462
437 979
63 864
246 779
822 702
476 79
204 92
768 575
115 440
100 127
378 830
132 362
949 250
873 959
707 977
400 562
519 171
57 799
268 73
803 697
674 821
183 831
93 895
661 107
212 657
67 422
13 726
863 607
816 710
316 70
861 217
813 42
325 927
51 785
625 404
118 12
890 947
801 918
86 488
335 48
855 138
908 497
515 218
95 587
136 717
130 712
601 271
755 175
110 901
769 654
176 800
460 702
365 521
275 923
45 300
578 161
448 473
104 12
594 932
150 394
875 6
273 171
317 989
179 616
856 533
344 793
972 731
168 551
299 50
17 854
451 713
828 970
98 266
861 597
99 84
901 977
34 420
518 164
199 35
509 192
365 562
696 369
606 798
389 949
626 580
813 154
32 405
838 94
42 362
906 922
257 89
136 596
194 736
637 29
282 234
485 394
930 52
408 427
966 207
855 942
425 883
678 246
861 360
390 25
611 94
136 872
263 594
650 636
219 439
728 773
309 42
190 557
184 323
890 654
345 78
91 838
948 641
323 623
59 996
15 54
325 280
655 891
130 239
847 177
406 331
351 457
749 844
216 165
977 930
53 364
259 741
327 809
889 642
739 0
812 288
223 308
732 770
971 798
675 953
692 789
886 258
230 953
7 98
367 89
677 152
158 346
685 140
645 121
453 796
401 714
164 745
164 529
948 615
495 559
991 1
102 52
571 349
868 282
108 159
986 458
963 897
246 273
770 887
809 965
117 712
481 665
900 92
353 68
184 896
336 441
867 786
80 314
231 579
646 553
995 276
457 635
995 517
145 250
651 540
836 82
530 655
438 431
542 795
819 721
109 71
784 641
453 523
7 417
335 870
485 572
230 726
737 112
191 391
553 458
553 914
345 538
609 877
951 72
174 986
103 525
290 251
677 496
869 698
995 118
17 699
305 767
627 600
808 863
493 870
898 219
50 543
926 230
617 833
995 256
938 257
553 99
800 427
867 677
782 8
974 960
399 321
913 293
769 210
560 436
859 36
892 385
414 498
502 331
424 891
827 239
773 501
383 397
220 351
377 9
659 768
528 308
360 408
628 966
426 161
851 836
387 814
366 6
529 936
73 213
64 178
740 153
125 818
570 196
49 923
652 275
185 50
814 914
389 158
269 134
28 796
751 226
600 908
165 209
945 519
278 884
776 425
542 277
52 656
5 383
954 819
64 526
995 370
898 274
372 754
489 873
594 5
95 21
319 43
856 702
321 491
749 890
955 510
218 906
98 646
230 321
112 902
701 636
983 44
305 546
989 435
867 159
449 967
818 908
416 708
138 90
117 943
512 274
546 995
891 277
960 655
392 970
746 147
912 255
908 384
990 422
533 533
612 685
710 794
856 839
464 126
114 384
120 623
221 320
342 934
717 209
76 126
606 681
360 753
278 517
409 264
786 165
690 28
320 112
533 597
993 889
403 823
761 754
398 743
676 320
245 172
52 389
173 383
342 360
444 469
356 718
723 475
855 726
171 283
233 201
752 664
834 312
355 891
72 716
157 205
188 368
672 671
868 613
51 245
988 601
641 89
573 115
67 286
40 334
936 672
289 271
72 746
300 725
399 980
704 803
578 433
857 953
658 957
607 493
297 892
967 368
715 787
478 241
78 715
110 32
984 879
357 31
297 658
361 823
323 481
859 109
935 600
89 763
468 424
161 431
603 811
107 556
462 166
940 630
869 727
741 724
562 66
858 839
487 112
742 168
740 592
917 698
881 221
38 978
93 512
242 525
604 156
79 827
310 252
741 751
103 310
690 175
342 724
167 439
636 137
319 336
91 859
841 75
453 937
97 695
978 63
897 128
895 738
477 314
902 527
461 576
615 877
184 906
24 983
292 795
113 557
262 116
531 587
103 652
200 743
480 876
328 869
627 720
712 335
670 811
828 406
135 111
482 888
401 701
420 530
380 676
145 30
60 12
845 771
926 845
119 374
773 101
539 738
474 786
994 113
820 442
863 234
865 680
311 366
268 377
527 167
162 722
475 530
596 242
438 117
943 942
107 319
763 562
254 503
803 422
433 326
30 152
697 215
293 729
758 230
170 13
474 424
930 456
567 399
51 947
518 394
662 449
382 969
986 59
63 495
877 478
553 698
229 843
212 303
16 979
925 277
891 203
724 322
20 193
417 536
406 294
279 9
127 758
150 749
843 767
95 96
605 323
519 266
504 650
184 82
163 551
879 650
941 709
578 176
629 156
226 936
74 524
354 265
599 334
485 903
419 749
578 706
218 949
849 317
718 995
685 473
642 19
395 292
412 886
253 184
155 763
337 571
264 507
503 849
351 961
365 966
2 119
45 396
973 821
511 745
242 927
153 274
75 480
459 943
648 379
476 44
589 916
799 982
644 725
185 878
714 992
39 609
197 121
824 341
776 403
856 275
430 153
8 409
198 430
261 39
186 370
131 844
300 680
777 161
522 71
801 378
988 534
352 162
53 665
147 854
235 382
72 625
954 269
146 601
123 52
789 612
626 859
862 764
404 66
549 946
214 979
147 680
304 217
290 576
947 732
718 566
166 861
617 119
504 486
331 124
904 161
33 344
332 38
622 977
649 123
575 244
100 695
543 139
814 321
820 281
65 126
413 166
923 707
345 649
558 19
894 986
393 65
409 113
144 38
869 236
766 345
631 662
267 478
242 604
838 925
928 378
797 883
189 112
270 251
549 872
191 625
234 929
104 893
539 252
429 756
290 411
884 632
23 657
186 767
293 416
502 819
217 928
183 575
84 753
710 597
615 249
451 48
574 783
543 923
631 1
428 186
198 139
654 689
909 925
449 215
502 374
600 494
592 433
982 101
345 666
804 913
764 633
278 191
33 195
898 522
702 539
986 682
721 364
8 390
75 87
25 719
635 517
203 549
565 680
836 56
920 431
274 537
742 475
219 432
336 36
7 391
287 806
323 790
523 419
923 190
968 882
654 361
257 234
900 825
910 456
30 852
253 752
1 371
69 372
656 517
957 577
400 741
325 224
660 256
991 764
365 688
955 900
925 915
455 520
784 641
930 542
958 124
903 260
585 564
458 766
589 519
7 269
732 493
812 845
379 565
782 468
222 46
619 452
666 218
341 109
932 585
727 688
749 780
721 247
351 185
934 842
291 766
563 838
748 909
966 488
21 679
686 803
517 956
279 98
131 951
34 636
443 406
333 977
748 941
30 763
635 226
849 188
890 414
184 136
320 975
207 997
874 453
862 209
143 920
772 661
361 331
362 574
709 422
413 226
693 259
929 873
193 630
194 808
636 734
957 242
18 263
259 924
685 375
348 605
691 0
898 344
278 963
564 253
640 229
202 137
277 325
269 584
539 460
948 260
664 219
232 661
119 925
531 226
241 767
343 377
650 413
720 829
777 876
291 614
539 483
742 175
294 990
553 843
11 585
821 909
188 536
602 782
203 111
945 142
478 272
652 252
127 907
810 877
633 11
321 748
798 356
352 404
998 196
906 83
236 876
299 857
487 523
646 272
601 468
82 493
373 574
636 60
146 953
497 934
787 617
141 347
570 105
275 708
32 708
590 797
390 151
598 108
220 159
543 750
126 177
698 9
325 165
897 126
645 257
31 676
170 865
945 173
283 835
107 831
491 685
474 991
123 312
985 357
133 353
748 931
174 922
825 702
561 638
33 705
134 898
498 182
760 220
910 769
719 575
972 171
262 464
784 524
255 229
342 181
879 435
707 248
334 931
6 372
828 322
949 322
161 291
910 726
719 605
250 887
378 117
438 274
358 590
472 180
279 64
783 344
445 346
265 905
811 163
964 562
205 471
166 770
887 968
736 790
164 709
584 396
123 574
871 358
216 151
127 568
633 673
836 876
810 177
447 27
174 227
465 93
897 280
725 653
719 577
117 61
947 201
307 553
273 42
895 992
796 504
808 637
375 973
173 74
176 616
783 810
573 380
363 289
594 142
713 845
480 925
750 125
323 40
649 734
652 57
666 666
440 211
272 530
157 875
36 394
184 189
464 10
240 698
638 504
335 399
907 17
474 459
822 297
668 525
505 528
708 110
102 11
444 994
845 632
374 811
471 536
133 909
504 968
634 705
379 717
320 20
998 614
455 359
790 326
324 216
470 900
16 368
580 949
552 207
204 550
486 346
212 227
619 765
422 702
656 56
593 578
680 164
300 772
381 348
92 374
67 347
523 735
14 884
834 38
347 375
983 382
629 840
221 389
666 502
380 551
985 838
263 778
976 926
941 882
281 393
682 656
620 284
182 206
13 494
729 733
652 462
168 927
157 344
313 196
912 586
853 77
812 224
263 376
756 579
894 602
110 778
494 269
359 269
283 730
829 988
131 614
662 723
498 202
143 21
308 39
749 454
662 307
950 465
481 863
259 792
713 978
82 425
938 735
698 418
309 992
845 207
451 791
4 341
330 433
460 408
416 909
683 9
121 629
573 991
863 825
309 226
909 552
501 42
139 249
922 849
177 628
950 796
155 153
597 353
603 549
802 667
801 948
938 760
584 10
201 419
857 607
968 961
310 166
210 565
864 204
627 402
374 587
651 886
903 947
528 942
220 935
764 39
607 922
581 607
888 417
492 453
424 902
923 961
719 339
43 189
706 141
885 619
800 99
482 79
420 887
881 663
656 749
568 280
331 593
493 949
654 619
844 727
939 983
8 763
924 772
777 426
916 387
359 700
102 553
744 275
311 539
324 909
540 904
862 698
597 875
283 91
310 95
94 528
952 166
631 865
169 666
570 30
767 6
91 1000
59 626
384 477
857 242
460 482
67 994
122 946
633 821
830 14
226 845
74 193
495 475
765 525
102 437
41 898
785 846
332 44
36 889
767 606
913 839
261 444
486 685
736 606
667 932
548 232
418 110
427 748
94 485
76 502
960 799
760 383
489 481
696 559
639 934
64 339
564 805
526 726
207 436
31 565
824 281
480 71
807 167
406 648
292 41
563 110
757 978
889 254
646 254
409 458
819 250
892 48
990 242
290 156
410 962
446 851
169 696
971 308
373 505
544 609
443 732
724 56
284 817
40 255
275 155
670 344
240 482
500 606
20 9
934 639
806 648
128 710
257 532
990 151
609 274
428 165
882 559
413 653
760 342
8 827
482 595
563 487
993 93
638 186
24 156
967 242
372 803
820 275
875 847
354 455
237 317
75 713
46 192
44 743
915 517
851 884
118 262
735 276
107 266
237 436
296 715
50 220
125 560
286 202
467 962
363 896
715 662
311 914
54 847
285 680
31 487
235 536
55 708
958 206
499 562
164 288
75 996
658 390
494 65
625 628
79 834
91 879
275 27
325 397
523 675
75 801
753 31
928 266
809 974
479 814
72 160
953 154
135 424
507 862
375 468
169 934
502 342
973 879
565 582
165 264
348 9
332 416
127 153
409 835
959 900
710 97
270 275
380 924
631 425
428 92
654 986
60 916
416 159
75 836
672 324
138 550
808 806
778 371
908 114
677 280
765 356
490 42
766 859
320 723
108 191
901 317
454 123
738 727
122 53
94 827
443 207
138 262
307 327
243 810
809 246
489 221
966 159
103 330
161 79
997 652
167 702
632 430
513 813
63 338
581 811
41 311
395 145
860 961
160 743
364 154
798 276
308 582
344 91
480 243
309 358
676 849
163 466
653 898
649 924
195 5
642 639
856 140
680 344
883 830
684 805
51 164
56 951
537 96
605 206
241 97
428 291
192 882
626 443
267 420
171 502
219 451
293 726
934 190
312 550
472 22
50 140
808 462
75 371
68 85
173 300
532 102
546 609
189 890
364 547
618 766
955 242
573 851
971 641
286 269
282 677
417 716
625 665
983 1
574 192
12 42
776 419
802 726
720 601
92 105
270 375
664 46
857 889
299 767
11 734
729 982
605 419
713 145
492 315
918 7
391 502
119 716
267 714
943 165
211 593
777 600
956 73
537 615
607 210
784 277
457 951
999 816
116 525
723 191
839 785
99 442
528 296
74 92
139 681
275 755
819 951
299 672
534 807
523 703
430 86
283 948
121 754
422 62
752 369
517 201
222 24
422 48
135 727
882 118
352 271
523 694
202 310
627 673
324 749
31 499
742 417
112 74
866 987
596 653
436 552
845 318
601 103
891 475
683 501
999 65
485 88
821 42
510 585
432 462
542 613
304 317
226 164
395 708
247 81
30 888
378 752
479 941
726 459
674 822
974 880
460 352
641 639
592 848
287 222
614 363
587 286
421 420
71 421
605 922
50 413
443 589
693 1000
566 666
167 369
951 489
130 922
944 955
490 1
280 902
79 455
565 549
327 506
629 476
828 141
460 409
875 564
826 848
405 147
122 158
55 648
698 326
528 225
553 439
615 936
750 157
459 629
338 187
401 461
159 218
209 390
372 824
931 569
453 860
520 134
929 32
765 712
25 701
990 2
99 659
846 528
903 765
773 425
317 656
417 207
921 474
921 118
928 723
785 620
401 667
481 374
154 641
190 995
680 241
783 338
868 232
312 764
930 53
825 469
785 522
336 884
735 683
282 559
186 451
310 417
483 340
975 653
682 955
751 770
152 335
122 159
771 736
437 591
562 235
681 602
336 845
339 189
643 531
579 586
22 878
26 575
119 238
193 445
989 599
690 372
250 61
973 668
608 887
894 343
82 390
380 736
530 81
767 633
446 228
223 811
232 831
548 949
117 85
348 235
567 92
979 646
535 853
409 986
854 797
286 279
799 612
143 632
183 871
916 370
734 205
614 990
946 176
815 441
106 502
817 899
336 285
422 267
663 770
579 214
585 186
504 866
237 656
921 663
929 946
106 357
398 280
52 209
316 308
961 790
754 549
14 360
22 866
100 982
537 712
239 53
543 904
265 436
265 872
609 934
825 23
951 836
986 121
278 891
492 539
530 480
308 935
105 760
165 284
653 901
120 319
507 521
211 209
254 86
424 321
213 378
949 854
944 295
242 438
942 524
751 58
459 147
775 548
44 219
510 836
909 935
988 944
650 600
264 62
141 165
875 725
859 701
311 770
485 421
486 873
331 499
331 486
93 626
972 472
73 203
793 713
65 13
559 894
268 978
393 880
401 302
356 778
561 72
525 25
155 479
211 75
689 941
869 631
861 600
115 206
972 365
957 826
274 757
761 812
245 511
362 90
720 283
832 462
601 78
516 369
426 131
72 297
595 264
265 423
642 33
310 407
934 12
138 469
215 344
200 401
238 389
609 980
164 278
990 551
361 338
91 728
321 294
289 392
434 266
127 883
524 26
476 169
779 209
711 880
581 632
701 947
796 692
592 785
679 371
913 656
54 28
870 885
984 429
781 856
206 490
291 558
185 12
514 243
526 478
724 119
81 303
326 730
866 711
634 439
559 898
213 579
566 218
204 189
949 492
184 537
355 262
193 575
427 444
513 80
213 458
228 711
276 605
171 800
65 191
810 787
960 944
379 162
9 276
114 993
360 432
326 755
519 175
762 561
506 671
141 327
446 276
677 803
477 673
294 747
760 636
17 291
801 509
876 105
593 713
775 439
0 300
864 4
979 657
429 158
508 435
121 907
283 688
366 675
346 921
258 54
842 78
788 627
121 468
627 701
877 466
194 526
13 252
407 217
553 327
909 614
791 940
853 908
273 985
118 948
218 316
418 425
64 469
269 655
806 185
745 740
818 137
186 199
681 488
971 957
210 485
953 327
48 921
175 389
866 143
994 833
17 534
683 455
476 940
41 708
624 350
410 575
884 573
714 356
252 50
862 893
1 568
281 42
600 907
244 9
86 169
262 257
765 693
304 113
415 986
608 629
65 885
369 42
539 883
62 655
809 819
912 79
555 408
303 809
102 411
38 862
166 776
821 267
388 278
371 698
638 11
879 226
900 654
901 363
195 254
166 917
369 322
889 109
789 888
452 777
176 966
968 438
554 241
579 179
581 740
836 6
554 676
147 845
409 189
409 657
824 62
411 705
831 190
602 970
597 840
44 636
67 877
678 506
519 269
963 688
884 429
618 687
522 785
245 597
37 139
221 82
744 910
166 562
887 370
856 236
940 319
365 681
88 468
328 959
775 989
510 343
941 690
268 545
813 995
358 254
887 457
758 671
526 866
336 146
911 653
824 519
955 723
499 151
813 298
626 266
961 951
830 385
743 980
912 474
527 568
224 675
343 984
422 542
80 214
505 204
461 350
252 663
722 516
96 484
544 844
914 315
220 618
523 225
822 105
510 644
625 114
470 198
525 509
93 152
876 750
269 945
655 68
964 66
22 317
786 631
460 914
415 602
730 946
920 774
102 774
918 246
496 584
976 757
252 628
8 635
362 163
402 332
343 981
5 93
391 936
916 918
459 812
396 844
969 662
322 329
986 260
746 787
838 173
136 900
680 148
499 812
928 465
656 664
181 232
931 482
659 115
659 891
426 142
730 120
757 353
745 121
420 941
649 301
995 581
683 122
375 273
826 296
926 604
381 458
430 641
764 372
879 199
380 685
623 291
768 38
640 770
181 606
620 648
940 766
71 953
494 873
568 891
954 217
14 589
529 702
869 281
78 341
620 843
285 411
430 601
780 510
531 551
213 344
313 734
189 991
779 321
472 906
733 842
608 619
48 801
498 630
287 447
239 802
966 254
803 59
296 617
221 614
729 257
881 900
3 912
786 568
69 679
493 775
44 305
252 460
25 838
856 482
848 555
647 636
598 412
271 500
59 932
292 464
646 914
725 533
892 146
659 899
150 553
64 601
813 894
828 819
683 570
953 456
687 122
508 998
516 84
306 588
619 71
963 998
317 419
866 108
235 57
459 302
163 172
62 290
546 467
788 436
839 282
724 828
83 932
520 351
929 573
588 705
628 879
677 338
593 5
955 262
641 632
982 861
533 30
648 921
409 224
325 278
967 370
473 804
850 85
296 264
989 686
523 875
333 752
379 343
897 632
985 622
806 120
810 540
508 22
622 909
973 101
509 202
410 996
189 797
88 580
838 241
806 188
145 932
119 983
639 855
447 522
151 22
333 557
700 750
59 117
323 495
601 415
957 898
970 400
855 8
260 200
445 88
145 625
275 963
467 681
501 307
178 413
927 665
53 363
89 954
555 560
626 469
164 189
265 918
624 543
768 806
586 271
84 26
242 426
621 554
466 473
613 977
903 929
577 260
858 334
93 263
566 739
976 596
281 699
804 667
223 5
901 173
618 382
685 573
816 942
566 73
511 49
420 617
493 713
979 478
882 672
955 998
67 439
43 262
622 328
475 20
722 689
290 926
178 271
441 744
151 561
873 85
98 642
813 847
789 493
287 302
785 273
963 566
980 366
726 477
270 40
317 575
805 2
37 637
78 196
883 678
123 248
556 501
621 581
833 589
924 646
738 253
242 748
80 225
864 279
2 640
833 652
811 958
176 221
791 566
154 705
104 879
158 560
548 160
888 414
678 511
526 854
325 532
129 948
804 295
655 724
456 879
787 549
808 617
717 937
650 753
558 442
333 893
954 231
186 838
633 800
599 659
192 38
27 880
167 697
895 604
81 983
247 63
287 416
836 400
573 337
462 940
628 560
828 128
298 996
416 400
894 340
57 70
19 257
380 780
901 778
96 100
93 910
920 264
849 339
565 579
982 647
659 711
590 853
476 169
680 755
206 531
33 442
904 666
91 738
205 214
352 330
489 355
633 110
97 513
90 155
375 288
56 550
768 361
514 255
393 951
357 304
164 220
116 570
446 795
633 155
215 624
125 4
811 492
914 2
912 62
894 119
21 274
649 263
857 465
289 912
60 396
322 547
804 216
604 27
577 987
803 510
113 906
467 347
597 725
347 234
837 905
426 854
304 255
781 729
427 118
548 864
907 716
789 893
999 710
512 625
3 173
571 369
629 834
737 621
179 679
692 688
323 818
971 287
677 49
266 903
23 454
968 768
877 517
439 434
58 739
145 805
663 276
105 309
314 925
131 186
956 139
210 326
932 661
883 729
510 764
494 291
806 439
200 642
316 900
831 931
518 312
832 411
962 572
296 893
934 390
845 596
216 364
236 693
55 103
774 386
15 78
687 679
740 814
288 79
133 105
575 163
887 220
924 596
77 371
821 940
329 37
157 829
997 651
42 560
511 695
985 951
193 969
93 577
506 318
6 182
210 209
951 967
249 866
550 555
183 521
67 397
801 826
665 554
485 502
49 729
696 706
179 678
5 348
250 706
198 976
863 875
340 103
85 73
543 22
18 820
160 90
759 382
821 922
169 837
462 100
437 385
841 340
829 680
433 466
268 102
190 381
206 350
21 951
719 690
977 106
192 688
229 42
193 530
919 172
946 815
927 502
947 650
628 247
453 219
217 312
815 537
779 997
672 298
518 320
326 932
622 215
687 23
363 679
787 940
333 205
369 224
268 144
383 996
605 662
565 104
604 272
957 171
110 39
493 188
93 323
14 830
580 735
707 860
947 291
512 318
907 878
148 451
228 255
894 724
324 39
412 262
680 394
972 818
347 796
763 372
206 929
984 191
670 530
741 305
316 879
752 621
892 390
589 670
447 661
618 673
194 944
218 544
328 196
121 487
135 893
954 797
291 507
999 329
206 728
668 424
353 584
400 345
646 744
887 240
715 373
749 725
451 815
119 720
722 196
800 626
361 854
407 894
859 353
246 367
519 204
65 836
886 408
649 317
343 427
144 846
755 6
80 523
997 75
677 150
942 874
193 558
418 416
383 64
144 837
932 501
721 219
942 540
218 791
869 262
922 848
384 668
125 376
673 671
792 98
37 381
103 94
343 450
94 901
382 715
351 512
750 967
178 618
49 451
431 753
636 811
684 565
699 615
357 413
83 486
908 598
721 640
340 898
714 355
202 682
792 708
361 31
137 996
572 28
26 916
911 525
306 118
21 145
994 770
231 79
638 101
322 540
794 327
388 883
862 942
88 953
243 171
915 317
790 233
238 101
351 348
18 401
446 945
85 888
776 684
712 57
353 565
231 612
27 309
46 743
141 350
157 477
202 69
577 232
376 672
234 713
208 549
944 582
160 731
318 139
249 213
633 574
370 670
224 400
992 376
184 770
923 358
383 528
689 837
858 752
692 403
646 118
654 518
734 778
940 20
845 476
303 600
790 133
922 887
527 85
480 238
153 519
439 345
166 629
156 50
886 1
39 163
940 517
428 960
839 681
872 17
419 377
931 425
195 574
629 99
983 919
828 195
524 704
107 757
781 873
754 427
766 49
735 738
273 579
260 810
93 573
659 723
59 711
800 452
914 674
783 349
629 884
66 496
630 502
879 490
780 144
181 578
749 941
232 539
327 724
261 572
970 513
94 246
313 521
798 268
174 825
284 141
730 527
370 521
417 85
837 337
457 13
221 920
134 915
227 260
216 628
295 326
689 760
498 462
568 106
871 707
698 664
366 464
526 874
478 561
411 283
946 777
321 668
294 909
302 307
979 313
855 737
839 88
737 932
190 181
189 373
40 326
960 374
826 495
795 426
641 125
183 672
908 776
470 448
790 755
404 947
157 750
221 240
53 160
247 140
355 582
157 366
932 8
691 651
880 966
925 166
960 331
784 701
393 406
816 157
467 108
507 569
591 705
54 322
105 348
830 186
1000 822
612 141
616 963
263 875
406 219
1 842
355 64
398 485
241 625
711 837
922 243
178 194
568 706
325 311
392 862
32 525
886 523
854 295
911 194
446 917
126 936
689 370
557 719
596 411
297 97
826 288
966 209
125 660
352 509
913 27
699 68
428 511
531 623
924 988
153 574
970 719
617 804
487 870
373 399
819 391
374 744
845 184
354 103
41 374
365 9
916 178
426 501
670 83
384 283
991 228
409 639
726 60
866 224
169 295
128 567
357 278
447 220
658 559
800 32
445 498
575 860
842 960
353 553
738 518
418 630
250 12
163 365
331 183
276 785
840 605
315 482
856 280
333 380
954 644
905 416
28 735
638 328
336 971
241 188
161 539
410 866
519 124
993 981
600 113
562 240
489 30
378 52
235 42
789 669
750 898
671 507
703 170
454 27
43 410
496 913
825 717
219 995
883 23
808 835
941 785
5 569
442 661
722 139
788 290
986 136
178 561
228 570
943 618
999 285
305 390
550 746
682 772
751 79
842 233
770 32
612 788
227 173
597 175
883 903
960 170
340 342
414 795
915 882
481 804
761 115
615 389
19 539
707 178
233 524
439 435
181 655
565 889
914 818
179 718
210 341
371 982
672 155
254 362
182 199
919 994
456 129
841 674
315 699
805 793
667 5
983 217
701 319
269 939
560 571
265 560
636 907
347 573
892 191
245 563
641 714
64 756
204 337
147 375
663 946
10 470
774 434
609 323
828 151
118 781
654 516
82 422
13 477
538 178
513 483
479 351
641 361
131 602
503 11
592 880
631 397
815 982
580 187
794 426
405 187
152 252
893 97
249 311
620 363
413 705
952 710
866 738
951 829
225 51
266 287
923 460
554 354
170 512
598 153
402 399
192 871
586 156
802 251
133 159
587 848
234 25
676 213
256 7
799 480
750 361
100 816
750 705
412 142
538 485
541 228
332 333
946 467
281 556
40 924
972 196
862 714
182 338
90 200
603 205
110 206
672 888
471 838
530 988
416 258
838 822
447 809
323 59
789 112
184 22
934 1000
242 266
816 454
405 446
1 505
807 422
683 764
669 194
654 803
756 460
363 319
901 399
108 889
526 253
351 636
108 994
876 670
413 390
211 125
50 937
788 572
945 868
217 321
935 267
256 435
238 532
575 720
278 344
119 264
927 106
823 620
631 380
113 155
601 89
949 76
504 339
591 578
312 286
66 170
745 55
628 392
724 244
768 830
736 579
549 323
520 179
354 422
626 67
475 475
951 512
444 392
277 984
16 598
125 828
377 86
444 669
87 974
739 235
298 914
792 94
885 181
200 231
343 85
72 812
137 678
807 628
457 724
652 857
13 535
867 387
482 717
919 629
300 471
477 234
771 753
266 686
688 56
811 349
41 216
281 819
626 390
691 623
604 461
323 673
93 181
654 603
582 688
837 288
423 151
290 281
879 799
871 830
197 227
894 230
250 543
312 914
590 479
504 513
544 471
916 610
813 182
788 936
949 414
67 435
943 317
482 121
750 226
923 341
360 983
240 810
490 213
716 341
527 155
984 549
707 874
276 930
105 159
745 744
648 400
904 723
767 756
531 236
650 495
632 937
226 76
406 351
783 22
178 358
154 156
992 273
526 624
922 186
211 248
617 174
658 561
21 293
622 671
188 199
657 520
251 975
408 529
43 647
961 966
407 221
490 485
692 921
336 328
763 301
269 792
261 321
332 564
888 589
88 828
129 30
219 642
41 859
582 125
119 940
889 334
108 548
232 364
527 456
638 839
332 448
34 709
580 400
730 50
240 447
154 713
843 386
561 705
242 926
129 108
789 287
104 812
775 718
899 649
267 256
345 482
596 414
122 449
299 664
70 361
878 274
441 73
229 693
460 499
52 611
113 193
11 38
311 206
103 967
480 573
818 319
994 175
434 498
956 770
354 906
659 318
284 366
700 155
26 904
308 256
810 908
418 214
244 830
354 939
671 200
179 504
555 422
437 445
964 250
993 292
229 934
912 83
473 640
408 652
127 990
343 238
916 811
960 257
509 622
132 284
313 781
694 693
934 224
853 377
940 476
399 336
919 268
267 450
545 278
572 967
230 24
237 848
465 301
561 833
157 542
14 654
37 700
434 749
895 781
52 400
701 847
121 385
404 740
367 394
35 819
683 72
188 88
744 932
811 750
913 699
791 200
713 667
420 703
890 930
299 617
774 99
7 316
126 717
922 259
446 908
337 208
530 373
231 317
299 712
261 801
82 53
87 193
355 707
94 777
99 865
466 594
699 321
243 572
522 331
851 998
191 188
905 463
786 818
49 707
465 325
575 697
21 971
322 196
743 462
527 747
539 785
73 495
227 301
10 718
555 596
288 592
84 453
809 925
268 920
485 296
8 363
328 824
179 663
120 878
663 641
542 618
53 236
230 532
568 954
261 814
849 418
971 216
69 788
843 240
482 893
699 80
465 283
543 177
605 982
862 621
910 564
2 147
321 313
352 951
425 913
490 69
293 79
493 456
857 42
557 979
410 991
705 863
539 971
118 991
285 22
112 805
537 737
706 820
108 44
328 86
528 882
28 382
485 563
573 29
628 571
477 516
74 628
404 398
893 179
562 410
758 494
48 854
884 846
750 933
694 745
592 418
515 87
9 962
820 207
496 762
31 287
684 549
114 756
210 843
979 175
592 540
410 744
772 102
759 633
585 334
315 24
613 965
6 568
389 435
83 129
814 922
413 358
162 669
176 254
749 388
350 185
213 252
816 641
587 387
378 881
620 465
745 527
851 899
555 631
772 383
882 670
741 290
199 62
768 800
842 24
641 596
454 722
527 742
929 294
242 513
183 56
736 777
396 144
375 267
789 246
979 32
1000 725
754 415
777 650
492 393
287 665
554 379
533 30
693 34
491 305
880 896
860 687
366 501
457 316
265 376
72 917
962 845
286 980
207 882
58 461
418 192
498 918
903 165
865 534
212 656
416 579
3 414
358 534
500 495
120 949
122 549
30 802
43 606
457 566
905 711
655 771
831 386
423 928
884 666
888 861
686 764
594 90
476 439
262 220
536 304
115 228
446 184
606 122
972 416
161 77
522 493
747 899
638 996
542 513
51 129
41 368
498 61
465 453
193 638
747 380
874 421
50 3
918 710
172 521
248 556
381 266
933 653
505 878
156 207
578 651
476 693
586 196
762 619
158 91
124 252
355 841
355 498
570 16
85 919
424 441
162 462
819 637
977 377
650 312
277 526
976 210
632 751
301 311
526 410
488 33
282 262
70 83
785 290
349 345
987 842
473 160
793 352
497 506
272 675
560 100
355 508
965 706
636 617
249 942
277 122
426 299
66 920
105 373
146 691
5 837
330 803
4 66
708 789
255 107
326 623
39 941
135 295
560 885
420 909
127 549
141 119
461 326
195 299
984 222
269 580
679 406
869 902
889 724
604 283
412 91
178 176
183 454
243 435
570 472
472 183
313 533
253 978
777 150
615 143
497 677
873 628
740 871
919 9
205 516
609 371
583 55
737 333
401 474
827 216
417 666
473 75
253 128
997 663
456 862
336 612
147 907
554 279
411 225
774 906
847 154
426 869
827 812
871 618
6 694
118 813
535 550
784 292
757 974
734 126
634 357
295 224
60 467
75 313
531 668
762 359
768 77
803 583
716 842
964 361
985 466
757 599
574 762
899 406
204 72
8 952
897 581
508 417
322 246
6 399
952 921
447 242
281 330
257 167
177 746
685 657
33 181
183 26
851 291
872 891
495 590
927 292
40 147
855 15
698 844
723 368
116 374
959 130
909 409
983 166
681 7
548 330
62 186
392 458
676 598
281 151
142 475
509 84
797 184
108 201
201 157
353 568
701 198
462 404
799 249
191 442
867 12
94 623
969 217
13 680
297 365
174 667
911 249
823 225
248 426
438 137
957 859
698 411
930 197
159 70
743 211
784 260
798 380
344 486
444 286
978 238
40 29
736 200
890 582
680 877
4 960
748 977
467 50
330 744
577 42
31 787
635 399
790 436
174 223
769 741
882 926
922 547
801 136
98 827
780 523
83 437
844 358
265 697
763 725
309 981
861 77
270 634
5 493
362 444
540 357
988 358
836 697
56 59
837 389
697 977
98 129
60 457
982 218
203 4
774 48
675 474
552 577
309 381
255 102
508 41
174 749
704 401
591 447
540 210
477 225
186 372
137 730
937 638
23 802
929 582
306 977
934 695
570 901
704 273
661 961
297 351
1000 388
507 256
807 92
665 735
179 508
131 191
925 844
919 665
880 42
516 194
435 218
114 878
305 359
775 265
574 71
913 423
704 662
756 788
251 464
938 798
833 888
795 6
810 647
487 630
110 547
946 332
507 756
580 867
909 707
35 631
331 804
485 83
223 507
740 117
869 949
255 840
767 630
725 709
334 574
862 33
919 453
872 15
999 855
304 915
695 12
330 801
453 730
390 79
535 410
382 35
223 263
765 826
30 942
528 633
107 757
931 73
566 723
722 171
653 292
961 42
792 768
879 768
598 392
896 216
14 272
91 866
940 694
253 256
261 894
746 397
988 244
915 196
288 87
428 903
506 5
866 650
985 830
148 778
19 435
552 892
436 779
203 726
396 238
207 583
453 937
313 915
979 850
111 486
70 308
722 428
54 378
32 855
91 363
12 667
466 622
234 708
238 354
973 619
803 627
924 790
147 650
673 90
38 165
632 171
342 2
197 843
960 531
53 769
7 964
792 597
746 532
44 742
296 329
433 212
63 907
742 948
842 238
761 984
275 622
163 997
952 159
27 131
454 132
956 648
906 594
28 630
53 621
240 876
978 154
167 480
889 506
595 491
288 416
534 725
379 113
763 702
229 303
613 335
531 88
262 751
654 944
901 888
264 821
424 114
98 819
707 965
851 551
591 955
359 0
400 441
508 654
661 486
109 522
571 229
890 609
167 391
165 870
347 36
450 893
538 181
609 36
489 800
3 758
651 573
786 246
403 596
634 733
180 246
117 781
802 924
619 521
930 561
864 652
149 517
780 794
414 501
784 574
503 878
45 136
23 847
163 835
598 296
378 651
777 111
164 739
325 69
67 488
43 576
781 615
32 164
672 796
636 769
706 733
794 707
958 55
926 287
602 604
660 151
835 718
932 915
736 83
968 551
510 416
837 284
572 249
407 813
173 52
818 918
319 46
519 6
605 990
461 219
884 122
912 597
515 612
979 12
134 688
651 775
70 87
2 5
816 78
756 640
363 923
934 82
826 533
814 438
51 286
642 976
38 585
261 455
452 497
831 925
741 370
636 693
622 929
830 944
103 607
645 150
297 90
919 10
509 638
173 588
139 557
909 192
237 571
967 101
357 762
588 395
315 834
321 700
96 1000
53 958
723 175
76 848
119 282
191 27
95 862
690 734
375 487
25 361
189 309
615 716
164 606
423 693
14 470
151 63
352 719
651 114
232 958
532 413
74 622
625 67
10 805
331 22
763 945
992 824
325 923
451 71
662 654
259 710
811 739
675 701
954 814
906 327
788 903
599 57
994 742
516 281
781 791
107 813
541 134
767 943
479 798
647 147
369 0
854 466
1 263
748 817
215 325
276 75
961 302
273 244
446 792
141 486
799 53
966 154
263 476
366 748
361 590
132 27
314 478
318 42
386 96
188 105
147 886
449 537
323 427
118 718
985 277
324 120
129 734
172 890
583 821
620 985
917 311
994 301
244 855
958 242
679 113
316 73
284 984
386 110
507 939
748 68
233 971
919 255
194 445
888 547
696 412
798 650
136 667
791 514
517 862
104 659
339 561
514 37
356 627
272 178
584 243
799 367
883 148
579 180
581 478
140 665
496 24
85 710
215 213
794 150
746 260
411 831
436 491
0 775
747 434
445 951
299 768
278 167
819 445
874 908
421 429
600 306
950 724
400 320
600 531
133 22
405 538
630 169
97 823
916 937
232 1
648 868
430 191
124 841
999 571
238 456
227 692
963 171
625 748
798 503
98 856
403 173
61 591
712 267
954 506
174 205
406 747
303 702
749 985
685 463
50 687
924 980
786 797
387 451
94 406
214 125
479 311
913 868
675 981
922 550
565 671
86 343
139 187
682 184
181 629
996 316
885 453
19 735
681 103
170 957
917 271
422 78
97 845
727 405
305 29
766 987
686 942
920 162
981 816
117 758
399 261
744 610
577 824
902 876
949 318
85 2
499 228
885 957
320 162
828 411
371 557
26 757
39 428
40 235
324 800
566 869
324 963
574 35
750 830
672 557
439 851
367 958
123 517
778 99
179 262
772 681
16 726
205 710
267 631
602 242
442 397
414 614
606 889
461 98
385 59
941 907
818 686
395 491
493 719
492 996
3 780
375 621
459 223
718 278
33 256
866 44
454 485
900 996
397 879
142 540
187 862
348 212
825 82
545 277
533 48
711 310
220 684
762 792
673 562
412 230
630 42
209 973
703 797
854 92
220 759
399 109
386 831
716 747
235 174
310 222
636 484
595 819
131 919
203 418
615 590
890 53
496 230
36 672
494 770
477 203
621 985
344 416
457 671
800 616
840 763
362 410
252 782
416 409
364 509
26 500
517 497
828 150
472 700
193 944
766 522
104 159
230 92
750 348
280 674
347 299
158 479
672 391
814 179
547 82
547 663
274 817
320 312
167 149
938 657
121 442
654 883
324 777
707 285
917 591
577 19
159 662
1000 576
443 934
930 275
318 646
388 569
671 147
457 170
157 346
290 157
769 728
261 299
947 441
65 912
414 438
945 410
446 361
1000 11
240 381
135 905
778 706
43 881
176 837
149 112
243 321
186 842
171 91
900 46
173 213
695 892
540 349
246 901
233 370
208 898
492 998
766 753
981 886
178 22
244 202
22 32
145 314
348 816
747 42
250 875
893 399
1 935
686 681
988 285
729 144
238 869
124 166
886 26
485 517
95 503
851 138
922 100
999 379
245 622
345 245
468 570
828 372
444 194
552 430
558 98
934 913
41 207
905 766
466 367
431 950
545 249
710 341
136 110
271 438
946 607
866 591
492 404
151 181
655 633
454 131
831 138
398 228
232 829
412 645
476 813
800 616
731 659
161 606
35 317
576 397
122 557
674 522
981 831
853 958
658 492
281 40
804 421
45 553
681 143
756 397
118 915
59 202
464 89
259 337
13 421
127 449
610 208
380 367
830 870
320 978
919 873
496 302
757 888
529 822
779 852
373 705
796 82
825 115
623 521
186 773
228 320
471 77
310 99
30 786
659 685
635 401
64 611
534 939
888 205
366 766
29 872
179 464
843 393
412 117
621 566
488 499
73 500
919 306
89 472
832 228
781 997
811 416
212 271
118 406
452 508
560 483
343 925
189 425
97 146
612 585
243 14
162 604
901 522
333 218
13 226
195 764
117 831
386 808
20 364
715 215
695 122
264 231
659 622
791 560
823 518
507 136
82 445
164 425
307 352
237 308
259 957
882 420
625 55
867 74
386 47
349 135
504 963
909 806
607 868
173 940
832 242
16 418
749 734
334 616
573 120
764 105
281 93
710 544
401 879
351 371
355 898
254 757
518 558
881 898
233 911
813 168
258 878
105 699
860 113
848 175
531 322
648 726
970 76
337 676
919 739
474 297
911 229
945 855
76 598
583 29
421 227
976 98
689 847
490 148
271 641
589 707
329 610
855 256
260 705
893 802
28 357
773 26
507 962
454 672
970 432
566 798
196 156
494 445
743 837
613 493
794 475
98 986
775 217
880 968
94 981
597 933
472 605
50 931
557 93
527 900
18 940
276 176
805 21
113 475
866 102
504 637
295 829
387 377
228 245
327 304
594 763
772 207
368 892
374 157
30 382
124 738
714 297
656 495
881 259
564 194
170 291
549 170
613 966
924 200
612 459
933 287
210 653
455 264
818 749
522 700
373 862
97 680
622 996
269 84
715 55
785 901
659 354
830 644
827 480
6 857
706 814
666 589
744 327
957 505
153 218
847 58
473 596
890 451
893 565
989 969
46 163
558 621
273 151
523 159
172 501
295 510
463 214
624 256
904 56
504 73
204 417
510 810
551 539
522 71
679 48
101 827
721 211
118 40
764 489
62 457
133 278
814 337
813 671
361 290
386 139
146 770
487 720
293 129
520 455
55 554
9 938
187 719
464 912
904 947
141 894
465 596
739 470
916 823
129 755
871 415
549 141
365 356
699 848
91 937
776 435
747 887
899 117
897 427
692 115
643 671
33 168
287 672
819 471
142 881
204 426
172 763
216 208
784 55
462 622
520 607
429 319
712 228
590 336
449 306
559 696
709 366
992 20
477 477
4 804
799 223
93 960
884 856
676 287
686 899
285 466
551 768
974 348
343 941
303 944
462 686
672 535
660 913
181 737
158 777
462 18
3 393
947 437
290 216
805 624
282 74
53 633
482 266
840 256
203 938
1 510
318 331
569 413
699 438
473 914
214 63
874 990
97 692
742 963
227 870
899 621
928 45
54 320
172 812
129 828
857 211
538 415
279 987
958 11
663 797
260 235
596 22
678 753
103 860
598 466
926 273
250 586
886 189
847 636
922 901
447 68
855 835
958 572
253 770
576 229
761 586
352 710
830 808
320 758
67 700
17 736
910 811
227 232
635 332
485 401
448 969
992 1
304 844
70 421
803 735
20 113
72 407
364 919
807 746
430 851
548 542
363 965
235 38
475 281
929 378
377 582
981 706
539 910
491 915
82 734
349 52
851 462
423 12
322 140
675 480
489 147
899 738
481 456
200 117
139 5
521 8
726 631
118 842
655 947
504 400
114 161
577 713
188 170
99 754
86 857
596 256
180 947
225 5
50 177
524 174
566 805
224 203
387 519
235 781
965 88
297 6
392 761
207 459
705 378
637 382
207 692
780 210
921 626
268 176
581 219
256 148
662 725
311 415
972 798
224 572
556 949
900 223
189 743
359 25
482 190
427 884
26 917
523 41
394 514
741 13
948 858
632 499
744 754
384 832
475 426
237 561
105 847
298 760
787 14
330 328
855 158
452 83
476 447
176 289
789 128
704 499
671 805
622 283
179 364
40 989
131 559
650 633
215 89
685 133
28 241
858 485
233 404
972 237
880 832
951 95
940 934
485 746
952 505
108 733
462 503
50 314
900 410
987 673
817 477
78 897
937 602
247 405
443 420
195 486
846 664
366 308
80 582
13 828
563 25
91 45
810 336
451 826
954 134
824 87
71 767
146 358
815 602
636 24
118 519
891 837
83 690
374 187
987 853
438 919
194 5
856 759
59 270
866 786
683 23
364 820
206 393
692 582
965 477
780 779
65 927
155 43
986 602
702 519
74 340
680 293
250 374
742 552
926 205
496 660
775 138
294 971
300 183
32 256
972 738
875 23
97 835
665 441
159 365
735 545
245 427
353 795
380 808
639 74
831 589
991 941
833 633
786 891
233 637
679 52
719 191
54 205
317 930
193 423
927 835
404 599
146 516
544 700
354 855
963 727
575 506
203 140
437 568
112 300
407 795
609 410
108 241
695 764
750 484
108 307
652 377
410 795
902 467
645 400
819 701
146 56
333 183
153 693
989 397
251 712
33 223
822 842
80 28
99 711
890 211
909 41
587 217
127 917
807 912
812 67
919 684
852 169
311 711
427 143
891 665
466 226
902 434
534 88
808 874
377 230
574 105
633 807
610 282
566 567
356 78
648 266
748 274
531 449
6 198
426 984
839 847
365 520
977 364
245 748
36 33
176 819
8 716
707 163
239 918
359 974
80 68
508 922
314 477
891 539
551 962
640 349
425 361
802 198
804 215
570 902
264 687
531 847
670 722
686 506
341 612
813 180
295 726
552 793
492 829
382 955
565 998
863 68
248 362
443 138
68 488
465 736
262 889
678 198
195 179
328 323
139 975
154 941
920 158
166 336
164 479
709 931
839 654
801 281
436 313
615 380
105 319
133 710
355 53
320 810
63 726
352 760
272 957
683 410
906 712
90 421
484 407
901 562
188 76
159 187
386 690
618 333
942 899
393 181
106 71
905 923
486 438
757 283
38 563
87 11
805 18
664 993
129 935
375 74
453 441
262 675
23 173
938 807
885 733
237 459
474 572
643 891
194 718
246 111
287 222
415 393
197 621
221 461
848 636
292 81
975 667
851 957
782 354
378 405
3 703
73 83
991 892
417 870
318 329
12 29
825 211
355 660
992 884
79 498
760 831
447 417
636 295
626 857
576 47
887 534
184 492
903 94
365 883
112 709
255 588
125 777
4 63
617 979
734 799
559 182
702 523
485 11
220 170
886 303
96 200
972 468
387 423
397 173
274 319
523 108
238 778
63 192
574 523
608 799
734 520
140 431
553 811
150 127
41 886
634 619
988 972
275 351
721 510
952 46
277 412
1000 229
799 566
153 212
603 532
480 373
670 986
567 272
301 174
17 925
439 886
232 665
12 308
26 272
409 422
130 717
550 602
997 745
453 5
408 593
863 192
655 711
458 297
933 39
155 419
224 517
162 479
469 609
532 143
468 470
89 243
88 162
788 665
979 186
40 204
461 193
756 36
473 895
391 277
459 428
820 501
689 836
832 687
343 496
609 204
708 55
14 690
854 626
261 863
634 869
90 685
345 843
391 844
79 347
365 469
220 668
508 155
373 914
224 275
764 199
385 99
91 710
761 407
922 824
922 448
974 450
10 844
862 543
197 331
383 778
993 419
710 101
567 398
756 116
325 710
637 253
612 909
449 677
986 196
62 857
917 855
468 90
699 687
628 180
383 561
554 202
572 820
225 524
69 227
721 8
882 583
403 850
321 97
263 317
920 340
722 801
755 742
828 448
434 68
379 792
119 458
239 781
116 601
395 959
797 170
838 856
166 380
217 364
42 773
965 309
738 472
43 219
512 58
156 180
51 483
847 930
720 420
598 394
158 607
606 863
307 993
713 346
662 365
88 845
965 753
242 120
911 910
263 899
721 473
89 783
690 189
475 784
192 114
100 845
112 682
732 154
810 38
123 585
577 417
125 348
314 669
426 870
956 399
496 41
387 80
278 136
792 260
257 128
833 461
956 81
6 174
765 494
310 283
996 607
684 664
325 986
749 654
1000 825
641 387
31 935
420 710
432 336
336 530
365 409
487 723
18 293
87 801
682 447
704 713
818 337
444 562
528 256
545 986
392 271
410 825
939 708
447 578
58 756
620 974
733 184
221 182
298 892
474 809
862 11
116 670
191 958
663 671
114 81
615 491
335 673
619 963
115 802
28 198
233 266
637 411
841 244
913 614
87 37
297 821
1 180
232 619
25 804
120 528
793 478
367 401
156 446
957 502
430 661
802 788
13 278
898 292
964 714
968 238
287 865
453 73
811 738
775 127
590 343
191 123
614 538
81 949
124 895
466 868
489 685
991 611
38 257
99 555
312 495
399 822
235 321
89 941
769 74
913 411
588 344
828 157
950 603
285 523
714 567
772 667
343 951
178 187
154 856
160 316
682 670
494 299
377 531
182 716
528 999
991 411
390 24
703 989
888 599
926 838
453 394
951 236
29 43
399 150
369 536
823 394
561 328
443 794
710 214
367 176
177 376
225 396
335 736
881 698
906 874
752 38
213 732
489 622
420 244
988 853
211 1000
199 781
383 903
129 348
32 556
38 445
869 471
475 211
312 158
723 478
994 830
282 130
536 925
309 855
52 694
784 20
590 923
423 576
202 44
913 941
818 19
283 239
744 611
510 670
582 351
346 601
23 827
957 485
466 188
839 163
944 827
645 868
604 360
228 340
867 753
304 290
369 921
388 816
959 775
19 638
152 225
981 682
527 244
934 168
834 409
425 482
681 37
857 741
828 917
118 564
605 376
944 352
495 883
576 617
256 867
520 578
974 211
209 403
418 607
957 895
838 651
736 777
788 571
768 371
546 124
639 732
349 158
196 631
453 406
362 977
179 499
664 745
909 819
160 228
582 411
638 50
806 312
73 238
830 517
372 935
794 834
890 481
129 329
497 743
72 991
834 883
479 877
279 107
706 707
793 528
425 922
76 187
975 644
979 857
852 66
143 60
587 796
985 189
379 686
998 612
435 540
474 883
442 116
783 786
498 586
223 884
150 883
290 27
321 454
469 40
737 480
683 599
410 299
510 338
66 872
85 409
599 877
537 470
204 872
865 306
628 606
137 195
595 155
718 979
790 412
735 410
18 590
617 19
201 728
984 807
439 152
129 392
854 193
827 606
412 374
898 272
742 453
61 231
231 72
645 598
960 468
771 550
162 505
197 259
697 583
494 449
204 511
217 513
439 726
317 862
137 178
536 124
420 169
771 326
922 70
867 145
589 648
820 922
864 721
278 453
414 362
687 152
134 453
450 454
728 568
334 609
361 653
434 860
374 760
878 640
881 617
756 972
580 950
566 848
291 672
228 551
246 362
259 607
340 717
546 690
768 363
535 649
668 723
857 869
932 635
561 901
145 74
837 394
219 398
189 803
544 449
176 780
707 921
109 911
291 525
375 135
849 803
189 484
823 17
37 299
506 618
975 891
897 5
139 30
364 905
146 786
146 266
814 736
855 754
556 240
193 81
994 867
983 688
142 968
915 595
862 700
52 809
179 943
593 725
610 979
40 854
192 151
421 758
819 794
955 976
939 523
457 87
903 84
644 398
554 509
94 684
425 949
560 853
642 110
230 647
60 914
905 39
283 446
124 967
373 393
228 573
968 878
66 736
22 675
315 864
199 79
591 930
269 746
990 370
689 805
436 9
960 997
365 964
843 682
390 58
585 724
379 744
214 745
848 200
352 126
312 279
794 776
589 446
659 349
713 889
724 863
941 939
455 500
157 429
223 758
596 823
994 390
39 236
577 926
365 833
178 261
213 813
868 569
813 119
436 202
794 521
284 876
822 888
206 114
610 957
159 27
703 152
83 155
49 973
653 429
633 906
363 834
152 381
537 923
428 975
410 47
124 639
201 720
708 851
603 13
994 627
842 726
325 432
252 858
755 805
909 705
617 804
911 362
558 773
465 957
182 765
76 184
24 734
898 124
2 506
740 395
683 520
439 320
969 925
273 292
544 476
195 324
446 257
586 487
559 133
763 178
1 588
582 401
260 163
339 700
373 251
392 210
500 377
594 235
645 494
968 24
506 645
243 493
764 122
190 374
402 812
891 393
321 334
769 367
479 31
40 762
454 242
995 313
160 610
148 243
34 479
523 397
261 658
133 113
644 731
869 333
725 750
267 892
447 677
175 994
883 49
552 944
650 834
669 31
95 559
112 590
801 973
711 962
162 868
223 543
180 174
487 611
730 425
795 921
444 178
310 676
995 261
702 225
676 371
275 316
861 974
89 186
129 668
890 954
52 727
347 841
240 921
891 397
690 332
94 171
48 35
591 337
877 366
813 983
906 589
269 150
738 415
324 565
654 85
618 504
243 115
131 85
669 573
971 266
903 139
32 855
281 249
37 321
313 857
916 329
848 391
895 842
675 321
193 565
313 704
457 812
533 849
197 247
739 525
431 825
785 486
851 612
180 79
312 42
581 634
472 174
794 234
112 207
893 123
600 485
270 836
257 610
615 61
17 563
155 979
277 244
344 820
878 397
191 376
141 651
960 300
55 693
582 641
38 631
421 331
478 909
565 176
230 615
43 189
101 24
177 939
686 24
635 563
253 161
465 367
463 405
742 67
655 149
653 807
350 689
18 834
325 72
706 486
160 735
298 196
546 992
126 620
102 639
851 282
208 762
937 742
457 292
984 342
214 186
706 492
740 634
729 277
269 43
803 837
108 660
847 353
148 432
681 779
23 447
646 189
852 395
289 646
289 349
580 363
361 298
163 823
568 94
275 249
307 141
117 777
17 889
10 742
262 986
887 269
767 71
283 861
401 865
211 471
872 593
366 99
521 976
713 643
393 754
863 335
10 179
198 238
878 764
117 437
64 868
305 292
800 594
908 532
460 651
834 828
274 961
180 831
160 136
680 954
189 191
393 8
158 5
120 61
764 336
36 455
801 670
936 980
376 605
134 197
885 961
952 210
671 724
131 187
587 30
617 692
863 947
218 404
365 104
895 461
460 354
942 105
290 313
55 286
611 279
801 378
742 198
372 620
649 853
140 289
570 666
87 348
14 439
83 812
573 957
477 607
671 762
424 748
418 561
706 489
813 627
78 321
250 369
88 885
995 960
284 219
301 76
400 597
594 425
10 935
657 514
784 30
797 864
757 642
324 769
599 450
729 168
702 970
909 500
738 65
289 75
464 33
523 214
362 898
575 918
594 824
645 567
545 553
571 769
626 805
79 623
304 521
169 651
283 8
484 640
520 400
247 688
524 569
5 146
454 308
453 927
291 623
55 682
144 638
869 878
505 825
516 416
670 843
641 106
583 837
497 994
354 420
900 426
663 505
364 233
650 436
610 717
806 920
527 316
694 388
903 522
315 41
748 320
271 320
801 731
766 884
31 485
425 952
218 593
705 657
359 111
499 449
472 531
930 270
989 35
260 209
850 12
605 830
497 888
190 538
765 250
478 320
713 277
65 762
590 577
322 451
153 322
295 22
587 658
414 705
648 694
282 648
630 881
143 909
208 368
446 965
957 481
785 868
114 76
200 871
334 26
831 175
981 419
763 714
51 84
237 513
774 179
446 199
762 403
658 83
760 790
574 967
209 807
517 259
222 253
593 639
403 918
74 860
206 115
392 96
228 271
96 4
874 159
20 674
91 566
815 219
914 849
720 615
280 492
687 488
897 145
855 513
799 110
986 51
310 648
774 233
326 135
40 398
488 357
127 517
47 781
576 690
57 191
751 196
117 290
209 254
895 266
726 815
719 642
570 65
35 660
836 381
274 199
99 430
451 598
819 487
794 2
25 468
689 49
288 803
123 412
178 180
936 498
587 846
165 277
273 291
328 117
654 821
851 145
167 698
158 876
620 521
612 190
833 132
671 382
269 592
376 91
161 404
313 552
822 794
728 434
977 146
315 31
965 346
116 65
603 525
995 722
15 633
319 753
299 356
944 918
42 403
313 773
539 8
927 827
481 375
621 503
983 516
98 433
474 668
362 43
949 994
696 453
290 576
19 8
175 693
877 371
460 647
12 405
528 524
466 543
368 163
934 358
873 654
705 768
263 77
616 889
567 788
860 283
919 532
252 55
1000 142
155 169
504 912
433 289
925 874
554 30
944 808
150 229
943 142
460 231
946 109
763 624
552 478
651 947
3 976
368 920
642 593
885 956
676 544
178 247
437 778
169 344
604 280
617 313
962 566
634 703
468 576
204 574
66 629
294 124
83 801
839 735
871 515
750 233
688 324
138 916
258 428
863 557
407 612
981 123
412 426
958 494
244 992
191 482
512 85
564 317
89 317
508 494
892 757
839 10
854 336
602 514
532 107
994 323
29 36
26 462
985 1
332 64
590 761
308 605
508 787
828 279
813 1
827 613
95 926
604 656
839 961
646 91
789 911
626 814
658 220
894 730
248 15
595 942
25 566
694 750
654 956
39 950
667 921
349 790
912 48
305 874
140 460
649 856
275 649
410 481
113 250
776 983
89 330
509 78
631 823
307 340
375 295
309 82
751 40
890 45
365 190
861 178
84 73
125 156
490 437
187 213
39 494
521 487
240 131
252 279
392 977
553 146
598 514
0 282
541 457
541 214
992 541
841 387
611 401
824 470
652 713
463 193
683 479
635 283
966 16
160 52
485 700
754 723
536 868
77 151
401 490
27 660
388 285
438 26
40 840
964 640
745 764
240 924
546 549
29 469
916 873
64 690
417 100
906 655
376 512
127 199
339 77
766 509
274 174
378 850
200 116
547 892
400 629
856 343
116 5
878 204
137 582
821 449
402 294
83 879
293 743
384 689
243 140
620 32
869 241
199 961
924 24
957 538
689 587
547 31
652 626
613 621
497 480
949 890
750 20
403 530
915 471
960 507
20 683
262 879
884 383
445 177
852 719
200 157
790 827
626 837
438 27
736 955
944 576
22 37
756 922
831 156
572 203
498 232
966 618
1000 189
7 753
593 648
681 149
939 604
355 475
980 889
85 914
788 320
653 473
848 142
266 970
741 670
699 149
269 573
417 222
716 657
900 452
400 776
24 13
924 722
526 803
204 823
858 305
534 277
489 604
899 672
88 490
437 93
413 559
26 129
120 102
719 374
41 92
902 272
217 127
982 561
50 568
102 594
79 700
541 750
707 341
248 522
585 611
358 463
456 433
183 905
306 69
749 306
552 361
113 302
642 88
476 211
975 580
647 872
388 888
747 555
314 325
760 753
156 992
911 301
690 409
612 351
186 565
301 808
291 74
309 826
458 72
406 150
810 237
532 37
794 3
608 766
102 403
363 774
164 46
66 410
7 845
45 452
476 586
331 790
561 181
820 883
223 866
376 266
858 555
644 910
814 65
384 694
239 821
183 210
159 65
135 588
21 65
39 815
789 778
99 991
991 240
145 257
937 180
233 101
296 433
49 773
85 618
134 377
368 238
969 137
92 863
321 211
747 436
375 659
398 948
129 973
742 361
339 236
468 369
252 451
0 253
949 175
402 385
991 89
127 9
952 479
90 474
602 345
545 336
920 28
655 856
728 950
471 269
983 380
2 311
231 176
683 875
867 59
885 864
971 795
354 818
101 385
133 38
533 349
676 40
317 892
84 193
238 749
736 72
127 720
964 828
401 956
653 467
63 545
805 840
458 964
466 251
188 934
627 149
289 34
145 27
766 285
738 379
603 284
614 827
182 325
612 37
803 46
528 289
772 97
845 781
506 59
523 388
950 61
40 560
945 922
573 870
308 627
140 302
284 677
945 54
212 523
726 351
127 768
176 384
596 592
776 34
794 839
516 123
196 804
682 581
411 579
198 851
193 760
612 885
647 547
529 89
20 535
286 180
920 265
216 828
984 480
511 338
172 906
748 652
309 875
911 6
760 672
653 49
616 26
660 355
200 149
632 696
569 171
968 692
796 895
23 661
738 533
479 93
243 159
37 974
338 265
616 870
207 32
560 687
109 170
565 24
980 338
122 261
483 647
516 327
219 707
24 831
523 736
401 512
388 213
418 614
336 753
985 960
630 965
590 422
221 986
371 966
591 816
231 85
911 497
987 328
217 219
632 435
853 868
673 52
785 809
444 266
822 174
340 810
989 486
293 112
168 364
845 305
388 127
250 576
86 636
413 253
104 893
250 481
765 372
456 415
928 498
305 92
524 496
118 481
960 887
720 190
533 693
680 588
574 660
550 675
222 0
718 765
618 772
184 908
854 667
154 779
314 608
185 511
941 188
926 218
964 882
286 787
781 682
828 76
504 83
507 510
593 274
31 482
934 847
830 543
967 551
389 557
204 179
190 144
780 557
700 858
368 9
141 93
946 541
279 71
34 493
970 993
821 73
558 516
116 162
591 50
766 521
37 849
705 624
424 767
200 699
171 47
259 760
521 169
646 450
580 483
651 286
49 354
220 798
588 71
681 148
845 942
879 555
146 294
903 738
707 72
736 645
399 279
814 43
13 527
127 567
395 214
206 938
774 297
280 211
126 185
381 206
962 712
662 286
219 474
107 65
326 46
445 229
675 634
589 533
388 43
835 64
77 873
466 49
188 709
439 886
834 373
420 126
335 792
168 717
714 795
837 951
270 939
545 36
35 471
792 956
45 500
789 97
421 520
765 354
723 245
122 714
840 881
22 589
198 63
398 273
403 638
508 680
713 858
604 918
395 118
535 218
714 830
465 309
850 286
820 667
317 847
714 676
766 657
471 172
149 983
499 157
567 745
871 490
53 775
786 840
712 825
450 352
137 957
89 165
172 547
799 25
846 603
377 215
778 104
599 546
100 495
608 140
403 810
129 641
657 665
61 864
451 594
0 57
955 855
5 911
202 400
570 327
505 89
362 556
307 914
57 683
184 486
583 703
518 820
23 989
483 134
769 825
754 719
96 483
466 500
679 863
941 804
711 496
642 653
776 610
742 699
586 310
83 190
167 156
897 782
639 153
247 573
738 583
417 707
242 329
345 565
602 640
860 456
966 420
851 405
696 887
891 834
746 976
161 572
841 362
305 803
224 17
520 562
810 265
217 485
481 673
91 42
942 129
819 926
165 909
270 202
876 774
556 759
927 643
678 601
979 559
389 40
78 52
808 216
962 169
560 940
792 536
4 297
260 691
526 177
780 5
308 507
320 857
734 77
20 231
445 943
519 238
575 568
664 308
445 781
212 15
324 110
909 507
354 142
116 497
247 585
459 257
877 932
750 309
430 981
794 95
658 680
408 686
416 569
354 166
164 46
771 678
567 741
449 549
138 766
181 917
514 817
734 493
735 159
123 460
724 873
310 751
789 919
844 39
614 492
501 424
207 374
949 651
600 556
371 256
926 432
228 672
20 807
626 495
146 836
957 226
237 937
807 758
642 1
516 518
159 299
248 671
314 870
868 522
149 518
13 6
69 997
406 90
273 442
261 676
129 667
763 245
516 675
129 22
972 544
866 331
77 355
128 464
966 422
777 934
378 883
826 852
460 557
912 386
643 154
370 784
358 52
366 20
85 776
634 827
250 791
373 40
20 70
143 212
638 805
129 373
816 769
300 871
117 262
440 372
751 838
721 1000
18 335
80 739
70 149
396 88
37 244
89 329
270 27
810 46
485 219
800 372
1 346
706 886
376 839
18 602
826 846
823 76
50 252
529 477
285 151
590 488
151 254
371 423
549 896
252 936
63 738
562 105
664 10
422 993
406 192
133 481
918 344
877 146
776 456
302 267
789 347
240 805
777 503
737 227
617 777
863 0
914 495
817 205
170 57
61 312
536 761
114 942
193 408
780 550
311 328
918 535
774 249
751 679
266 611
497 999
281 546
690 827
416 582
87 689
875 338
739 224
868 689
147 962
113 975
566 554
664 616
412 850
606 578
787 720
122 876
831 399
712 160
802 33
217 587
464 210
476 890
187 228
929 419
902 934
582 589
48 763
608 166
501 347
548 293
381 516
413 448
260 694
784 495
306 17
70 251
202 560
240 565
447 81
31 357
784 822
519 369
490 79
981 111
292 639
532 755
309 653
771 150
59 825
474 469
198 661
529 715
401 47
63 771
718 514
755 709
976 860
816 545
880 305
286 78
450 882
938 22
303 852
357 684
294 25
396 980
764 370
160 547
449 894
378 532
142 581
465 456
286 711
711 600
288 983
401 181
599 315
386 114
990 652
559 715
181 256
133 363
491 173
212 630
302 756
51 253
820 872
236 25
533 677
284 304
324 500
40 109
521 194
997 502
300 997
462 172
876 863
190 156
959 854
138 439
966 291
12 28
562 297
406 476
430 731
658 489
627 431
650 695
491 200
789 494
627 460
598 432
444 331
449 978
942 280
306 726
437 71
73 162
553 981
890 829
849 626
85 865
735 969
501 951
945 178
680 11
309 887
522 793
551 253
938 917
1000 617
400 91
819 864
794 140
833 421
420 344
522 858
683 318
93 657
493 946
86 801
630 215
664 861
635 202
244 23
563 416
161 654
29 848
530 141
754 935
150 854
481 822
295 356
982 125
321 631
740 643
485 662
442 88
698 934
936 695
576 844
883 711
814 993
